400
14.0	36.0	-2.031976292397238	0.0	0.12217304763960307	15.0	20.0	-1.1593116664000733	0.0	0.0	18.492210313931555	28.24951314462072	3.029478538386318	0.8333333333333333	0.0	
14.0	36.0	-2.031976292397238	0.0	0.12217304763960307	15.0	20.0	-1.1593116664000733	0.0	0.0	19.740262892414442	24.311891430775905	-2.904640918394403	1.1111111111111112	0.0	
14.0	36.0	-2.031976292397238	0.0	0.12217304763960307	15.0	20.0	-1.1593116664000733	0.0	0.0	19.740262892414442	24.311891430775905	3.1167450009860342	0.8333333333333333	0.0	
14.0	36.0	-2.031976292397238	0.0	0.12217304763960307	15.0	20.0	-1.1593116664000733	0.0	0.0	18.242210313931555	32.24951314462072	-2.9919073809941192	0.8333333333333333	0.0	
27.0	17.0	2.029991274443927	0.0	-0.017453292519943295	15.0	25.0	2.9026559004410917	0.8333333333333333	0.0	18.226499018873856	16.83974852831078	0.8955272606476132	0.5555555555555556	0.0	
27.0	17.0	2.029991274443927	0.0	-0.017453292519943295	15.0	25.0	2.9026559004410917	0.8333333333333333	0.0	22.335899411324313	16.50384911698647	1.1573266484467624	0.5555555555555556	0.0	
27.0	17.0	2.029991274443927	0.0	-0.017453292519943295	15.0	25.0	2.9026559004410917	0.8333333333333333	0.0	13.890599607549543	23.335899411324313	0.8955272606476132	0.2777777777777778	0.0	
27.0	17.0	2.029991274443927	0.0	-0.017453292519943295	15.0	25.0	2.9026559004410917	0.8333333333333333	0.0	15.781199215099086	19.671798822648626	1.070060185847046	0.5555555555555556	0.0	
14.0	32.0	-0.7853981633974483	0.0	-0.13962634015954636	33.0	13.0	-0.43633231299858233	1.9444444444444444	0.0	31.785533905932738	21.285533905932738	-2.356194490192345	1.3888888888888888	0.0	
14.0	32.0	-0.7853981633974483	0.0	-0.13962634015954636	33.0	13.0	-0.43633231299858233	1.9444444444444444	0.0	29.664213562373096	19.164213562373096	-2.181661564992912	0.2777777777777778	0.0	
14.0	32.0	-0.7853981633974483	0.0	-0.13962634015954636	33.0	13.0	-0.43633231299858233	1.9444444444444444	0.0	35.82842712474619	15.82842712474619	-2.5307274153917776	0.2777777777777778	0.0	
14.0	32.0	-0.7853981633974483	0.0	-0.13962634015954636	33.0	13.0	-0.43633231299858233	1.9444444444444444	0.0	30.371320343559642	19.871320343559642	-2.356194490192345	0.2777777777777778	0.0	
32.0	13.0	-2.9704531529913885	0.0	-0.06981317007977318	10.0	15.0	-2.883186690391672	0.8333333333333333	0.0	26.228392761872446	10.512320380596888	1.3056035143947184	0.8333333333333333	0.0	
32.0	13.0	-2.9704531529913885	0.0	-0.06981317007977318	10.0	15.0	-2.883186690391672	0.8333333333333333	0.0	9.547321269787407	10.020533967661482	1.4801364395941512	0.8333333333333333	0.0	
32.0	13.0	-2.9704531529913885	0.0	-0.06981317007977318	10.0	15.0	-2.883186690391672	0.8333333333333333	0.0	26.31892850791496	11.508213587064592	1.5674029021938676	0.5555555555555556	0.0	
32.0	13.0	-2.9704531529913885	0.0	-0.06981317007977318	10.0	15.0	-2.883186690391672	0.8333333333333333	0.0	9.818928507914963	13.008213587064592	1.3056035143947184	0.2777777777777778	0.0	
27.0	16.0	2.9071085617928674	0.0	0.017453292519943295	15.0	20.0	2.819842099193151	1.3888888888888888	0.0	13.418861169915811	15.256583509747431	1.4235786975976872	0.2777777777777778	0.0	
27.0	16.0	2.9071085617928674	0.0	0.017453292519943295	15.0	20.0	2.819842099193151	1.3888888888888888	0.0	14.367544467966324	18.102633403898974	1.2490457723982544	0.5555555555555556	0.0	
27.0	16.0	2.9071085617928674	0.0	0.017453292519943295	15.0	20.0	2.819842099193151	1.3888888888888888	0.0	23.367544467966326	15.102633403898972	1.2490457723982544	0.5555555555555556	0.0	
27.0	16.0	2.9071085617928674	0.0	0.017453292519943295	15.0	20.0	2.819842099193151	1.3888888888888888	0.0	20.367544467966326	16.102633403898974	1.2490457723982544	0.2777777777777778	0.0	
27.0	37.0	-1.2781344750054129	0.0	-0.10471975511965977	32.0	13.0	-0.8418021620068306	2.2222222222222223	0.0	34.39490209868802	26.019771270560003	-2.848930801800309	1.3888888888888888	0.0	
27.0	37.0	-1.2781344750054129	0.0	-0.10471975511965977	32.0	13.0	-0.8418021620068306	2.2222222222222223	0.0	33.686941259212816	19.611862762336003	-2.9361972644000254	0.5555555555555556	0.0	
27.0	37.0	-1.2781344750054129	0.0	-0.10471975511965977	32.0	13.0	-0.8418021620068306	2.2222222222222223	0.0	36.89490209868802	14.019771270560005	-2.848930801800309	0.2777777777777778	0.0	
27.0	37.0	-1.2781344750054129	0.0	-0.10471975511965977	32.0	13.0	-0.8418021620068306	2.2222222222222223	0.0	30.20796083947521	31.407908508224	-3.0234637269997418	0.2777777777777778	0.0	
14.0	27.0	-1.1902899496825317	0.0	-0.017453292519943295	35.0	18.0	0.11870698931321533	1.1111111111111112	0.0	31.325677194316672	23.92658012007223	-2.1502210382794127	1.1111111111111112	0.0	
14.0	27.0	-1.1902899496825317	0.0	-0.017453292519943295	35.0	18.0	0.11870698931321533	1.1111111111111112	0.0	30.537838597158334	22.088290060036115	-2.1502210382794127	0.2777777777777778	0.0	
14.0	27.0	-1.1902899496825317	0.0	-0.017453292519943295	35.0	18.0	0.11870698931321533	1.1111111111111112	0.0	31.325677194316672	23.92658012007223	-1.97568811307998	0.8333333333333333	0.0	
14.0	27.0	-1.1902899496825317	0.0	-0.017453292519943295	35.0	18.0	0.11870698931321533	1.1111111111111112	0.0	25.287838597158334	24.338290060036115	-2.0629545756796963	0.2777777777777778	0.0	
26.0	31.0	-2.319494946405315	0.0	-0.15707963267948966	17.0	14.0	-1.2722973952087173	0.8333333333333333	0.0	23.66893958173531	15.910561397904836	2.4801604965790913	1.3888888888888888	0.0	
26.0	31.0	-2.319494946405315	0.0	-0.15707963267948966	17.0	14.0	-1.2722973952087173	0.8333333333333333	0.0	23.66893958173531	15.910561397904836	2.5674269591788077	0.8333333333333333	0.0	
26.0	31.0	-2.319494946405315	0.0	-0.15707963267948966	17.0	14.0	-1.2722973952087173	0.8333333333333333	0.0	28.16893958173531	24.410561397904836	2.829226346977957	0.2777777777777778	0.0	
26.0	31.0	-2.319494946405315	0.0	-0.15707963267948966	17.0	14.0	-1.2722973952087173	0.8333333333333333	0.0	18.767575832694124	13.064224559161934	2.5674269591788077	0.5555555555555556	0.0	
28.0	13.0	2.775706078518642	0.0	0.17453292519943295	13.0	22.0	1.8157749899217608	2.5	0.0	19.471008489144946	15.785014148574911	1.2049097517237453	0.2777777777777778	0.0	
28.0	13.0	2.775706078518642	0.0	0.17453292519943295	13.0	22.0	1.8157749899217608	2.5	0.0	18.95651273371742	14.927521222862367	1.1176432891240289	0.5555555555555556	0.0	
28.0	13.0	2.775706078518642	0.0	0.17453292519943295	13.0	22.0	1.8157749899217608	2.5	0.0	15.721008489144948	18.035014148574913	0.9431103639245961	0.2777777777777778	0.0	
28.0	13.0	2.775706078518642	0.0	0.17453292519943295	13.0	22.0	1.8157749899217608	2.5	0.0	18.442016978289896	14.070028297149822	0.8558439013248798	0.2777777777777778	0.0	
22.0	15.0	1.2436140732001988	0.0	0.13962634015954636	24.0	28.0	1.8544793113982134	2.5	0.0	21.03488490704815	28.456171552761823	0.021883596804167738	0.8333333333333333	0.0	
22.0	15.0	1.2436140732001988	0.0	0.13962634015954636	24.0	28.0	1.8544793113982134	2.5	0.0	18.54651320939753	18.858228737015764	-0.32718225359469777	1.1111111111111112	0.0	
22.0	15.0	1.2436140732001988	0.0	0.13962634015954636	24.0	28.0	1.8544793113982134	2.5	0.0	18.058141511746914	22.260285921269706	-0.06538286579554864	1.3888888888888888	0.0	
22.0	15.0	1.2436140732001988	0.0	0.13962634015954636	24.0	28.0	1.8544793113982134	2.5	0.0	19.53488490704815	18.706171552761823	-0.15264932839526502	0.5555555555555556	0.0	
34.0	36.0	-3.1089567829945244	0.0	0.10471975511965977	10.0	18.0	-2.6726244699959416	0.2777777777777778	0.0	24.4	23.8	2.1270309729884644	0.2777777777777778	0.0	
34.0	36.0	-3.1089567829945244	0.0	0.10471975511965977	10.0	18.0	-2.6726244699959416	0.2777777777777778	0.0	23.8	24.6	2.214297435588181	0.5555555555555556	0.0	
34.0	36.0	-3.1089567829945244	0.0	0.10471975511965977	10.0	18.0	-2.6726244699959416	0.2777777777777778	0.0	19.0	18.5	2.214297435588181	0.5555555555555556	0.0	
34.0	36.0	-3.1089567829945244	0.0	0.10471975511965977	10.0	18.0	-2.6726244699959416	0.2777777777777778	0.0	29.8	29.1	2.039764510388748	0.8333333333333333	0.0	
30.0	18.0	2.6074993066615555	0.0	0.03490658503988659	9.0	36.0	2.4329663814621227	2.5	0.0	10.996043132720157	27.703716988173518	0.9494365172669426	1.1111111111111112	0.0	
30.0	18.0	2.6074993066615555	0.0	0.03490658503988659	9.0	36.0	2.4329663814621227	2.5	0.0	21.496043132720157	18.703716988173518	0.6876371294677934	1.1111111111111112	0.0	
30.0	18.0	2.6074993066615555	0.0	0.03490658503988659	9.0	36.0	2.4329663814621227	2.5	0.0	16.246043132720157	23.203716988173518	0.6876371294677934	0.2777777777777778	0.0	
30.0	18.0	2.6074993066615555	0.0	0.03490658503988659	9.0	36.0	2.4329663814621227	2.5	0.0	22.797625879632093	20.22223019290411	0.9494365172669426	0.2777777777777778	0.0	
24.0	19.0	2.8153894378413753	0.0	0.10471975511965977	15.0	25.0	2.46632358744251	2.2222222222222223	0.0	19.531199215099086	17.171798822648626	0.8955272606476132	0.8333333333333333	0.0	
24.0	19.0	2.8153894378413753	0.0	0.10471975511965977	15.0	25.0	2.46632358744251	2.2222222222222223	0.0	15.031199215099086	20.171798822648626	0.8955272606476132	0.8333333333333333	0.0	
24.0	19.0	2.8153894378413753	0.0	0.10471975511965977	15.0	25.0	2.46632358744251	2.2222222222222223	0.0	15.031199215099086	20.171798822648626	0.8082607980478969	0.5555555555555556	0.0	
24.0	19.0	2.8153894378413753	0.0	0.10471975511965977	15.0	25.0	2.46632358744251	2.2222222222222223	0.0	13.890599607549543	23.335899411324313	0.8082607980478969	0.5555555555555556	0.0	
17.0	28.0	-1.6930633291398767	0.0	0.017453292519943295	20.0	15.0	-0.7331322405429956	2.7777777777777777	0.0	24.1219559784731	19.37429753349379	-2.740260880336475	0.5555555555555556	0.0	
17.0	28.0	-1.6930633291398767	0.0	0.017453292519943295	20.0	15.0	-0.7331322405429956	2.7777777777777777	0.0	20.67317358708386	25.424578520096276	-2.740260880336475	0.8333333333333333	0.0	
17.0	28.0	-1.6930633291398767	0.0	0.017453292519943295	20.0	15.0	-0.7331322405429956	2.7777777777777777	0.0	24.8719559784731	16.12429753349379	-2.740260880336475	0.8333333333333333	0.0	
17.0	28.0	-1.6930633291398767	0.0	0.017453292519943295	20.0	15.0	-0.7331322405429956	2.7777777777777777	0.0	20.44878239138924	21.949719013397516	-2.9147938055359077	0.5555555555555556	0.0	
28.0	13.0	-2.701135109879935	0.0	-0.05235987755982988	4.0	15.0	-2.7884015724796516	1.3888888888888888	0.0	21.83390904029252	11.50690848351024	1.662188020105888	0.5555555555555556	0.0	
28.0	13.0	-2.701135109879935	0.0	-0.05235987755982988	4.0	15.0	-2.7884015724796516	1.3888888888888888	0.0	21.75086356043878	10.510362725265361	1.3131221697070226	0.8333333333333333	0.0	
28.0	13.0	-2.701135109879935	0.0	-0.05235987755982988	4.0	15.0	-2.7884015724796516	1.3888888888888888	0.0	21.75086356043878	10.510362725265361	1.3131221697070226	0.2777777777777778	0.0	
28.0	13.0	-2.701135109879935	0.0	-0.05235987755982988	4.0	15.0	-2.7884015724796516	1.3888888888888888	0.0	21.66781808058504	9.513816967020482	1.400388632306739	0.5555555555555556	0.0	
31.0	18.0	-3.0711469156623616	0.0	-0.10471975511965977	11.0	13.0	3.037505466317791	0.2777777777777778	0.0	21.970142500145332	11.619429999418672	1.9903079151211935	0.8333333333333333	0.0	
31.0	18.0	-3.0711469156623616	0.0	-0.10471975511965977	11.0	13.0	3.037505466317791	0.2777777777777778	0.0	16.970142500145332	10.369429999418672	1.641242064722328	1.1111111111111112	0.0	
31.0	18.0	-3.0711469156623616	0.0	-0.10471975511965977	11.0	13.0	3.037505466317791	0.2777777777777778	0.0	11.485071250072666	11.059714999709335	1.9903079151211935	0.5555555555555556	0.0	
31.0	18.0	-3.0711469156623616	0.0	-0.10471975511965977	11.0	13.0	3.037505466317791	0.2777777777777778	0.0	26.727606875109	13.839572499564005	1.9030414525214772	0.8333333333333333	0.0	
22.0	25.0	-3.0577196155911057	0.0	-0.03490658503988659	10.0	15.0	-1.9232556017947915	2.7777777777777777	0.0	20.280368799328958	20.963557440805246	2.2655346029915995	0.2777777777777778	0.0	
22.0	25.0	-3.0577196155911057	0.0	-0.03490658503988659	10.0	15.0	-1.9232556017947915	2.7777777777777777	0.0	20.92055319899344	20.195336161207873	2.178268140391883	0.5555555555555556	0.0	
22.0	25.0	-3.0577196155911057	0.0	-0.03490658503988659	10.0	15.0	-1.9232556017947915	2.7777777777777777	0.0	11.28036879932896	13.463557440805248	2.4400675281910322	0.5555555555555556	0.0	
22.0	25.0	-3.0577196155911057	0.0	-0.03490658503988659	10.0	15.0	-1.9232556017947915	2.7777777777777777	0.0	16.2009219983224	13.65889360201312	2.352801065591316	1.1111111111111112	0.0	
33.0	36.0	-2.91811605244916	0.0	0.017453292519943295	11.0	31.0	3.103269866931276	1.6666666666666665	0.0	17.164863310766904	29.32460143262562	1.9688058531349624	0.8333333333333333	0.0	
33.0	36.0	-2.91811605244916	0.0	0.017453292519943295	11.0	31.0	3.103269866931276	1.6666666666666665	0.0	22.664863310766904	30.57460143262562	1.7070064653358132	0.2777777777777778	0.0	
33.0	36.0	-2.91811605244916	0.0	0.017453292519943295	11.0	31.0	3.103269866931276	1.6666666666666665	0.0	17.608105517944843	27.3743357210427	1.6197400027360969	1.3888888888888888	0.0	
33.0	36.0	-2.91811605244916	0.0	0.017453292519943295	11.0	31.0	3.103269866931276	1.6666666666666665	0.0	28.164863310766904	31.82460143262562	1.6197400027360969	0.2777777777777778	0.0	
28.0	30.0	-2.4089918517925533	0.0	0.15707963267948966	14.0	15.0	-3.107123552590285	2.7777777777777777	0.0	26.693165804728608	24.203045248919967	2.3033971285921364	0.8333333333333333	0.0	
28.0	30.0	-2.4089918517925533	0.0	0.15707963267948966	14.0	15.0	-3.107123552590285	2.7777777777777777	0.0	21.155276341214346	15.338408748199944	2.477930053791569	1.3888888888888888	0.0	
28.0	30.0	-2.4089918517925533	0.0	0.15707963267948966	14.0	15.0	-3.107123552590285	2.7777777777777777	0.0	15.462110536485739	13.635363499279977	2.5651965163912855	0.5555555555555556	0.0	
28.0	30.0	-2.4089918517925533	0.0	0.15707963267948966	14.0	15.0	-3.107123552590285	2.7777777777777777	0.0	19.693165804728608	16.703045248919967	2.477930053791569	0.5555555555555556	0.0	
32.0	14.0	2.9300396125164303	0.0	-0.05235987755982988	5.0	15.0	2.7555066873169967	2.7777777777777777	0.0	18.38896501847036	11.502055498699699	1.6210426735206829	0.5555555555555556	0.0	
32.0	14.0	2.9300396125164303	0.0	-0.05235987755982988	5.0	15.0	2.7555066873169967	2.7777777777777777	0.0	25.0649416974506	9.253425831166165	1.4465097483212501	0.8333333333333333	0.0	
32.0	14.0	2.9300396125164303	0.0	-0.05235987755982988	5.0	15.0	2.7555066873169967	2.7777777777777777	0.0	25.13896501847036	11.252055498699699	1.7083091361203993	0.5555555555555556	0.0	
32.0	14.0	2.9300396125164303	0.0	-0.05235987755982988	5.0	15.0	2.7555066873169967	2.7777777777777777	0.0	18.42597667898024	12.501370332466466	1.5337762109209665	0.2777777777777778	0.0	
21.0	29.0	-2.5078647807413303	0.0	0.08726646259971647	11.0	27.0	2.989922363040808	1.9444444444444444	0.0	16.98058067569092	23.097096621545397	1.5936589614453442	1.1111111111111112	0.0	
21.0	29.0	-2.5078647807413303	0.0	0.08726646259971647	11.0	27.0	2.989922363040808	1.9444444444444444	0.0	16.58834840541455	25.05825797292724	1.768191886644777	0.8333333333333333	0.0	
21.0	29.0	-2.5078647807413303	0.0	0.08726646259971647	11.0	27.0	2.989922363040808	1.9444444444444444	0.0	19.08834840541455	25.55825797292724	1.6809254240450606	0.8333333333333333	0.0	
21.0	29.0	-2.5078647807413303	0.0	0.08726646259971647	11.0	27.0	2.989922363040808	1.9444444444444444	0.0	14.284464540552735	23.57767729723632	1.5936589614453442	0.8333333333333333	0.0	
23.0	18.0	1.5539756021226117	0.0	-0.05235987755982988	20.0	30.0	1.9903079151211935	0.8333333333333333	0.0	18.809714999709335	26.514928749927332	0.15771220052714785	0.2777777777777778	0.0	
23.0	18.0	1.5539756021226117	0.0	-0.05235987755982988	20.0	30.0	1.9903079151211935	0.8333333333333333	0.0	18.36942999941867	20.029857499854668	0.15771220052714785	1.1111111111111112	0.0	
23.0	18.0	1.5539756021226117	0.0	-0.05235987755982988	20.0	30.0	1.9903079151211935	0.8333333333333333	0.0	16.11942999941867	29.029857499854668	0.15771220052714785	0.2777777777777778	0.0	
23.0	18.0	1.5539756021226117	0.0	-0.05235987755982988	20.0	30.0	1.9903079151211935	0.8333333333333333	0.0	18.36942999941867	20.029857499854668	0.07044573792743147	0.8333333333333333	0.0	
22.0	28.0	0.91838989529806	0.0	-0.17453292519943295	34.0	33.0	-0.30334058109797013	2.2222222222222223	0.0	27.23076923076923	32.34615384615385	-1.3505381322945667	0.2777777777777778	0.0	
22.0	28.0	0.91838989529806	0.0	-0.17453292519943295	34.0	33.0	-0.30334058109797013	2.2222222222222223	0.0	26.846153846153847	33.26923076923077	-1.3505381322945667	0.5555555555555556	0.0	
22.0	28.0	0.91838989529806	0.0	-0.17453292519943295	34.0	33.0	-0.30334058109797013	2.2222222222222223	0.0	27.23076923076923	32.34615384615385	-1.0887387444954193	0.2777777777777778	0.0	
22.0	28.0	0.91838989529806	0.0	-0.17453292519943295	34.0	33.0	-0.30334058109797013	2.2222222222222223	0.0	33.23076923076923	34.84615384615385	-1.263271669694852	0.2777777777777778	0.0	
27.0	35.0	3.020684741645506	0.0	-0.05235987755982988	12.0	27.0	-2.3898359395369155	2.7777777777777777	0.0	24.66176470588235	30.352941176470587	2.1480201156483414	0.8333333333333333	0.0	
27.0	35.0	3.020684741645506	0.0	-0.05235987755982988	12.0	27.0	-2.3898359395369155	2.7777777777777777	0.0	24.66176470588235	30.352941176470587	1.9734871904489086	0.5555555555555556	0.0	
27.0	35.0	3.020684741645506	0.0	-0.05235987755982988	12.0	27.0	-2.3898359395369155	2.7777777777777777	0.0	16.691176470588236	27.235294117647058	2.1480201156483414	0.2777777777777778	0.0	
27.0	35.0	3.020684741645506	0.0	-0.05235987755982988	12.0	27.0	-2.3898359395369155	2.7777777777777777	0.0	16.691176470588236	27.235294117647058	1.9734871904489086	0.2777777777777778	0.0	
9.0	34.0	-0.5182782010052538	0.0	0.0	13.0	12.0	-1.7400086774012844	1.1111111111111112	0.0	13.967739820199816	17.857770876399965	-2.7872062285978823	0.2777777777777778	0.0	
9.0	34.0	-0.5182782010052538	0.0	0.0	13.0	12.0	-1.7400086774012844	1.1111111111111112	0.0	13.967739820199816	17.857770876399965	-3.0490056163970314	0.5555555555555556	0.0	
9.0	34.0	-0.5182782010052538	0.0	0.0	13.0	12.0	-1.7400086774012844	1.1111111111111112	0.0	14.951609730299722	18.03665631459995	-2.7872062285978823	0.8333333333333333	0.0	
9.0	34.0	-0.5182782010052538	0.0	0.0	13.0	12.0	-1.7400086774012844	1.1111111111111112	0.0	15.951609730299722	12.536656314599949	-2.7872062285978823	0.2777777777777778	0.0	
17.0	19.0	1.3962634015954638	0.0	0.03490658503988659	31.0	33.0	0.5235987755982991	1.9444444444444444	0.0	28.878679656440358	35.121320343559645	-0.8726646259971638	0.8333333333333333	0.0	
17.0	19.0	1.3962634015954638	0.0	0.03490658503988659	31.0	33.0	0.5235987755982991	1.9444444444444444	0.0	21.17157287525381	28.82842712474619	-0.6108652381980164	0.5555555555555556	0.0	
17.0	19.0	1.3962634015954638	0.0	0.03490658503988659	31.0	33.0	0.5235987755982991	1.9444444444444444	0.0	27.464466094067262	36.53553390593274	-0.7853981633974492	1.1111111111111112	0.0	
17.0	19.0	1.3962634015954638	0.0	0.03490658503988659	31.0	33.0	0.5235987755982991	1.9444444444444444	0.0	16.964466094067262	26.035533905932738	-0.7853981633974492	0.8333333333333333	0.0	
12.0	16.0	0.2376378906068508	0.0	0.0	26.0	35.0	0.76123666620515	1.9444444444444444	0.0	20.889888325293263	31.4363980760997	-0.7222931979900302	0.2777777777777778	0.0	
12.0	16.0	0.2376378906068508	0.0	0.0	26.0	35.0	0.76123666620515	1.9444444444444444	0.0	12.279776650586529	23.122796152199403	-0.8095596605897466	1.1111111111111112	0.0	
12.0	16.0	0.2376378906068508	0.0	0.0	26.0	35.0	0.76123666620515	1.9444444444444444	0.0	13.084832487939897	22.529597114149553	-0.7222931979900302	0.2777777777777778	0.0	
12.0	16.0	0.2376378906068508	0.0	0.0	26.0	35.0	0.76123666620515	1.9444444444444444	0.0	21.974720813233162	37.96599519024925	-0.5477602727905975	1.3888888888888888	0.0	
21.0	21.0	-0.9872463845991049	0.0	-0.10471975511965977	35.0	14.0	0.14721762919720938	2.7777777777777777	0.0	25.841640786499873	21.933281572999746	-1.9471774731959863	0.5555555555555556	0.0	
21.0	21.0	-0.9872463845991049	0.0	-0.10471975511965977	35.0	14.0	0.14721762919720938	2.7777777777777777	0.0	25.841640786499873	21.933281572999746	-2.0344439357957027	0.2777777777777778	0.0	
21.0	21.0	-0.9872463845991049	0.0	-0.10471975511965977	35.0	14.0	0.14721762919720938	2.7777777777777777	0.0	30.23606797749979	21.97213595499958	-1.9471774731959863	0.8333333333333333	0.0	
21.0	21.0	-0.9872463845991049	0.0	-0.10471975511965977	35.0	14.0	0.14721762919720938	2.7777777777777777	0.0	25.394427190999917	21.038854381999833	-2.0344439357957027	0.2777777777777778	0.0	
20.0	37.0	-1.7418189821771757	0.0	-0.17453292519943295	11.0	12.0	-2.352684220375191	2.5	0.0	22.454437059343633	29.05640265863629	2.6215041478086487	1.1111111111111112	0.0	
20.0	37.0	-1.7418189821771757	0.0	-0.17453292519943295	11.0	12.0	-2.352684220375191	2.5	0.0	17.954437059343633	16.55640265863629	2.7960370730080815	1.3888888888888888	0.0	
20.0	37.0	-1.7418189821771757	0.0	-0.17453292519943295	11.0	12.0	-2.352684220375191	2.5	0.0	15.704437059343634	10.306402658636292	2.6215041478086487	0.2777777777777778	0.0	
20.0	37.0	-1.7418189821771757	0.0	-0.17453292519943295	11.0	12.0	-2.352684220375191	2.5	0.0	17.381774823737455	23.82256106345452	2.970569998207514	0.5555555555555556	0.0	
29.0	36.0	-1.8532940134179388	0.0	0.06981317007977318	15.0	20.0	-1.4169617004193564	2.2222222222222223	0.0	25.762883473534387	24.70747696065741	2.2482297287687363	0.5555555555555556	0.0	
29.0	36.0	-1.8532940134179388	0.0	0.06981317007977318	15.0	20.0	-1.4169617004193564	2.2222222222222223	0.0	20.005153389413756	22.682990784262962	2.2482297287687363	0.2777777777777778	0.0	
29.0	36.0	-1.8532940134179388	0.0	0.06981317007977318	15.0	20.0	-1.4169617004193564	2.2222222222222223	0.0	16.505153389413756	18.682990784262962	2.2482297287687363	0.2777777777777778	0.0	
29.0	36.0	-1.8532940134179388	0.0	0.06981317007977318	15.0	20.0	-1.4169617004193564	2.2222222222222223	0.0	25.010306778827513	25.36598156852593	2.3354961913684527	0.2777777777777778	0.0	
22.0	19.0	2.7483907825164184	0.0	0.08726646259971647	15.0	30.0	1.5266603061203874	1.1111111111111112	0.0	15.969015536803678	22.88937352342052	0.47946275492379	0.5555555555555556	0.0	
22.0	19.0	2.7483907825164184	0.0	0.08726646259971647	15.0	30.0	1.5266603061203874	1.1111111111111112	0.0	14.219015536803678	25.63937352342052	0.7412621427229391	0.5555555555555556	0.0	
22.0	19.0	2.7483907825164184	0.0	0.08726646259971647	15.0	30.0	1.5266603061203874	1.1111111111111112	0.0	12.531692561339463	24.5656225390342	0.7412621427229391	1.1111111111111112	0.0	
22.0	19.0	2.7483907825164184	0.0	0.08726646259971647	15.0	30.0	1.5266603061203874	1.1111111111111112	0.0	15.062677024535786	26.17624901561368	0.7412621427229391	0.2777777777777778	0.0	
24.0	14.0	-3.1069092526010182	0.0	0.06981317007977318	5.0	15.0	-2.4087775518032863	0.2777777777777778	0.0	14.237205834386183	9.506910853337452	1.3436803399845223	1.3888888888888888	0.0	
24.0	14.0	-3.1069092526010182	0.0	0.06981317007977318	5.0	15.0	-2.4087775518032863	0.2777777777777778	0.0	14.289764667508946	10.505528682669961	1.6054797277836714	1.1111111111111112	0.0	
24.0	14.0	-3.1069092526010182	0.0	0.06981317007977318	5.0	15.0	-2.4087775518032863	0.2777777777777778	0.0	9.59232350063171	11.754146512002471	1.518213265183955	0.5555555555555556	0.0	
24.0	14.0	-3.1069092526010182	0.0	0.06981317007977318	5.0	15.0	-2.4087775518032863	0.2777777777777778	0.0	19.039764667508948	10.255528682669961	1.518213265183955	0.8333333333333333	0.0	
14.0	37.0	0.020698298823892625	0.0	-0.06981317007977318	35.0	13.0	-0.3283675515749733	1.9444444444444444	0.0	28.262883473534387	28.29252303934259	-2.2482297287687363	1.1111111111111112	0.0	
14.0	37.0	0.020698298823892625	0.0	-0.06981317007977318	35.0	13.0	-0.3283675515749733	1.9444444444444444	0.0	28.262883473534387	28.29252303934259	-2.3354961913684527	1.1111111111111112	0.0	
14.0	37.0	0.020698298823892625	0.0	-0.06981317007977318	35.0	13.0	-0.3283675515749733	1.9444444444444444	0.0	26.005153389413756	26.317009215737038	-2.3354961913684527	0.2777777777777778	0.0	
14.0	37.0	0.020698298823892625	0.0	-0.06981317007977318	35.0	13.0	-0.3283675515749733	1.9444444444444444	0.0	22.260306778827513	33.634018431474075	-2.422762653968169	0.2777777777777778	0.0	
5.0	33.0	-0.37192848504931364	0.0	-0.06981317007977318	20.0	30.0	-0.19739555984988089	0.8333333333333333	0.0	20.392232270276367	31.96116135138184	-1.9427248118442098	0.5555555555555556	0.0	
5.0	33.0	-0.37192848504931364	0.0	-0.06981317007977318	20.0	30.0	-0.19739555984988089	0.8333333333333333	0.0	17.23058067569092	35.6529033784546	-1.768191886644777	1.1111111111111112	0.0	
5.0	33.0	-0.37192848504931364	0.0	-0.06981317007977318	20.0	30.0	-0.19739555984988089	0.8333333333333333	0.0	17.23058067569092	35.6529033784546	-1.768191886644777	0.8333333333333333	0.0	
5.0	33.0	-0.37192848504931364	0.0	-0.06981317007977318	20.0	30.0	-0.19739555984988089	0.8333333333333333	0.0	20.784464540552737	33.92232270276368	-1.8554583492444934	0.2777777777777778	0.0	
14.0	22.0	-1.0949362554319255	0.0	0.03490658503988659	28.0	13.0	-0.1350051668350445	0.2777777777777778	0.0	22.622272773940495	20.023535426129662	-2.1421338066285234	0.5555555555555556	0.0	
14.0	22.0	-1.0949362554319255	0.0	0.03490658503988659	28.0	13.0	-0.1350051668350445	0.2777777777777778	0.0	26.122272773940495	17.773535426129662	-2.2294002692282398	0.8333333333333333	0.0	
14.0	22.0	-1.0949362554319255	0.0	0.03490658503988659	28.0	13.0	-0.1350051668350445	0.2777777777777778	0.0	23.163030365253995	20.864713901506214	-2.2294002692282398	0.8333333333333333	0.0	
14.0	22.0	-1.0949362554319255	0.0	0.03490658503988659	28.0	13.0	-0.1350051668350445	0.2777777777777778	0.0	18.581515182626998	21.432356950753107	-2.316666731827956	0.2777777777777778	0.0	
9.0	12.0	0.3355874635332241	0.0	0.0	29.0	21.0	0.3355874635332241	0.0	0.0	23.179270645342402	20.573843010350213	-1.235208863261672	0.2777777777777778	0.0	
9.0	12.0	0.3355874635332241	0.0	0.0	29.0	21.0	0.3355874635332241	0.0	0.0	21.94817661335601	23.30960752587553	-0.9734094754625229	1.3888888888888888	0.0	
9.0	12.0	0.3355874635332241	0.0	0.0	29.0	21.0	0.3355874635332241	0.0	0.0	22.35854129068481	22.397686020700426	-1.235208863261672	0.8333333333333333	0.0	
9.0	12.0	0.3355874635332241	0.0	0.0	29.0	21.0	0.3355874635332241	0.0	0.0	27.35854129068481	24.647686020700426	-1.1479424006619556	0.5555555555555556	0.0	
29.0	31.0	-2.7086537651922398	0.0	0.03490658503988659	5.0	11.0	-1.9232556017947915	0.5555555555555556	0.0	8.200921998322398	7.15889360201312	2.2655346029915995	1.3888888888888888	0.0	
29.0	31.0	-2.7086537651922398	0.0	0.03490658503988659	5.0	11.0	-1.9232556017947915	0.5555555555555556	0.0	19.56073759865792	17.927114881610496	2.2655346029915995	0.5555555555555556	0.0	
29.0	31.0	-2.7086537651922398	0.0	0.03490658503988659	5.0	11.0	-1.9232556017947915	0.5555555555555556	0.0	26.2009219983224	22.15889360201312	2.0910016777921667	0.2777777777777778	0.0	
29.0	31.0	-2.7086537651922398	0.0	0.03490658503988659	5.0	11.0	-1.9232556017947915	0.5555555555555556	0.0	25.56073759865792	22.927114881610496	2.352801065591316	0.8333333333333333	0.0	
22.0	29.0	-2.801674265730198	0.0	-0.12217304763960307	4.0	34.0	2.957912265851089	2.5	0.0	3.1970684086417167	31.10944627111018	1.2125830138567597	0.5555555555555556	0.0	
22.0	29.0	-2.801674265730198	0.0	-0.12217304763960307	4.0	34.0	2.957912265851089	2.5	0.0	2.929424544855622	30.145928361480237	1.3871159390561925	1.1111111111111112	0.0	
22.0	29.0	-2.801674265730198	0.0	-0.12217304763960307	4.0	34.0	2.957912265851089	2.5	0.0	2.929424544855622	30.145928361480237	1.299849476456476	0.2777777777777778	0.0	
22.0	29.0	-2.801674265730198	0.0	-0.12217304763960307	4.0	34.0	2.957912265851089	2.5	0.0	16.42942454485562	26.395928361480237	1.2125830138567597	0.2777777777777778	0.0	
14.0	29.0	-0.3697641492227586	0.0	0.08726646259971647	30.0	15.0	-0.020698298823892625	0.5555555555555556	0.0	27.317009215737038	20.005153389413756	-2.2896263264165206	0.2777777777777778	0.0	
14.0	29.0	-0.3697641492227586	0.0	0.08726646259971647	30.0	15.0	-0.020698298823892625	0.5555555555555556	0.0	20.63401843147407	28.510306778827513	-2.2896263264165206	1.1111111111111112	0.0	
14.0	29.0	-0.3697641492227586	0.0	0.08726646259971647	30.0	15.0	-0.020698298823892625	0.5555555555555556	0.0	19.317009215737038	27.005153389413756	-2.115093401217088	0.5555555555555556	0.0	
14.0	29.0	-0.3697641492227586	0.0	0.08726646259971647	30.0	15.0	-0.020698298823892625	0.5555555555555556	0.0	25.29252303934259	25.762883473534387	-2.376892789016237	0.5555555555555556	0.0	
26.0	22.0	2.443460952792061	0.0	0.08726646259971647	11.0	37.0	-3.0543261909900767	0.5555555555555556	0.0	14.964466094067262	25.964466094067262	0.7853981633974483	1.3888888888888888	0.0	
26.0	22.0	2.443460952792061	0.0	0.08726646259971647	11.0	37.0	-3.0543261909900767	0.5555555555555556	0.0	11.214466094067262	29.714466094067262	0.959931088596881	1.1111111111111112	0.0	
26.0	22.0	2.443460952792061	0.0	0.08726646259971647	11.0	37.0	-3.0543261909900767	0.5555555555555556	0.0	7.464466094067262	33.46446609406726	0.959931088596881	0.2777777777777778	0.0	
26.0	22.0	2.443460952792061	0.0	0.08726646259971647	11.0	37.0	-3.0543261909900767	0.5555555555555556	0.0	9.585786437626904	35.58578643762691	0.959931088596881	0.2777777777777778	0.0	
6.0	15.0	0.559297888277623	0.0	0.03490658503988659	34.0	16.0	0.29749850047847337	1.1111111111111112	0.0	33.82154234743794	20.996814271737748	-1.4478307515158564	0.8333333333333333	0.0	
6.0	15.0	0.559297888277623	0.0	0.03490658503988659	34.0	16.0	0.29749850047847337	1.1111111111111112	0.0	33.928616938975175	17.998725708695098	-1.360564288916141	0.2777777777777778	0.0	
6.0	15.0	0.559297888277623	0.0	0.03490658503988659	34.0	16.0	0.29749850047847337	1.1111111111111112	0.0	12.892925408462764	18.24808856304265	-1.5350972141155728	0.8333333333333333	0.0	
6.0	15.0	0.559297888277623	0.0	0.03490658503988659	34.0	16.0	0.29749850047847337	1.1111111111111112	0.0	26.85723387795035	19.7474514173902	-1.4478307515158564	0.5555555555555556	0.0	
10.0	33.0	-0.36667773927001424	0.0	0.08726646259971647	33.0	13.0	-0.36667773927001424	2.2222222222222223	0.0	34.96853614477436	15.263816566490513	-2.46107284166321	0.8333333333333333	0.0	
10.0	33.0	-0.36667773927001424	0.0	0.08726646259971647	33.0	13.0	-0.36667773927001424	2.2222222222222223	0.0	28.562357429849573	19.50921104432701	-2.46107284166321	0.2777777777777778	0.0	
10.0	33.0	-0.36667773927001424	0.0	0.08726646259971647	33.0	13.0	-0.36667773927001424	2.2222222222222223	0.0	23.46853614477436	25.263816566490515	-2.3738063790634936	0.8333333333333333	0.0	
10.0	33.0	-0.36667773927001424	0.0	0.08726646259971647	33.0	13.0	-0.36667773927001424	2.2222222222222223	0.0	28.562357429849573	19.50921104432701	-2.1120069912643444	0.2777777777777778	0.0	
14.0	37.0	-1.0801608524323676	0.0	0.13962634015954636	33.0	33.0	0.22883608656337984	0.2777777777777778	0.0	34.03005240524921	37.89274892493374	-1.6037596280306667	1.1111111111111112	0.0	
14.0	37.0	-1.0801608524323676	0.0	0.13962634015954636	33.0	33.0	0.22883608656337984	0.2777777777777778	0.0	19.57404192419937	39.914199139946994	-1.6037596280306667	0.2777777777777778	0.0	
14.0	37.0	-1.0801608524323676	0.0	0.13962634015954636	33.0	33.0	0.22883608656337984	0.2777777777777778	0.0	29.07404192419937	37.914199139946994	-1.6910260906303831	0.8333333333333333	0.0	
14.0	37.0	-1.0801608524323676	0.0	0.13962634015954636	33.0	33.0	0.22883608656337984	0.2777777777777778	0.0	28.868031443149526	36.93564935496025	-1.6037596280306667	0.8333333333333333	0.0	
13.0	23.0	-0.833136867632776	0.0	0.12217304763960307	27.0	14.0	0.03952775836438871	2.7777777777777777	0.0	18.122272773940495	23.273535426129662	-1.9676008814290906	0.5555555555555556	0.0	
13.0	23.0	-0.833136867632776	0.0	0.12217304763960307	27.0	14.0	0.03952775836438871	2.7777777777777777	0.0	18.663030365253995	24.114713901506214	-2.2294002692282398	0.2777777777777778	0.0	
13.0	23.0	-0.833136867632776	0.0	0.12217304763960307	27.0	14.0	0.03952775836438871	2.7777777777777777	0.0	25.122272773940495	18.773535426129662	-1.9676008814290906	0.5555555555555556	0.0	
13.0	23.0	-0.833136867632776	0.0	0.12217304763960307	27.0	14.0	0.03952775836438871	2.7777777777777777	0.0	25.663030365253995	19.614713901506214	-2.2294002692282398	0.2777777777777778	0.0	
21.0	35.0	-2.946304163719922	0.0	0.10471975511965977	10.0	15.0	-2.4227053881216234	0.2777777777777778	0.0	14.502431817353294	19.03616250045569	2.5514829800622163	0.2777777777777778	0.0	
21.0	35.0	-2.946304163719922	0.0	0.10471975511965977	10.0	15.0	-2.4227053881216234	0.2777777777777778	0.0	14.502431817353294	19.03616250045569	2.8132823678613654	0.2777777777777778	0.0	
21.0	35.0	-2.946304163719922	0.0	0.10471975511965977	10.0	15.0	-2.4227053881216234	0.2777777777777778	0.0	22.631079543383237	27.59040625113922	2.5514829800622163	0.2777777777777778	0.0	
21.0	35.0	-2.946304163719922	0.0	0.10471975511965977	10.0	15.0	-2.4227053881216234	0.2777777777777778	0.0	20.002431817353294	29.03616250045569	2.726015905261649	0.5555555555555556	0.0	
20.0	34.0	-2.1850549895939406	0.0	-0.13962634015954636	18.0	12.0	-2.0105220643945074	1.6666666666666665	0.0	21.98767961940311	22.728392761872442	2.876399841189615	0.2777777777777778	0.0	
20.0	34.0	-2.1850549895939406	0.0	-0.13962634015954636	18.0	12.0	-2.0105220643945074	1.6666666666666665	0.0	20.491786412935408	17.31892850791496	2.876399841189615	0.5555555555555556	0.0	
20.0	34.0	-2.1850549895939406	0.0	-0.13962634015954636	18.0	12.0	-2.0105220643945074	1.6666666666666665	0.0	20.491786412935408	17.31892850791496	2.9636663037893314	0.5555555555555556	0.0	
20.0	34.0	-2.1850549895939406	0.0	-0.13962634015954636	18.0	12.0	-2.0105220643945074	1.6666666666666665	0.0	21.98767961940311	22.728392761872442	2.9636663037893314	0.5555555555555556	0.0	
7.0	37.0	-0.2295525053638956	0.0	-0.13962634015954636	23.0	22.0	-1.5385494443596426	1.9444444444444444	0.0	14.419705644406648	36.89768602070043	-2.3239476077570913	0.8333333333333333	0.0	
7.0	37.0	-0.2295525053638956	0.0	-0.13962634015954636	23.0	22.0	-1.5385494443596426	1.9444444444444444	0.0	24.36788225776266	23.45907440828017	-2.498480532956524	0.5555555555555556	0.0	
7.0	37.0	-0.2295525053638956	0.0	-0.13962634015954636	23.0	22.0	-1.5385494443596426	1.9444444444444444	0.0	13.051823386643989	35.43861161242025	-2.236681145157375	0.5555555555555556	0.0	
7.0	37.0	-0.2295525053638956	0.0	-0.13962634015954636	23.0	22.0	-1.5385494443596426	1.9444444444444444	0.0	25.05182338664399	24.188611612420257	-2.498480532956524	0.8333333333333333	0.0	
7.0	34.0	-0.9554784272451053	0.0	0.13962634015954636	28.0	22.0	-0.6936790394459558	2.7777777777777777	0.0	30.480694691784166	26.341215710622297	-2.1772089036411355	1.1111111111111112	0.0	
7.0	34.0	-0.9554784272451053	0.0	0.13962634015954636	28.0	22.0	-0.6936790394459558	2.7777777777777777	0.0	28.99227787671367	23.73648628424892	-2.0026759784417028	0.5555555555555556	0.0	
7.0	34.0	-0.9554784272451053	0.0	0.13962634015954636	28.0	22.0	-0.6936790394459558	2.7777777777777777	0.0	29.4884168150705	24.60472942637338	-2.264475366240852	0.8333333333333333	0.0	
7.0	34.0	-0.9554784272451053	0.0	0.13962634015954636	28.0	22.0	-0.6936790394459558	2.7777777777777777	0.0	18.9884168150705	30.60472942637338	-2.264475366240852	0.8333333333333333	0.0	
21.0	36.0	-2.2962433235948523	0.0	-0.06981317007977318	15.0	24.0	-1.9471774731959863	0.0	0.0	19.47213595499958	21.76393202250021	2.503412119389554	0.5555555555555556	0.0	
21.0	36.0	-2.2962433235948523	0.0	-0.06981317007977318	15.0	24.0	-1.9471774731959863	0.0	0.0	20.97213595499958	24.76393202250021	2.5906785819892706	0.8333333333333333	0.0	
21.0	36.0	-2.2962433235948523	0.0	-0.06981317007977318	15.0	24.0	-1.9471774731959863	0.0	0.0	19.47213595499958	21.76393202250021	2.503412119389554	1.3888888888888888	0.0	
21.0	36.0	-2.2962433235948523	0.0	-0.06981317007977318	15.0	24.0	-1.9471774731959863	0.0	0.0	18.288854381999833	26.105572809000083	2.677945044588987	0.2777777777777778	0.0	
22.0	15.0	1.4378045948942848	0.0	0.17453292519943295	15.0	32.0	2.659535071290316	2.2222222222222223	0.0	12.12660950762642	25.846250973728527	0.4778735062974029	0.8333333333333333	0.0	
22.0	15.0	1.4378045948942848	0.0	0.17453292519943295	15.0	32.0	2.659535071290316	2.2222222222222223	0.0	15.725965704575852	22.357750584237117	0.30334058109797013	0.8333333333333333	0.0	
22.0	15.0	1.4378045948942848	0.0	0.17453292519943295	15.0	32.0	2.659535071290316	2.2222222222222223	0.0	12.12660950762642	25.846250973728527	0.3906070436976865	1.3888888888888888	0.0	
22.0	15.0	1.4378045948942848	0.0	0.17453292519943295	15.0	32.0	2.659535071290316	2.2222222222222223	0.0	13.051287606101136	26.22700077898282	0.5651399688971193	0.2777777777777778	0.0	
35.0	14.0	1.9322643670852084	0.0	0.06981317007977318	13.0	32.0	1.9322643670852084	1.6666666666666665	0.0	15.96704883897095	24.404170803186716	0.9723332784883265	0.2777777777777778	0.0	
35.0	14.0	1.9322643670852084	0.0	0.06981317007977318	13.0	32.0	1.9322643670852084	1.6666666666666665	0.0	10.46704883897095	28.904170803186716	1.059599741088043	1.1111111111111112	0.0	
35.0	14.0	1.9322643670852084	0.0	0.06981317007977318	13.0	32.0	1.9322643670852084	1.6666666666666665	0.0	21.46704883897095	19.904170803186716	1.059599741088043	0.8333333333333333	0.0	
35.0	14.0	1.9322643670852084	0.0	0.06981317007977318	13.0	32.0	1.9322643670852084	1.6666666666666665	0.0	26.333811048713688	14.630213503983395	0.8850668158886101	0.5555555555555556	0.0	
26.0	20.0	2.117785860967375	0.0	0.08726646259971647	11.0	32.0	2.6413846365656735	0.5555555555555556	0.0	11.62652476222788	25.095655952784846	0.8960553845713441	0.8333333333333333	0.0	
26.0	20.0	2.117785860967375	0.0	0.08726646259971647	11.0	32.0	2.6413846365656735	0.5555555555555556	0.0	9.125914857336728	29.65739357167091	0.8960553845713441	0.5555555555555556	0.0	
26.0	20.0	2.117785860967375	0.0	0.08726646259971647	11.0	32.0	2.6413846365656735	0.5555555555555556	0.0	15.37652476222788	22.095655952784846	0.7215224593719114	0.8333333333333333	0.0	
26.0	20.0	2.117785860967375	0.0	0.08726646259971647	11.0	32.0	2.6413846365656735	0.5555555555555556	0.0	7.87652476222788	28.095655952784846	0.9833218471710605	0.8333333333333333	0.0	
34.0	14.0	-2.2848870254070546	0.0	-0.06981317007977318	6.0	12.0	-2.89575226360507	1.6666666666666665	0.0	6.356235249939548	7.012706500846325	1.5548373289804704	0.8333333333333333	0.0	
34.0	14.0	-2.2848870254070546	0.0	-0.06981317007977318	6.0	12.0	-2.89575226360507	1.6666666666666665	0.0	27.213741149963727	10.507623900507795	1.7293702541799032	0.5555555555555556	0.0	
34.0	14.0	-2.2848870254070546	0.0	-0.06981317007977318	6.0	12.0	-2.89575226360507	1.6666666666666665	0.0	13.142494099975819	10.50508260033853	1.5548373289804704	0.2777777777777778	0.0	
34.0	14.0	-2.2848870254070546	0.0	-0.06981317007977318	6.0	12.0	-2.89575226360507	1.6666666666666665	0.0	20.213741149963727	10.007623900507795	1.7293702541799032	0.5555555555555556	0.0	
21.0	14.0	1.3224753258613884	0.0	-0.08726646259971647	30.0	34.0	0.6243436250636569	2.5	0.0	25.014235484474682	30.231094031986395	-0.33558746353322455	0.8333333333333333	0.0	
21.0	14.0	1.3224753258613884	0.0	-0.08726646259971647	30.0	34.0	0.6243436250636569	2.5	0.0	20.94039247412447	26.051823386643992	-0.5973868513323737	1.3888888888888888	0.0	
21.0	14.0	1.3224753258613884	0.0	-0.08726646259971647	30.0	34.0	0.6243436250636569	2.5	0.0	21.426156989649787	19.820729354657598	-0.33558746353322455	0.5555555555555556	0.0	
21.0	14.0	1.3224753258613884	0.0	-0.08726646259971647	30.0	34.0	0.6243436250636569	2.5	0.0	18.69039247412447	21.051823386643992	-0.5973868513323737	0.2777777777777778	0.0	
17.0	16.0	1.652020879416451	0.0	-0.12217304763960307	26.0	35.0	1.0411556412184355	1.9444444444444444	0.0	14.731310805532306	22.890431723695222	-0.5296406855764602	0.2777777777777778	0.0	
17.0	16.0	1.652020879416451	0.0	-0.12217304763960307	26.0	35.0	1.0411556412184355	1.9444444444444444	0.0	21.038786483319385	31.534259034217133	-0.5296406855764602	0.5555555555555556	0.0	
17.0	16.0	1.652020879416451	0.0	-0.12217304763960307	26.0	35.0	1.0411556412184355	1.9444444444444444	0.0	18.788786483319385	26.784259034217133	-0.44237422297674556	0.5555555555555556	0.0	
17.0	16.0	1.652020879416451	0.0	-0.12217304763960307	26.0	35.0	1.0411556412184355	1.9444444444444444	0.0	20.135048644425844	31.96234537895618	-0.44237422297674556	1.1111111111111112	0.0	
34.0	15.0	1.9681234285795473	0.0	0.0	9.0	34.0	2.2299228163786964	1.6666666666666665	0.0	7.184750197399326	31.611513417630693	0.8336594147832326	0.8333333333333333	0.0	
34.0	15.0	1.9681234285795473	0.0	0.0	9.0	34.0	2.2299228163786964	1.6666666666666665	0.0	13.434750197399326	26.861513417630693	1.0081923399826653	0.2777777777777778	0.0	
34.0	15.0	1.9681234285795473	0.0	0.0	9.0	34.0	2.2299228163786964	1.6666666666666665	0.0	14.039833464932885	27.657675611753795	0.920925877382949	0.5555555555555556	0.0	
34.0	15.0	1.9681234285795473	0.0	0.0	9.0	34.0	2.2299228163786964	1.6666666666666665	0.0	13.434750197399326	26.861513417630693	1.0954588025823817	0.8333333333333333	0.0	
28.0	35.0	-2.2838411337034064	0.0	0.08726646259971647	20.0	14.0	-1.6729758955053913	1.9444444444444444	0.0	24.67243867464484	12.22002336204006	2.864880159679865	0.8333333333333333	0.0	
28.0	35.0	-2.2838411337034064	0.0	0.08726646259971647	20.0	14.0	-1.6729758955053913	1.9444444444444444	0.0	30.67243867464484	27.97002336204006	2.603080771880716	1.3888888888888888	0.0	
28.0	35.0	-2.2838411337034064	0.0	0.08726646259971647	20.0	14.0	-1.6729758955053913	1.9444444444444444	0.0	21.868975469857936	13.288009344816023	2.9521466222795816	0.5555555555555556	0.0	
28.0	35.0	-2.2838411337034064	0.0	0.08726646259971647	20.0	14.0	-1.6729758955053913	1.9444444444444444	0.0	21.868975469857936	13.288009344816023	2.777613697080149	0.2777777777777778	0.0	
18.0	17.0	1.5500980279710035	0.0	-0.13962634015954636	25.0	25.0	0.24110108897525695	1.6666666666666665	0.0	17.73711652646561	24.29252303934259	-0.6315635370219077	0.5555555555555556	0.0	
18.0	17.0	1.5500980279710035	0.0	-0.13962634015954636	25.0	25.0	0.24110108897525695	1.6666666666666665	0.0	20.239693221172487	25.63401843147407	-0.7188299996216241	1.1111111111111112	0.0	
18.0	17.0	1.5500980279710035	0.0	-0.13962634015954636	25.0	25.0	0.24110108897525695	1.6666666666666665	0.0	20.992269915879366	24.975513823605553	-0.8060964622213405	0.8333333333333333	0.0	
18.0	17.0	1.5500980279710035	0.0	-0.13962634015954636	25.0	25.0	0.24110108897525695	1.6666666666666665	0.0	20.239693221172487	25.63401843147407	-0.7188299996216241	0.8333333333333333	0.0	
28.0	31.0	-3.085766717703576	0.0	0.0	13.0	37.0	2.23748750087913	0.2777777777777778	0.0	19.38582797093769	31.214569927344222	1.277556412282248	0.5555555555555556	0.0	
28.0	31.0	-3.085766717703576	0.0	0.0	13.0	37.0	2.23748750087913	0.2777777777777778	0.0	23.507218647291793	30.64304661822948	1.3648228748819644	0.5555555555555556	0.0	
28.0	31.0	-3.085766717703576	0.0	0.0	13.0	37.0	2.23748750087913	0.2777777777777778	0.0	19.38582797093769	31.214569927344222	1.3648228748819644	0.8333333333333333	0.0	
28.0	31.0	-3.085766717703576	0.0	0.0	13.0	37.0	2.23748750087913	0.2777777777777778	0.0	18.64304661822948	29.357616545573705	1.1030234870828153	1.1111111111111112	0.0	
18.0	29.0	-1.4086655914869093	0.0	0.17453292519943295	27.0	18.0	-0.36146804029031143	0.0	0.0	27.071871897609963	22.64971337077179	-2.6303960678829394	0.2777777777777778	0.0	
18.0	29.0	-1.4086655914869093	0.0	0.17453292519943295	27.0	18.0	-0.36146804029031143	0.0	0.0	26.297914598406642	22.016475580514527	-2.281330217484074	0.5555555555555556	0.0	
18.0	29.0	-1.4086655914869093	0.0	0.17453292519943295	27.0	18.0	-0.36146804029031143	0.0	0.0	25.595829196813284	26.03295116102905	-2.6303960678829394	0.2777777777777778	0.0	
18.0	29.0	-1.4086655914869093	0.0	0.17453292519943295	27.0	18.0	-0.36146804029031143	0.0	0.0	28.619786496016605	23.916188951286316	-2.6303960678829394	0.8333333333333333	0.0	
28.0	37.0	-1.7419358273933008	0.0	0.03490658503988659	30.0	15.0	-0.8692712013961361	0.5555555555555556	0.0	30.491786412935408	31.68107149208504	-3.138199228988764	0.5555555555555556	0.0	
28.0	37.0	-1.7419358273933008	0.0	0.03490658503988659	30.0	15.0	-0.8692712013961361	0.5555555555555556	0.0	34.97946603233852	15.452678730212593	-2.9636663037893314	1.3888888888888888	0.0	
28.0	37.0	-1.7419358273933008	0.0	0.03490658503988659	30.0	15.0	-0.8692712013961361	0.5555555555555556	0.0	31.98767961940311	26.271607238127558	-3.138199228988764	0.5555555555555556	0.0	
28.0	37.0	-1.7419358273933008	0.0	0.03490658503988659	30.0	15.0	-0.8692712013961361	0.5555555555555556	0.0	32.98767961940311	15.271607238127556	3.0577196155911057	0.8333333333333333	0.0	
24.0	24.0	-2.6179938779914944	0.0	0.17453292519943295	14.0	14.0	-2.181661564992912	2.5	0.0	22.914213562373096	20.085786437626904	2.356194490192345	0.5555555555555556	0.0	
24.0	24.0	-2.6179938779914944	0.0	0.17453292519943295	14.0	14.0	-2.181661564992912	2.5	0.0	23.621320343559642	19.378679656440358	2.5307274153917776	0.5555555555555556	0.0	
24.0	24.0	-2.6179938779914944	0.0	0.17453292519943295	14.0	14.0	-2.181661564992912	2.5	0.0	25.035533905932738	17.964466094067262	2.181661564992912	0.2777777777777778	0.0	
24.0	24.0	-2.6179938779914944	0.0	0.17453292519943295	14.0	14.0	-2.181661564992912	2.5	0.0	24.32842712474619	18.67157287525381	2.443460952792061	0.8333333333333333	0.0	
8.0	33.0	-0.7266953586364919	0.0	-0.15707963267948966	25.0	15.0	-1.1630276716350743	2.2222222222222223	0.0	19.40805261019927	26.746494131854867	-2.297491685431389	0.5555555555555556	0.0	
8.0	33.0	-0.7266953586364919	0.0	-0.15707963267948966	25.0	15.0	-1.1630276716350743	2.2222222222222223	0.0	20.135065762749086	27.43311766481858	-2.4720246106308217	1.3888888888888888	0.0	
8.0	33.0	-0.7266953586364919	0.0	-0.15707963267948966	25.0	15.0	-1.1630276716350743	2.2222222222222223	0.0	22.204026305099635	20.873247065927433	-2.3847581480311053	0.5555555555555556	0.0	
8.0	33.0	-0.7266953586364919	0.0	-0.15707963267948966	25.0	15.0	-1.1630276716350743	2.2222222222222223	0.0	24.385065762749086	22.93311766481858	-2.4720246106308217	1.1111111111111112	0.0	
19.0	36.0	-1.786342321369419	0.0	0.15707963267948966	26.0	14.0	-2.135408171768285	1.3888888888888888	0.0	29.811703120053046	15.212814629107788	-2.833539872566017	0.2777777777777778	0.0	
19.0	36.0	-1.786342321369419	0.0	0.15707963267948966	26.0	14.0	-2.135408171768285	1.3888888888888888	0.0	30.76462890006631	15.516018286384735	-2.659006947366584	0.8333333333333333	0.0	
19.0	36.0	-1.786342321369419	0.0	0.15707963267948966	26.0	14.0	-2.135408171768285	1.3888888888888888	0.0	28.858777340039786	14.90961097183084	-3.0080727977654496	0.5555555555555556	0.0	
19.0	36.0	-1.786342321369419	0.0	0.15707963267948966	26.0	14.0	-2.135408171768285	1.3888888888888888	0.0	23.608777340039786	31.40961097183084	-2.833539872566017	0.2777777777777778	0.0	
13.0	13.0	0.5693240448991945	0.0	0.12217304763960307	20.0	30.0	1.9655874464946583	1.6666666666666665	0.0	15.475965704575852	26.892249415762883	-0.5651399688971193	0.8333333333333333	0.0	
13.0	13.0	0.5693240448991945	0.0	0.12217304763960307	20.0	30.0	1.9655874464946583	1.6666666666666665	0.0	16.301287606101134	31.52299922101718	-0.3906070436976865	0.2777777777777778	0.0	
13.0	13.0	0.5693240448991945	0.0	0.12217304763960307	20.0	30.0	1.9655874464946583	1.6666666666666665	0.0	13.62660950762642	27.653749026271473	-0.30334058109797013	0.2777777777777778	0.0	
13.0	13.0	0.5693240448991945	0.0	0.12217304763960307	20.0	30.0	1.9655874464946583	1.6666666666666665	0.0	18.150643803050567	30.76149961050859	-0.4778735062974029	0.2777777777777778	0.0	
19.0	16.0	2.0778948311872334	0.0	-0.17453292519943295	25.0	37.0	2.0778948311872334	0.8333333333333333	0.0	20.61542815707753	32.57416338369214	-0.4528325842045433	0.8333333333333333	0.0	
19.0	16.0	2.0778948311872334	0.0	-0.17453292519943295	25.0	37.0	2.0778948311872334	0.8333333333333333	0.0	19.653904209436707	32.84888451158951	-0.3655661216048287	0.8333333333333333	0.0	
19.0	16.0	2.0778948311872334	0.0	-0.17453292519943295	25.0	37.0	2.0778948311872334	0.8333333333333333	0.0	23.076952104718355	37.54944225579476	-0.27829965900511056	0.2777777777777778	0.0	
19.0	16.0	2.0778948311872334	0.0	-0.17453292519943295	25.0	37.0	2.0778948311872334	0.8333333333333333	0.0	17.192380261795883	27.87360563948689	-0.1037667338056778	0.8333333333333333	0.0	
35.0	17.0	-2.4508974296795403	0.0	-0.017453292519943295	10.0	15.0	-2.4508974296795403	1.3888888888888888	0.0	29.06898088913156	12.5127388858555	1.8251592377065666	0.5555555555555556	0.0	
35.0	17.0	-2.4508974296795403	0.0	-0.017453292519943295	10.0	15.0	-2.4508974296795403	1.3888888888888888	0.0	22.73923566684867	13.009554164391625	1.8251592377065666	0.8333333333333333	0.0	
35.0	17.0	-2.4508974296795403	0.0	-0.017453292519943295	10.0	15.0	-2.4508974296795403	1.3888888888888888	0.0	29.06898088913156	12.5127388858555	1.4760933873077011	0.2777777777777778	0.0	
35.0	17.0	-2.4508974296795403	0.0	-0.017453292519943295	10.0	15.0	-2.4508974296795403	1.3888888888888888	0.0	16.64872611141445	10.515923607319376	1.6506263125071339	0.5555555555555556	0.0	
21.0	22.0	-2.1861142263446878	0.0	-0.017453292519943295	18.0	11.0	-1.662515450746389	2.7777777777777777	0.0	23.573819106188658	12.434412971039455	2.7008076792394347	1.3888888888888888	0.0	
21.0	22.0	-2.1861142263446878	0.0	-0.017453292519943295	18.0	11.0	-1.662515450746389	2.7777777777777777	0.0	24.109055284950927	18.197530376831562	2.788074141839151	0.2777777777777778	0.0	
21.0	22.0	-2.1861142263446878	0.0	-0.017453292519943295	18.0	11.0	-1.662515450746389	2.7777777777777777	0.0	20.894291463713195	10.210647782623672	3.0498735296383	0.2777777777777778	0.0	
21.0	22.0	-2.1861142263446878	0.0	-0.017453292519943295	18.0	11.0	-1.662515450746389	2.7777777777777777	0.0	22.394291463713195	15.710647782623672	3.0498735296383	0.8333333333333333	0.0	
7.0	16.0	0.3059354084736583	0.0	-0.017453292519943295	25.0	20.0	0.3059354084736583	2.7777777777777777	0.0	19.632278168725374	22.904748240735813	-1.439393843520671	0.5555555555555556	0.0	
7.0	16.0	0.3059354084736583	0.0	-0.017453292519943295	25.0	20.0	0.3059354084736583	2.7777777777777777	0.0	14.915347710906719	22.880935300919766	-1.439393843520671	0.8333333333333333	0.0	
7.0	16.0	0.3059354084736583	0.0	-0.017453292519943295	25.0	20.0	0.3059354084736583	2.7777777777777777	0.0	19.632278168725374	22.904748240735813	-1.3521273809209546	0.8333333333333333	0.0	
7.0	16.0	0.3059354084736583	0.0	-0.017453292519943295	25.0	20.0	0.3059354084736583	2.7777777777777777	0.0	19.632278168725374	22.904748240735813	-1.3521273809209546	0.2777777777777778	0.0	
10.0	32.0	-0.0624188099959575	0.0	-0.17453292519943295	25.0	15.0	-1.1968828237922715	1.9444444444444444	0.0	21.24918927682546	26.808108185434232	-2.593146225387735	0.5555555555555556	0.0	
10.0	32.0	-0.0624188099959575	0.0	-0.17453292519943295	25.0	15.0	-1.1968828237922715	1.9444444444444444	0.0	15.999513566095278	29.734864911260537	-2.593146225387735	0.5555555555555556	0.0	
10.0	32.0	-0.0624188099959575	0.0	-0.17453292519943295	25.0	15.0	-1.1968828237922715	1.9444444444444444	0.0	15.999513566095278	29.734864911260537	-2.5058797627880187	0.2777777777777778	0.0	
10.0	32.0	-0.0624188099959575	0.0	-0.17453292519943295	25.0	15.0	-1.1968828237922715	1.9444444444444444	0.0	15.999513566095278	29.734864911260537	-2.593146225387735	0.8333333333333333	0.0	
15.0	36.0	-1.465917975324032	0.0	0.05235987755982988	35.0	13.0	-0.06965457372856809	2.5	0.0	33.01842208865402	21.374714859699147	-2.513115526520629	1.1111111111111112	0.0	
15.0	36.0	-1.465917975324032	0.0	0.05235987755982988	35.0	13.0	-0.06965457372856809	2.5	0.0	27.263816566490515	26.46853614477436	-2.2513161387214797	0.2777777777777778	0.0	
15.0	36.0	-1.465917975324032	0.0	0.05235987755982988	35.0	13.0	-0.06965457372856809	2.5	0.0	23.773027610817522	33.53089357462393	-2.2513161387214797	0.2777777777777778	0.0	
15.0	36.0	-1.465917975324032	0.0	0.05235987755982988	35.0	13.0	-0.06965457372856809	2.5	0.0	36.50921104432701	14.312357429849573	-2.513115526520629	0.5555555555555556	0.0	
15.0	27.0	0.9023220326758823	0.0	0.05235987755982988	25.0	30.0	-0.3194084437201483	0.5555555555555556	0.0	16.063260572168275	32.539131426105754	-1.3666059949167462	0.8333333333333333	0.0	
15.0	27.0	0.9023220326758823	0.0	0.05235987755982988	25.0	30.0	-0.3194084437201483	0.5555555555555556	0.0	16.637956343300964	30.623478855663453	-1.104806607117597	0.5555555555555556	0.0	
15.0	27.0	0.9023220326758823	0.0	0.05235987755982988	25.0	30.0	-0.3194084437201483	0.5555555555555556	0.0	23.563260572168275	34.789131426105754	-1.104806607117597	0.2777777777777778	0.0	
15.0	27.0	0.9023220326758823	0.0	0.05235987755982988	25.0	30.0	-0.3194084437201483	0.5555555555555556	0.0	23.563260572168275	34.789131426105754	-1.4538724575164625	1.3888888888888888	0.0	
14.0	34.0	-0.735151816671662	0.0	0.12217304763960307	27.0	20.0	-0.8224182792713783	2.7777777777777777	0.0	27.413967458131495	26.90225549683639	-2.4804810686659913	0.8333333333333333	0.0	
14.0	34.0	-0.735151816671662	0.0	0.12217304763960307	27.0	20.0	-0.8224182792713783	2.7777777777777777	0.0	25.2155869832526	24.860902198734557	-2.218681680866842	0.2777777777777778	0.0	
14.0	34.0	-0.735151816671662	0.0	0.12217304763960307	27.0	20.0	-0.8224182792713783	2.7777777777777777	0.0	23.4311739665052	29.72180439746911	-2.4804810686659913	0.2777777777777778	0.0	
14.0	34.0	-0.735151816671662	0.0	0.12217304763960307	27.0	20.0	-0.8224182792713783	2.7777777777777777	0.0	23.4311739665052	29.72180439746911	-2.4804810686659913	1.1111111111111112	0.0	
5.0	13.0	0.7284254607165068	0.0	-0.06981317007977318	21.0	30.0	1.3392906989145228	1.3888888888888888	0.0	13.359000036535985	29.176823495024955	-0.755104403478672	0.2777777777777778	0.0	
5.0	13.0	0.7284254607165068	0.0	-0.06981317007977318	21.0	30.0	1.3392906989145228	1.3888888888888888	0.0	9.359000036535985	24.926823495024955	-0.9296373286781048	1.3888888888888888	0.0	
5.0	13.0	0.7284254607165068	0.0	-0.06981317007977318	21.0	30.0	1.3392906989145228	1.3888888888888888	0.0	5.359000036535985	20.676823495024955	-0.8423708660783902	0.2777777777777778	0.0	
5.0	13.0	0.7284254607165068	0.0	-0.06981317007977318	21.0	30.0	1.3392906989145228	1.3888888888888888	0.0	17.359000036535985	33.426823495024955	-0.8423708660783902	1.3888888888888888	0.0	
22.0	14.0	1.161779309798538	0.0	0.12217304763960307	12.0	34.0	1.3363122349979708	1.9444444444444444	0.0	12.711145618000169	28.105572809000083	0.2891146838013734	0.2777777777777778	0.0	
22.0	14.0	1.161779309798538	0.0	0.12217304763960307	12.0	34.0	1.3363122349979708	1.9444444444444444	0.0	12.52786404500042	21.76393202250021	0.3763811464010898	0.2777777777777778	0.0	
22.0	14.0	1.161779309798538	0.0	0.12217304763960307	12.0	34.0	1.3363122349979708	1.9444444444444444	0.0	14.316718427000252	22.658359213500127	0.5509140716005225	0.2777777777777778	0.0	
22.0	14.0	1.161779309798538	0.0	0.12217304763960307	12.0	34.0	1.3363122349979708	1.9444444444444444	0.0	12.711145618000169	28.105572809000083	0.5509140716005225	0.2777777777777778	0.0	
21.0	17.0	2.8673910758991985	0.0	-0.05235987755982988	11.0	18.0	2.8673910758991985	0.2777777777777778	0.0	18.101985123916005	13.269851239160044	1.3838612117040183	0.8333333333333333	0.0	
21.0	17.0	2.8673910758991985	0.0	-0.05235987755982988	11.0	18.0	2.8673910758991985	0.2777777777777778	0.0	15.601985123916005	13.519851239160044	1.4711276743037347	1.1111111111111112	0.0	
21.0	17.0	2.8673910758991985	0.0	-0.05235987755982988	11.0	18.0	2.8673910758991985	0.2777777777777778	0.0	10.502481404895006	13.024814048950054	1.4711276743037347	0.8333333333333333	0.0	
21.0	17.0	2.8673910758991985	0.0	-0.05235987755982988	11.0	18.0	2.8673910758991985	0.2777777777777778	0.0	10.800992561958003	16.00992561958002	1.558394136903451	0.2777777777777778	0.0	
22.0	14.0	1.459607992793985	0.0	-0.03490658503988659	15.0	30.0	2.245006156191433	1.3888888888888888	0.0	11.335370660391245	28.39672466392117	0.23787751639795474	1.1111111111111112	0.0	
22.0	14.0	1.459607992793985	0.0	-0.03490658503988659	15.0	30.0	2.245006156191433	1.3888888888888888	0.0	12.251527995293433	28.797543497940875	0.3251439789976711	0.5555555555555556	0.0	
22.0	14.0	1.459607992793985	0.0	-0.03490658503988659	15.0	30.0	2.245006156191433	1.3888888888888888	0.0	14.835370660391245	20.39672466392117	0.3251439789976711	0.8333333333333333	0.0	
22.0	14.0	1.459607992793985	0.0	-0.03490658503988659	15.0	30.0	2.245006156191433	1.3888888888888888	0.0	12.251527995293433	28.797543497940875	0.49967690419710387	0.5555555555555556	0.0	
26.0	24.0	3.1250923823838317	0.0	-0.017453292519943295	8.0	14.0	-2.1108953735991576	0.8333333333333333	0.0	8.971285862357265	12.251685447756925	2.0778948311872334	0.2777777777777778	0.0	
26.0	24.0	3.1250923823838317	0.0	-0.017453292519943295	8.0	14.0	-2.1108953735991576	0.8333333333333333	0.0	9.942571724714528	10.503370895513848	2.0778948311872334	0.2777777777777778	0.0	
26.0	24.0	3.1250923823838317	0.0	-0.017453292519943295	8.0	14.0	-2.1108953735991576	0.8333333333333333	0.0	18.456928793535894	16.377528171635387	2.252427756386666	0.5555555555555556	0.0	
26.0	24.0	3.1250923823838317	0.0	-0.017453292519943295	8.0	14.0	-2.1108953735991576	0.8333333333333333	0.0	18.456928793535894	16.377528171635387	2.252427756386666	0.2777777777777778	0.0	
37.0	14.0	2.7052603405912112	0.0	0.15707963267948966	14.0	37.0	2.181661564992912	0.8333333333333333	0.0	16.214466094067262	27.714466094067262	0.7853981633974483	0.8333333333333333	0.0	
37.0	14.0	2.7052603405912112	0.0	0.15707963267948966	14.0	37.0	2.181661564992912	0.8333333333333333	0.0	10.464466094067262	33.46446609406726	0.8726646259971647	0.2777777777777778	0.0	
37.0	14.0	2.7052603405912112	0.0	0.15707963267948966	14.0	37.0	2.181661564992912	0.8333333333333333	0.0	17.628679656440358	29.128679656440358	0.6981317007977319	0.2777777777777778	0.0	
37.0	14.0	2.7052603405912112	0.0	0.15707963267948966	14.0	37.0	2.181661564992912	0.8333333333333333	0.0	23.378679656440358	23.378679656440358	0.6981317007977319	0.2777777777777778	0.0	
4.0	15.0	0.0	0.0	0.15707963267948966	27.0	15.0	-0.5235987755982987	2.2222222222222223	0.0	9.75	19.0	-1.5707963267948966	1.1111111111111112	0.0	
4.0	15.0	0.0	0.0	0.15707963267948966	27.0	15.0	-0.5235987755982987	2.2222222222222223	0.0	27.0	17.0	-1.3962634015954638	0.2777777777777778	0.0	
4.0	15.0	0.0	0.0	0.15707963267948966	27.0	15.0	-0.5235987755982987	2.2222222222222223	0.0	15.5	18.0	-1.3962634015954638	0.8333333333333333	0.0	
4.0	15.0	0.0	0.0	0.15707963267948966	27.0	15.0	-0.5235987755982987	2.2222222222222223	0.0	27.0	18.0	-1.7453292519943293	0.5555555555555556	0.0	
31.0	16.0	2.7105809151842557	0.0	0.15707963267948966	20.0	14.0	-2.263607452999583	1.1111111111111112	0.0	20.53665631459995	11.048390269700278	1.576116901387942	0.5555555555555556	0.0	
31.0	16.0	2.7105809151842557	0.0	0.15707963267948966	20.0	14.0	-2.263607452999583	1.1111111111111112	0.0	26.215541752799933	11.06452035960037	1.9251827517868074	1.1111111111111112	0.0	
31.0	16.0	2.7105809151842557	0.0	0.15707963267948966	20.0	14.0	-2.263607452999583	1.1111111111111112	0.0	28.965541752799933	11.56452035960037	1.6633833639876583	0.5555555555555556	0.0	
31.0	16.0	2.7105809151842557	0.0	0.15707963267948966	20.0	14.0	-2.263607452999583	1.1111111111111112	0.0	23.28665631459995	11.548390269700278	1.7506498265873747	0.2777777777777778	0.0	
10.0	14.0	1.051650212548374	0.0	-0.10471975511965977	18.0	28.0	0.8771172873489412	0.8333333333333333	0.0	7.658784289377704	19.98069469178417	-0.4318796516468062	0.2777777777777778	0.0	
10.0	14.0	1.051650212548374	0.0	-0.10471975511965977	18.0	28.0	0.8771172873489412	0.8333333333333333	0.0	9.658784289377703	23.48069469178417	-0.6936790394459553	0.5555555555555556	0.0	
10.0	14.0	1.051650212548374	0.0	-0.10471975511965977	18.0	28.0	0.8771172873489412	0.8333333333333333	0.0	12.527027431502162	26.484555753427333	-0.606412576846239	0.5555555555555556	0.0	
10.0	14.0	1.051650212548374	0.0	-0.10471975511965977	18.0	28.0	0.8771172873489412	0.8333333333333333	0.0	7.658784289377704	19.98069469178417	-0.3446131890470898	0.5555555555555556	0.0	
13.0	14.0	-0.7435549802193089	0.0	0.13962634015954636	35.0	13.0	-0.5690220550198757	0.2777777777777778	0.0	24.181630643674602	17.495874160841197	-1.7907525314159063	0.2777777777777778	0.0	
13.0	14.0	-0.7435549802193089	0.0	0.13962634015954636	35.0	13.0	-0.5690220550198757	0.2777777777777778	0.0	18.5908153218373	15.747937080420598	-1.7907525314159063	0.5555555555555556	0.0	
13.0	14.0	-0.7435549802193089	0.0	0.13962634015954636	35.0	13.0	-0.5690220550198757	0.2777777777777778	0.0	29.63622298275595	16.246905620630898	-1.5289531436167572	0.2777777777777778	0.0	
13.0	14.0	-0.7435549802193089	0.0	0.13962634015954636	35.0	13.0	-0.5690220550198757	0.2777777777777778	0.0	29.63622298275595	16.246905620630898	-1.4416866810170408	0.5555555555555556	0.0	
9.0	35.0	-0.6549447218037181	0.0	0.13962634015954636	28.0	29.0	-1.004010572202584	0.2777777777777778	0.0	23.852262735874195	32.407165330268285	-2.0512081233991815	0.2777777777777778	0.0	
9.0	35.0	-0.6549447218037181	0.0	0.13962634015954636	28.0	29.0	-1.004010572202584	0.2777777777777778	0.0	19.102262735874195	33.907165330268285	-1.702142273000316	0.2777777777777778	0.0	
9.0	35.0	-0.6549447218037181	0.0	0.13962634015954636	28.0	29.0	-1.004010572202584	0.2777777777777778	0.0	19.102262735874195	33.907165330268285	-1.702142273000316	0.5555555555555556	0.0	
9.0	35.0	-0.6549447218037181	0.0	0.13962634015954636	28.0	29.0	-1.004010572202584	0.2777777777777778	0.0	23.852262735874195	32.407165330268285	-2.0512081233991815	0.2777777777777778	0.0	
22.0	35.0	-1.4219063791853994	0.0	0.10471975511965977	25.0	15.0	-2.1200380799831313	2.2222222222222223	0.0	28.44468176434149	25.741702264651224	-2.9054362433805796	1.3888888888888888	0.0	
22.0	35.0	-1.4219063791853994	0.0	0.10471975511965977	25.0	15.0	-2.1200380799831313	2.2222222222222223	0.0	28.95574541147319	15.593361811720978	-2.992702705980296	1.1111111111111112	0.0	
22.0	35.0	-1.4219063791853994	0.0	0.10471975511965977	25.0	15.0	-2.1200380799831313	2.2222222222222223	0.0	24.727872705736594	30.296680905860487	3.1159496759998575	0.5555555555555556	0.0	
22.0	35.0	-1.4219063791853994	0.0	0.10471975511965977	25.0	15.0	-2.1200380799831313	2.2222222222222223	0.0	26.46680905860489	25.445021358790733	3.1159496759998575	0.5555555555555556	0.0	
37.0	37.0	-2.140018985894324	0.0	-0.10471975511965977	14.0	12.0	-2.750884224092339	0.8333333333333333	0.0	34.929655058809146	27.36471734589558	2.2233041440915002	0.2777777777777778	0.0	
37.0	37.0	-2.140018985894324	0.0	-0.10471975511965977	14.0	12.0	-2.750884224092339	0.8333333333333333	0.0	28.44372404704732	21.791773876716466	2.3105706066912166	0.2777777777777778	0.0	
37.0	37.0	-2.140018985894324	0.0	-0.10471975511965977	14.0	12.0	-2.750884224092339	0.8333333333333333	0.0	22.69372404704732	15.541773876716466	2.4851035318906494	0.5555555555555556	0.0	
37.0	37.0	-2.140018985894324	0.0	-0.10471975511965977	14.0	12.0	-2.750884224092339	0.8333333333333333	0.0	16.94372404704732	9.291773876716466	2.3105706066912166	0.2777777777777778	0.0	
19.0	18.0	0.9640563193081562	0.0	-0.05235987755982988	20.0	30.0	2.2730532583039036	0.0	0.0	17.50690848351024	24.166090959707482	-0.08314123188844036	0.2777777777777778	0.0	
19.0	18.0	0.9640563193081562	0.0	-0.05235987755982988	20.0	30.0	2.2730532583039036	0.0	0.0	15.763816967020482	27.33218191941496	-0.1704076944881585	0.5555555555555556	0.0	
19.0	18.0	0.9640563193081562	0.0	-0.05235987755982988	20.0	30.0	2.2730532583039036	0.0	0.0	14.517271208775602	24.4152273992687	0.0041252307112742415	0.5555555555555556	0.0	
19.0	18.0	0.9640563193081562	0.0	-0.05235987755982988	20.0	30.0	2.2730532583039036	0.0	0.0	17.01036272526536	30.24913643956122	-0.1704076944881585	0.2777777777777778	0.0	
15.0	14.0	0.3140653106536022	0.0	0.17453292519943295	25.0	30.0	1.4485293244499164	0.0	0.0	16.608006783979647	24.11999576001272	-0.6458657779432784	0.2777777777777778	0.0	
15.0	14.0	0.3140653106536022	0.0	0.17453292519943295	25.0	30.0	1.4485293244499164	0.0	0.0	22.456005087984735	31.58999682000954	-0.38406639014412924	0.8333333333333333	0.0	
15.0	14.0	0.3140653106536022	0.0	0.17453292519943295	25.0	30.0	1.4485293244499164	0.0	0.0	18.26000847997456	28.6499947000159	-0.7331322405429948	1.3888888888888888	0.0	
15.0	14.0	0.3140653106536022	0.0	0.17453292519943295	25.0	30.0	1.4485293244499164	0.0	0.0	14.108006783979647	20.11999576001272	-0.7331322405429948	0.2777777777777778	0.0	
30.0	32.0	-3.066728380881522	0.0	0.03490658503988659	20.0	33.0	-2.804928993082372	0.0	0.0	24.701488842937003	29.514888429370032	1.4711276743037347	0.5555555555555556	0.0	
30.0	32.0	-3.066728380881522	0.0	0.03490658503988659	20.0	33.0	-2.804928993082372	0.0	0.0	24.701488842937003	29.514888429370032	1.296594749104302	0.2777777777777778	0.0	
30.0	32.0	-3.066728380881522	0.0	0.03490658503988659	20.0	33.0	-2.804928993082372	0.0	0.0	22.002481404895008	27.774814048950056	1.558394136903451	1.3888888888888888	0.0	
30.0	32.0	-3.066728380881522	0.0	0.03490658503988659	20.0	33.0	-2.804928993082372	0.0	0.0	19.701488842937003	30.014888429370032	1.296594749104302	0.2777777777777778	0.0	
37.0	12.0	3.024922902786072	0.0	-0.03490658503988659	3.0	13.0	-2.6473971661955	0.8333333333333333	0.0	28.35300474199054	7.252161227678235	1.5413930385908916	1.3888888888888888	0.0	
37.0	12.0	3.024922902786072	0.0	-0.03490658503988659	3.0	13.0	-2.6473971661955	0.8333333333333333	0.0	11.38240379359243	8.751728982142588	1.7159259637903244	0.5555555555555556	0.0	
37.0	12.0	3.024922902786072	0.0	-0.03490658503988659	3.0	13.0	-2.6473971661955	0.8333333333333333	0.0	19.85300474199054	7.502161227678235	1.628659501190608	0.8333333333333333	0.0	
37.0	12.0	3.024922902786072	0.0	-0.03490658503988659	3.0	13.0	-2.6473971661955	0.8333333333333333	0.0	11.353004741990537	7.752161227678235	1.4541265759911752	0.8333333333333333	0.0	
32.0	33.0	3.109430190171171	0.0	0.08726646259971647	7.0	36.0	-2.650156341410116	2.7777777777777777	0.0	12.892564338144709	32.271369484539235	1.2768344755771253	0.5555555555555556	0.0	
32.0	33.0	3.109430190171171	0.0	0.08726646259971647	7.0	36.0	-2.650156341410116	2.7777777777777777	0.0	6.761709558763139	34.01424632302616	1.451367400776558	0.2777777777777778	0.0	
32.0	33.0	3.109430190171171	0.0	0.08726646259971647	7.0	36.0	-2.650156341410116	2.7777777777777777	0.0	19.14256433814471	31.521369484539235	1.3641009381768416	0.5555555555555556	0.0	
32.0	33.0	3.109430190171171	0.0	0.08726646259971647	7.0	36.0	-2.650156341410116	2.7777777777777777	0.0	12.892564338144709	32.271369484539235	1.2768344755771253	0.5555555555555556	0.0	
16.0	15.0	-2.7925268031909276	0.0	-0.06981317007977318	5.0	15.0	2.7925268031909276	1.6666666666666665	0.0	10.5	12.0	1.658062789394613	0.8333333333333333	0.0	
16.0	15.0	-2.7925268031909276	0.0	-0.06981317007977318	5.0	15.0	2.7925268031909276	1.6666666666666665	0.0	5.0	10.0	1.658062789394613	0.8333333333333333	0.0	
16.0	15.0	-2.7925268031909276	0.0	-0.06981317007977318	5.0	15.0	2.7925268031909276	1.6666666666666665	0.0	13.25	12.0	1.5707963267948966	0.8333333333333333	0.0	
16.0	15.0	-2.7925268031909276	0.0	-0.06981317007977318	5.0	15.0	2.7925268031909276	1.6666666666666665	0.0	5.0	12.0	1.4835298641951802	0.5555555555555556	0.0	
16.0	17.0	1.3803044037810377	0.0	0.017453292519943295	15.0	31.0	2.0784361045787696	0.5555555555555556	0.0	11.26016520067706	27.215011800048362	-0.015958997814426112	0.5555555555555556	0.0	
16.0	17.0	1.3803044037810377	0.0	0.017453292519943295	15.0	31.0	2.0784361045787696	0.5555555555555556	0.0	10.262706500846324	27.143764750060452	0.15857392738500664	1.3888888888888888	0.0	
16.0	17.0	1.3803044037810377	0.0	0.017453292519943295	15.0	31.0	2.0784361045787696	0.5555555555555556	0.0	12.757623900507795	20.286258850036273	-0.10322546041414249	0.2777777777777778	0.0	
16.0	17.0	1.3803044037810377	0.0	0.017453292519943295	15.0	31.0	2.0784361045787696	0.5555555555555556	0.0	10.512706500846324	23.643764750060452	0.24584038998472302	1.3888888888888888	0.0	
3.0	37.0	0.6350267353903138	0.0	-0.08726646259971647	36.0	32.0	-0.412170815806284	1.1111111111111112	0.0	11.84922151771198	39.704862016899064	-1.5466348296025982	1.1111111111111112	0.0	
3.0	37.0	0.6350267353903138	0.0	-0.08726646259971647	36.0	32.0	-0.412170815806284	1.1111111111111112	0.0	28.349221517711978	37.204862016899064	-1.721167754802031	0.5555555555555556	0.0	
3.0	37.0	0.6350267353903138	0.0	-0.08726646259971647	36.0	32.0	-0.412170815806284	1.1111111111111112	0.0	20.099221517711978	38.454862016899064	-1.8957006800014637	0.8333333333333333	0.0	
3.0	37.0	0.6350267353903138	0.0	-0.08726646259971647	36.0	32.0	-0.412170815806284	1.1111111111111112	0.0	20.099221517711978	38.454862016899064	-1.8957006800014637	1.1111111111111112	0.0	
11.0	14.0	0.839023176652594	0.0	-0.06981317007977318	18.0	37.0	1.7989542652494759	0.0	0.0	11.466630597855708	32.70580807891348	-0.4699737623431517	1.1111111111111112	0.0	
11.0	14.0	0.839023176652594	0.0	-0.06981317007977318	18.0	37.0	1.7989542652494759	0.0	0.0	16.086652239142282	37.58232323156539	-0.12090791194428618	0.5555555555555556	0.0	
11.0	14.0	0.839023176652594	0.0	-0.06981317007977318	18.0	37.0	1.7989542652494759	0.0	0.0	7.9666305978557075	21.20580807891348	-0.12090791194428618	0.2777777777777778	0.0	
11.0	14.0	0.839023176652594	0.0	-0.06981317007977318	18.0	37.0	1.7989542652494759	0.0	0.0	12.423304478284566	32.41464646313079	-0.12090791194428618	0.2777777777777778	0.0	
33.0	15.0	2.323558619597076	0.0	0.10471975511965977	5.0	36.0	2.759890932595658	1.1111111111111112	0.0	17.2	23.1	1.101828143201045	0.8333333333333333	0.0	
33.0	15.0	2.323558619597076	0.0	0.10471975511965977	5.0	36.0	2.759890932595658	1.1111111111111112	0.0	16.6	22.3	1.101828143201045	1.1111111111111112	0.0	
33.0	15.0	2.323558619597076	0.0	0.10471975511965977	5.0	36.0	2.759890932595658	1.1111111111111112	0.0	9.0	26.75	1.0145616806013287	0.5555555555555556	0.0	
33.0	15.0	2.323558619597076	0.0	0.10471975511965977	5.0	36.0	2.759890932595658	1.1111111111111112	0.0	23.0	16.25	0.7527622928021795	1.1111111111111112	0.0	
16.0	30.0	0.07788221481491053	0.0	-0.10471975511965977	28.0	32.0	0.07788221481491053	2.2222222222222223	0.0	18.506803038083927	33.45918177149643	-1.2311147241808378	0.2777777777777778	0.0	
16.0	30.0	0.07788221481491053	0.0	-0.10471975511965977	28.0	32.0	0.07788221481491053	2.2222222222222223	0.0	24.34240405077857	35.44557569532857	-1.3183811867805524	0.2777777777777778	0.0	
16.0	30.0	0.07788221481491053	0.0	-0.10471975511965977	28.0	32.0	0.07788221481491053	2.2222222222222223	0.0	18.178005063473215	35.43196961916072	-1.4056476493802705	0.8333333333333333	0.0	
16.0	30.0	0.07788221481491053	0.0	-0.10471975511965977	28.0	32.0	0.07788221481491053	2.2222222222222223	0.0	18.178005063473215	35.43196961916072	-1.492914111979986	1.3888888888888888	0.0	
27.0	18.0	2.715754911921149	0.0	-0.17453292519943295	14.0	19.0	-2.8692986944607046	0.5555555555555556	0.0	16.866517505576315	13.764727572492092	1.6685573607245514	0.5555555555555556	0.0	
27.0	18.0	2.715754911921149	0.0	-0.17453292519943295	14.0	19.0	-2.8692986944607046	0.5555555555555556	0.0	20.19321400446105	14.511782057993674	1.6685573607245514	0.2777777777777778	0.0	
27.0	18.0	2.715754911921149	0.0	-0.17453292519943295	14.0	19.0	-2.8692986944607046	0.5555555555555556	0.0	23.366517505576315	13.264727572492092	1.4067579729254023	0.2777777777777778	0.0	
27.0	18.0	2.715754911921149	0.0	-0.17453292519943295	14.0	19.0	-2.8692986944607046	0.5555555555555556	0.0	20.346607002230527	16.505891028996835	1.4067579729254023	0.2777777777777778	0.0	
17.0	20.0	1.9427248118442106	0.0	0.03490658503988659	15.0	30.0	1.3318595736461951	1.3888888888888888	0.0	10.097096621545399	29.01941932430908	0.2846620224495968	1.3888888888888888	0.0	
17.0	20.0	1.9427248118442106	0.0	0.03490658503988659	15.0	30.0	1.3318595736461951	1.3888888888888888	0.0	12.05825797292724	29.41165159458545	0.11012909725016407	0.2777777777777778	0.0	
17.0	20.0	1.9427248118442106	0.0	0.03490658503988659	15.0	30.0	1.3318595736461951	1.3888888888888888	0.0	12.05825797292724	29.41165159458545	0.19739555984988044	0.8333333333333333	0.0	
17.0	20.0	1.9427248118442106	0.0	0.03490658503988659	15.0	30.0	1.3318595736461951	1.3888888888888888	0.0	13.55825797292724	21.91165159458545	0.11012909725016407	0.8333333333333333	0.0	
25.0	36.0	-2.995570368274354	0.0	0.0	17.0	27.0	-1.6865734292786068	1.1111111111111112	0.0	25.24222795605098	31.75690848351024	2.4149503129080676	0.5555555555555556	0.0	
25.0	36.0	-2.995570368274354	0.0	0.0	17.0	27.0	-1.6865734292786068	1.1111111111111112	0.0	24.49481863736732	32.42127232234016	2.240417387708635	0.2777777777777778	0.0	
25.0	36.0	-2.995570368274354	0.0	0.0	17.0	27.0	-1.6865734292786068	1.1111111111111112	0.0	25.24222795605098	31.75690848351024	2.3276838503083512	0.8333333333333333	0.0	
25.0	36.0	-2.995570368274354	0.0	0.0	17.0	27.0	-1.6865734292786068	1.1111111111111112	0.0	18.49481863736732	25.67127232234016	2.5894832381075004	0.5555555555555556	0.0	
