400
36.0	26.0	2.6344941491974563	0.0	0.08726646259971647	27.0	31.0	2.54722768659774	1.1111111111111112	0.0	25.543071206464106	28.377528171635387	1.150964285002276	0.5555555555555556	0.0	
36.0	26.0	2.6344941491974563	0.0	0.08726646259971647	27.0	31.0	2.54722768659774	1.1111111111111112	0.0	26.028714137642737	29.251685447756923	1.150964285002276	0.5555555555555556	0.0	
36.0	26.0	2.6344941491974563	0.0	0.08726646259971647	27.0	31.0	2.54722768659774	1.1111111111111112	0.0	27.30742827528547	26.25337089551385	1.2382307476019925	0.5555555555555556	0.0	
36.0	26.0	2.6344941491974563	0.0	0.08726646259971647	27.0	31.0	2.54722768659774	1.1111111111111112	0.0	29.55742827528547	25.00337089551385	0.9764313598028433	0.8333333333333333	0.0	
31.0	22.0	2.900491564614537	0.0	0.06981317007977318	16.0	23.0	2.900491564614537	1.1111111111111112	0.0	15.80044296842868	20.006644526430172	1.5042281630190732	0.8333333333333333	0.0	
31.0	22.0	2.900491564614537	0.0	0.06981317007977318	16.0	23.0	2.900491564614537	1.1111111111111112	0.0	23.233923957904906	18.508859368573564	1.5042281630190732	0.5555555555555556	0.0	
31.0	22.0	2.900491564614537	0.0	0.06981317007977318	16.0	23.0	2.900491564614537	1.1111111111111112	0.0	23.366961978952453	20.504429684286784	1.4169617004193569	0.5555555555555556	0.0	
31.0	22.0	2.900491564614537	0.0	0.06981317007977318	16.0	23.0	2.900491564614537	1.1111111111111112	0.0	23.167404947381133	17.511074210716956	1.678761088218506	0.5555555555555556	0.0	
32.0	37.0	3.036218207570723	0.0	0.0	5.0	25.0	2.9489517449710068	0.0	0.0	20.53069233026724	26.430942256898714	1.9890206563741257	1.3888888888888888	0.0	
32.0	37.0	3.036218207570723	0.0	0.0	5.0	25.0	2.9489517449710068	0.0	0.0	19.718415398160342	28.25856535413923	1.814487731174693	0.5555555555555556	0.0	
32.0	37.0	3.036218207570723	0.0	0.0	5.0	25.0	2.9489517449710068	0.0	0.0	19.312276932106897	29.172376902759485	1.9890206563741257	0.5555555555555556	0.0	
32.0	37.0	3.036218207570723	0.0	0.0	5.0	25.0	2.9489517449710068	0.0	0.0	7.030692330267239	20.430942256898714	1.814487731174693	1.3888888888888888	0.0	
37.0	36.0	-2.305488435615942	0.0	-0.17453292519943295	20.0	25.0	2.8432328577673296	0.5555555555555556	0.0	25.87975383447182	25.231289528543545	2.3196340821690313	0.8333333333333333	0.0	
37.0	36.0	-2.305488435615942	0.0	-0.17453292519943295	20.0	25.0	2.8432328577673296	0.5555555555555556	0.0	25.33650255631455	26.070859685695698	2.1451011569695986	0.2777777777777778	0.0	
37.0	36.0	-2.305488435615942	0.0	-0.17453292519943295	20.0	25.0	2.8432328577673296	0.5555555555555556	0.0	21.62975383447182	22.481289528543545	1.9705682317701658	0.8333333333333333	0.0	
37.0	36.0	-2.305488435615942	0.0	-0.17453292519943295	20.0	25.0	2.8432328577673296	0.5555555555555556	0.0	34.37975383447182	30.731289528543545	2.232367619569315	0.5555555555555556	0.0	
7.0	7.0	-0.19792368377361225	0.0	0.15707963267948966	25.0	5.0	0.587474479623836	1.1111111111111112	0.0	25.220863052149692	6.987767469347238	-1.5069206227693597	0.2777777777777778	0.0	
7.0	7.0	-0.19792368377361225	0.0	0.15707963267948966	25.0	5.0	0.587474479623836	1.1111111111111112	0.0	25.441726104299388	8.975534938694476	-1.6814535479687924	1.1111111111111112	0.0	
7.0	7.0	-0.19792368377361225	0.0	0.15707963267948966	25.0	5.0	0.587474479623836	1.1111111111111112	0.0	20.83129457822454	8.481651204020856	-1.6814535479687924	0.8333333333333333	0.0	
7.0	7.0	-0.19792368377361225	0.0	0.15707963267948966	25.0	5.0	0.587474479623836	1.1111111111111112	0.0	25.552157630374236	9.969418673368095	-1.8559864731682252	0.8333333333333333	0.0	
14.0	24.0	-0.37757649028285956	0.0	0.03490658503988659	31.0	25.0	0.3205552105148719	1.6666666666666665	0.0	30.882555956097058	26.99654874634999	-1.5993069666788902	0.2777777777777778	0.0	
14.0	24.0	-0.37757649028285956	0.0	0.03490658503988659	31.0	25.0	0.3205552105148719	1.6666666666666665	0.0	17.956389890242647	29.24137186587498	-1.6865734292786065	0.5555555555555556	0.0	
14.0	24.0	-0.37757649028285956	0.0	0.03490658503988659	31.0	25.0	0.3205552105148719	1.6666666666666665	0.0	18.132555956097058	26.24654874634999	-1.337507578879741	0.5555555555555556	0.0	
14.0	24.0	-0.37757649028285956	0.0	0.03490658503988659	31.0	25.0	0.3205552105148719	1.6666666666666665	0.0	22.32383393414559	27.494823119524987	-1.337507578879741	0.5555555555555556	0.0	
7.0	27.0	-0.12970253715591218	0.0	-0.17453292519943295	30.0	24.0	0.21936331324295377	0.8333333333333333	0.0	24.767356736271076	28.716401644744888	-1.7877653265505256	1.1111111111111112	0.0	
7.0	27.0	-0.12970253715591218	0.0	-0.17453292519943295	30.0	24.0	0.21936331324295377	0.8333333333333333	0.0	30.517356736271076	27.966401644744888	-1.5259659387513764	0.8333333333333333	0.0	
7.0	27.0	-0.12970253715591218	0.0	-0.17453292519943295	30.0	24.0	0.21936331324295377	0.8333333333333333	0.0	19.017356736271076	29.466401644744888	-1.7004988639508092	0.5555555555555556	0.0	
7.0	27.0	-0.12970253715591218	0.0	-0.17453292519943295	30.0	24.0	0.21936331324295377	0.8333333333333333	0.0	13.138017552203307	29.224801233558665	-1.7004988639508092	0.2777777777777778	0.0	
9.0	27.0	-0.6000502134017536	0.0	0.08726646259971647	25.0	30.0	0.621680262994277	0.5555555555555556	0.0	24.631422929899628	31.965744373868645	-1.210915451599769	0.2777777777777778	0.0	
9.0	27.0	-0.6000502134017536	0.0	0.08726646259971647	25.0	30.0	0.621680262994277	0.5555555555555556	0.0	20.631422929899628	31.215744373868645	-1.4727148393989182	0.5555555555555556	0.0	
9.0	27.0	-0.6000502134017536	0.0	0.08726646259971647	25.0	30.0	0.621680262994277	0.5555555555555556	0.0	16.26284585979926	32.43148874773729	-1.3854483767992019	0.8333333333333333	0.0	
9.0	27.0	-0.6000502134017536	0.0	0.08726646259971647	25.0	30.0	0.621680262994277	0.5555555555555556	0.0	24.26284585979926	33.93148874773729	-1.210915451599769	0.2777777777777778	0.0	
36.0	33.0	-2.4120204260785623	0.0	-0.08726646259971647	11.0	23.0	2.9985002551038598	2.7777777777777777	0.0	12.114172029062312	20.214569927344222	2.125835629106694	0.2777777777777778	0.0	
36.0	33.0	-2.4120204260785623	0.0	-0.08726646259971647	11.0	23.0	2.9985002551038598	2.7777777777777777	0.0	11.742781352708208	21.14304661822948	2.125835629106694	0.5555555555555556	0.0	
36.0	33.0	-2.4120204260785623	0.0	-0.08726646259971647	11.0	23.0	2.9985002551038598	2.7777777777777777	0.0	24.61417202906231	25.214569927344222	1.9513027039072615	0.2777777777777778	0.0	
36.0	33.0	-2.4120204260785623	0.0	-0.08726646259971647	11.0	23.0	2.9985002551038598	2.7777777777777777	0.0	12.856953381770518	18.357616545573705	1.9513027039072615	1.1111111111111112	0.0	
28.0	35.0	-2.644198850448586	0.0	0.12217304763960307	5.0	25.0	2.766321830733835	1.6666666666666665	0.0	6.993630557072249	20.414649718733823	1.9809236673363877	0.2777777777777778	0.0	
28.0	35.0	-2.644198850448586	0.0	0.12217304763960307	5.0	25.0	2.766321830733835	1.6666666666666665	0.0	18.0949044456578	26.33171977498706	2.1554565925358204	0.8333333333333333	0.0	
28.0	35.0	-2.644198850448586	0.0	0.12217304763960307	5.0	25.0	2.766321830733835	1.6666666666666665	0.0	18.0949044456578	26.33171977498706	1.8936572047366713	0.8333333333333333	0.0	
28.0	35.0	-2.644198850448586	0.0	0.12217304763960307	5.0	25.0	2.766321830733835	1.6666666666666665	0.0	18.493630557072247	25.414649718733823	1.9809236673363877	1.1111111111111112	0.0	
7.0	25.0	0.3885936087632542	0.0	-0.12217304763960307	30.0	30.0	1.0867253095609861	1.3888888888888888	0.0	23.187851778344783	33.635881819614006	-1.1822027180316432	0.2777777777777778	0.0	
7.0	25.0	0.3885936087632542	0.0	-0.12217304763960307	30.0	30.0	1.0867253095609861	1.3888888888888888	0.0	17.86271106700687	30.431529091768404	-1.1822027180316432	0.5555555555555556	0.0	
7.0	25.0	0.3885936087632542	0.0	-0.12217304763960307	30.0	30.0	1.0867253095609861	1.3888888888888888	0.0	12.112711067006869	29.181529091768404	-1.1822027180316432	0.2777777777777778	0.0	
7.0	25.0	0.3885936087632542	0.0	-0.12217304763960307	30.0	30.0	1.0867253095609861	1.3888888888888888	0.0	17.650281422675825	31.408705455691205	-1.2694691806313578	0.2777777777777778	0.0	
10.0	6.0	0.48651024365125384	0.0	-0.017453292519943295	26.0	4.0	-0.5606873075453436	1.3888888888888888	0.0	26.248069469178418	5.984555753427335	-1.7824177839413746	0.2777777777777778	0.0	
10.0	6.0	0.48651024365125384	0.0	-0.017453292519943295	26.0	4.0	-0.5606873075453436	1.3888888888888888	0.0	26.496138938356836	7.96911150685467	-1.5206183961422255	0.8333333333333333	0.0	
10.0	6.0	0.48651024365125384	0.0	-0.017453292519943295	26.0	4.0	-0.5606873075453436	1.3888888888888888	0.0	14.620173672946043	10.461389383568338	-1.6951513213416582	0.5555555555555556	0.0	
10.0	6.0	0.48651024365125384	0.0	-0.017453292519943295	26.0	4.0	-0.5606873075453436	1.3888888888888888	0.0	22.496138938356836	8.46911150685467	-1.6951513213416582	0.2777777777777778	0.0	
31.0	24.0	-2.656436468012682	0.0	-0.03490658503988659	5.0	25.0	2.666817750570023	1.9444444444444444	0.0	11.307834389493982	19.753694126843428	1.4450872741739929	0.2777777777777778	0.0	
31.0	24.0	-2.656436468012682	0.0	-0.03490658503988659	5.0	25.0	2.666817750570023	1.9444444444444444	0.0	4.846267511595185	21.002955301474742	1.4450872741739929	0.2777777777777778	0.0	
31.0	24.0	-2.656436468012682	0.0	-0.03490658503988659	5.0	25.0	2.666817750570023	1.9444444444444444	0.0	11.307834389493982	19.753694126843428	1.4450872741739929	0.5555555555555556	0.0	
31.0	24.0	-2.656436468012682	0.0	-0.03490658503988659	5.0	25.0	2.666817750570023	1.9444444444444444	0.0	11.307834389493982	19.753694126843428	1.5323537367737092	1.3888888888888888	0.0	
34.0	24.0	2.5780151908682045	0.0	0.13962634015954636	22.0	37.0	1.4435511770718907	0.8333333333333333	0.0	25.060786221490048	27.786879589067738	0.9199524014735907	1.1111111111111112	0.0	
34.0	24.0	2.5780151908682045	0.0	0.13962634015954636	22.0	37.0	1.4435511770718907	0.8333333333333333	0.0	22.060786221490048	31.036879589067738	0.7454194762741579	0.8333333333333333	0.0	
34.0	24.0	2.5780151908682045	0.0	0.13962634015954636	22.0	37.0	1.4435511770718907	0.8333333333333333	0.0	20.530393110745024	35.64343979453387	0.6581530136744416	0.5555555555555556	0.0	
34.0	24.0	2.5780151908682045	0.0	0.13962634015954636	22.0	37.0	1.4435511770718907	0.8333333333333333	0.0	27.32598277686256	23.858599486334672	0.9199524014735907	0.5555555555555556	0.0	
27.0	37.0	-1.8144877311746928	0.0	-0.15707963267948966	32.0	24.0	-0.5054907921789455	0.8333333333333333	0.0	32.30003681860918	31.576937237926607	-2.6871523571718576	0.2777777777777778	0.0	
27.0	37.0	-1.8144877311746928	0.0	-0.15707963267948966	32.0	24.0	-0.5054907921789455	0.8333333333333333	0.0	35.416728031015296	29.044895396544344	-2.9489517449710068	0.2777777777777778	0.0	
27.0	37.0	-1.8144877311746928	0.0	-0.15707963267948966	32.0	24.0	-0.5054907921789455	0.8333333333333333	0.0	33.23338242481224	31.935916317235474	-2.5998858945721413	0.8333333333333333	0.0	
27.0	37.0	-1.8144877311746928	0.0	-0.15707963267948966	32.0	24.0	-0.5054907921789455	0.8333333333333333	0.0	33.86669121240612	24.717958158617737	-2.6871523571718576	0.5555555555555556	0.0	
35.0	28.0	-2.200071538291584	0.0	0.10471975511965977	6.0	26.0	2.7741168298922556	0.2777777777777778	0.0	20.637604183230756	25.004739343154032	1.5523863534962246	0.2777777777777778	0.0	
35.0	28.0	-2.200071538291584	0.0	0.10471975511965977	6.0	26.0	2.7741168298922556	0.2777777777777778	0.0	27.956406274846135	24.50710901473105	1.7269192786956573	0.2777777777777778	0.0	
35.0	28.0	-2.200071538291584	0.0	0.10471975511965977	6.0	26.0	2.7741168298922556	0.2777777777777778	0.0	20.775208366461513	23.009478686308068	1.8141857412953737	1.1111111111111112	0.0	
35.0	28.0	-2.200071538291584	0.0	0.10471975511965977	6.0	26.0	2.7741168298922556	0.2777777777777778	0.0	27.956406274846135	24.50710901473105	1.639652816095941	0.8333333333333333	0.0	
17.0	4.0	2.8902878371205825	0.0	-0.17453292519943295	4.0	5.0	-3.1310980822598546	2.2222222222222223	0.0	13.443214004461053	0.2617820579936736	1.6685573607245514	0.2777777777777778	0.0	
17.0	4.0	2.8902878371205825	0.0	-0.17453292519943295	4.0	5.0	-3.1310980822598546	2.2222222222222223	0.0	13.443214004461053	0.2617820579936736	1.4940244355251187	0.2777777777777778	0.0	
17.0	4.0	2.8902878371205825	0.0	-0.17453292519943295	4.0	5.0	-3.1310980822598546	2.2222222222222223	0.0	6.866517505576316	-0.23527242750790833	1.581290898124835	1.3888888888888888	0.0	
17.0	4.0	2.8902878371205825	0.0	-0.17453292519943295	4.0	5.0	-3.1310980822598546	2.2222222222222223	0.0	10.346607002230526	2.505891028996837	1.4940244355251187	0.5555555555555556	0.0	
35.0	30.0	-2.640833501165657	0.0	-0.10471975511965977	4.0	28.0	3.0314865678159144	2.2222222222222223	0.0	19.821911389989825	24.01037345515771	1.4606902410210179	1.3888888888888888	0.0	
35.0	30.0	-2.640833501165657	0.0	-0.10471975511965977	4.0	28.0	3.0314865678159144	2.2222222222222223	0.0	12.007529111991861	24.508298764126167	1.8097560914198834	1.1111111111111112	0.0	
35.0	30.0	-2.640833501165657	0.0	-0.10471975511965977	4.0	28.0	3.0314865678159144	2.2222222222222223	0.0	27.443146833993897	26.506224073094625	1.5479567036207342	0.5555555555555556	0.0	
35.0	30.0	-2.640833501165657	0.0	-0.10471975511965977	4.0	28.0	3.0314865678159144	2.2222222222222223	0.0	19.62876455599593	27.004149382063083	1.5479567036207342	0.5555555555555556	0.0	
4.0	26.0	-0.584130795380406	0.0	0.17453292519943295	37.0	24.0	0.11400090541732588	0.5555555555555556	0.0	20.68148518120567	27.994505489893573	-1.6313283465770034	0.2777777777777778	0.0	
4.0	26.0	-0.584130795380406	0.0	0.17453292519943295	37.0	24.0	0.11400090541732588	0.5555555555555556	0.0	20.68148518120567	27.994505489893573	-1.544061883977287	0.2777777777777778	0.0	
4.0	26.0	-0.584130795380406	0.0	0.17453292519943295	37.0	24.0	0.11400090541732588	0.5555555555555556	0.0	37.30247530200945	28.990842483155955	-1.4567954213775707	0.5555555555555556	0.0	
4.0	26.0	-0.584130795380406	0.0	0.17453292519943295	37.0	24.0	0.11400090541732588	0.5555555555555556	0.0	28.870990120803782	26.496336993262382	-1.8058612717764362	0.5555555555555556	0.0	
19.0	28.0	0.11870698931321533	0.0	-0.05235987755982988	34.0	34.0	0.9913716153103804	1.9444444444444444	0.0	21.264437294583587	33.21390676354104	-1.277556412282248	1.1111111111111112	0.0	
19.0	28.0	0.11870698931321533	0.0	-0.05235987755982988	34.0	34.0	0.9913716153103804	1.9444444444444444	0.0	32.143046618229484	38.642383454426295	-1.3648228748819644	1.1111111111111112	0.0	
19.0	28.0	0.11870698931321533	0.0	-0.05235987755982988	34.0	34.0	0.9913716153103804	1.9444444444444444	0.0	24.64304661822948	35.642383454426295	-1.1902899496825317	0.5555555555555556	0.0	
19.0	28.0	0.11870698931321533	0.0	-0.05235987755982988	34.0	34.0	0.9913716153103804	1.9444444444444444	0.0	24.64304661822948	35.642383454426295	-1.1902899496825317	1.3888888888888888	0.0	
32.0	5.0	-2.77064320638676	0.0	-0.08726646259971647	19.0	7.0	2.1162786991973634	0.5555555555555556	0.0	21.793828447238177	3.5348849070481485	1.5926799235990643	0.2777777777777778	0.0	
32.0	5.0	-2.77064320638676	0.0	-0.08726646259971647	19.0	7.0	2.1162786991973634	0.5555555555555556	0.0	24.739714078730294	1.0581415117469142	1.3308805357999152	0.8333333333333333	0.0	
32.0	5.0	-2.77064320638676	0.0	-0.08726646259971647	19.0	7.0	2.1162786991973634	0.5555555555555556	0.0	18.239714078730294	2.058141511746914	1.2436140732001988	1.3888888888888888	0.0	
32.0	5.0	-2.77064320638676	0.0	-0.08726646259971647	19.0	7.0	2.1162786991973634	0.5555555555555556	0.0	25.195885631492118	4.023256604698766	1.505413460999348	0.2777777777777778	0.0	
13.0	27.0	0.5269922001993272	0.0	-0.08726646259971647	35.0	29.0	0.0033934246010285385	2.7777777777777777	0.0	23.728392761872446	30.98767961940311	-1.3928699769944348	0.2777777777777778	0.0	
13.0	27.0	0.5269922001993272	0.0	-0.08726646259971647	35.0	29.0	0.0033934246010285385	2.7777777777777777	0.0	18.31892850791496	29.491786412935408	-1.3928699769944348	0.5555555555555556	0.0	
13.0	27.0	0.5269922001993272	0.0	-0.08726646259971647	35.0	29.0	0.0033934246010285385	2.7777777777777777	0.0	18.31892850791496	29.491786412935408	-1.3056035143947184	0.5555555555555556	0.0	
13.0	27.0	0.5269922001993272	0.0	-0.08726646259971647	35.0	29.0	0.0033934246010285385	2.7777777777777777	0.0	18.31892850791496	29.491786412935408	-1.3928699769944348	0.2777777777777778	0.0	
12.0	27.0	0.06387570402553733	0.0	0.13962634015954636	30.0	25.0	-0.4597230715727614	0.2777777777777778	0.0	16.720863052149692	28.487767469347236	-1.8559864731682252	0.2777777777777778	0.0	
12.0	27.0	0.06387570402553733	0.0	0.13962634015954636	30.0	25.0	-0.4597230715727614	0.2777777777777778	0.0	21.220863052149692	27.987767469347236	-1.6814535479687924	0.5555555555555556	0.0	
12.0	27.0	0.06387570402553733	0.0	0.13962634015954636	30.0	25.0	-0.4597230715727614	0.2777777777777778	0.0	21.33129457822454	28.981651204020856	-1.594187085369076	0.8333333333333333	0.0	
12.0	27.0	0.06387570402553733	0.0	0.13962634015954636	30.0	25.0	-0.4597230715727614	0.2777777777777778	0.0	17.052157630374236	31.469418673368097	-1.594187085369076	1.1111111111111112	0.0	
17.0	25.0	0.2617993877991496	0.0	0.15707963267948966	30.0	25.0	-0.08726646259971638	0.8333333333333333	0.0	26.75	30.0	-1.658062789394613	0.2777777777777778	0.0	
17.0	25.0	0.2617993877991496	0.0	0.15707963267948966	30.0	25.0	-0.08726646259971638	0.8333333333333333	0.0	20.25	29.0	-1.658062789394613	0.2777777777777778	0.0	
17.0	25.0	0.2617993877991496	0.0	0.15707963267948966	30.0	25.0	-0.08726646259971638	0.8333333333333333	0.0	26.75	30.0	-1.3962634015954638	1.1111111111111112	0.0	
17.0	25.0	0.2617993877991496	0.0	0.15707963267948966	30.0	25.0	-0.08726646259971638	0.8333333333333333	0.0	30.0	27.0	-1.4835298641951802	0.5555555555555556	0.0	
11.0	3.0	0.43633231299858233	0.0	0.017453292519943295	24.0	3.0	-0.8726646259971647	0.5555555555555556	0.0	17.5	6.0	-1.4835298641951802	0.5555555555555556	0.0	
11.0	3.0	0.43633231299858233	0.0	0.017453292519943295	24.0	3.0	-0.8726646259971647	0.5555555555555556	0.0	17.5	5.0	-1.7453292519943293	0.5555555555555556	0.0	
11.0	3.0	0.43633231299858233	0.0	0.017453292519943295	24.0	3.0	-0.8726646259971647	0.5555555555555556	0.0	14.25	5.0	-1.5707963267948966	0.2777777777777778	0.0	
11.0	3.0	0.43633231299858233	0.0	0.017453292519943295	24.0	3.0	-0.8726646259971647	0.5555555555555556	0.0	17.5	8.0	-1.658062789394613	0.2777777777777778	0.0	
7.0	27.0	-0.0767718912697779	0.0	0.17453292519943295	20.0	26.0	0.010494571329938474	1.6666666666666665	0.0	17.133482494423685	31.23527242750791	-1.4730352928652417	0.2777777777777778	0.0	
7.0	27.0	-0.0767718912697779	0.0	0.17453292519943295	20.0	26.0	0.010494571329938474	1.6666666666666665	0.0	13.73008949665421	29.491163456504744	-1.6475682180646745	0.5555555555555556	0.0	
7.0	27.0	-0.0767718912697779	0.0	0.17453292519943295	20.0	26.0	0.010494571329938474	1.6666666666666665	0.0	10.633482494423685	31.73527242750791	-1.6475682180646745	0.5555555555555556	0.0	
7.0	27.0	-0.0767718912697779	0.0	0.17453292519943295	20.0	26.0	0.010494571329938474	1.6666666666666665	0.0	10.633482494423685	31.73527242750791	-1.8221011432641072	0.5555555555555556	0.0	
16.0	27.0	-0.775693343525742	0.0	0.05235987755982988	27.0	22.0	-0.07756164272801014	1.1111111111111112	0.0	25.077605888602367	25.07073295492521	-2.1719567451212054	0.2777777777777778	0.0	
16.0	27.0	-0.775693343525742	0.0	0.05235987755982988	27.0	22.0	-0.07756164272801014	1.1111111111111112	0.0	20.405211777204737	29.391465909850417	-2.1719567451212054	1.1111111111111112	0.0	
16.0	27.0	-0.775693343525742	0.0	0.05235987755982988	27.0	22.0	-0.07756164272801014	1.1111111111111112	0.0	20.81901472150592	30.301832387313024	-1.9101573573220563	0.5555555555555556	0.0	
16.0	27.0	-0.775693343525742	0.0	0.05235987755982988	27.0	22.0	-0.07756164272801014	1.1111111111111112	0.0	20.81901472150592	30.301832387313024	-1.82289089472234	1.1111111111111112	0.0	
31.0	27.0	-2.628488449321433	0.0	-0.05235987755982988	5.0	25.0	3.1310980822598546	2.2222222222222223	0.0	11.73008949665421	22.508836543495256	1.4730352928652417	0.8333333333333333	0.0	
31.0	27.0	-2.628488449321433	0.0	-0.05235987755982988	5.0	25.0	3.1310980822598546	2.2222222222222223	0.0	18.230089496654212	23.008836543495256	1.7348346806643908	0.5555555555555556	0.0	
31.0	27.0	-2.628488449321433	0.0	-0.05235987755982988	5.0	25.0	3.1310980822598546	2.2222222222222223	0.0	11.653392997769474	23.505891028996835	1.8221011432641072	0.5555555555555556	0.0	
31.0	27.0	-2.628488449321433	0.0	-0.05235987755982988	5.0	25.0	3.1310980822598546	2.2222222222222223	0.0	11.883482494423685	20.51472757249209	1.8221011432641072	1.3888888888888888	0.0	
25.0	25.0	-3.141592653589793	0.0	0.0	10.0	25.0	3.0543261909900767	0.5555555555555556	0.0	21.25	23.0	1.5707963267948966	0.2777777777777778	0.0	
25.0	25.0	-3.141592653589793	0.0	0.0	10.0	25.0	3.0543261909900767	0.5555555555555556	0.0	13.75	23.0	1.7453292519943293	0.5555555555555556	0.0	
25.0	25.0	-3.141592653589793	0.0	0.0	10.0	25.0	3.0543261909900767	0.5555555555555556	0.0	10.0	21.0	1.5707963267948966	0.2777777777777778	0.0	
25.0	25.0	-3.141592653589793	0.0	0.0	10.0	25.0	3.0543261909900767	0.5555555555555556	0.0	10.0	21.0	1.3962634015954638	1.1111111111111112	0.0	
35.0	25.0	2.7176625304826567	0.0	0.06981317007977318	24.0	34.0	2.106797292284641	2.7777777777777777	0.0	22.733524419485473	32.45208540159336	1.059599741088043	0.2777777777777778	0.0	
35.0	25.0	2.7176625304826567	0.0	0.06981317007977318	24.0	34.0	2.106797292284641	2.7777777777777777	0.0	26.96704883897095	26.404170803186716	0.7978003532888938	0.5555555555555556	0.0	
35.0	25.0	2.7176625304826567	0.0	0.06981317007977318	24.0	34.0	2.106797292284641	2.7777777777777777	0.0	24.21704883897095	28.654170803186716	0.9723332784883265	0.8333333333333333	0.0	
35.0	25.0	2.7176625304826567	0.0	0.06981317007977318	24.0	34.0	2.106797292284641	2.7777777777777777	0.0	29.71704883897095	24.154170803186716	0.8850668158886101	1.1111111111111112	0.0	
26.0	3.0	2.50088513342463	0.0	-0.06981317007977318	9.0	5.0	-2.8223690851580745	0.0	0.0	17.266317504865206	2.0136987913542477	1.366421119628316	0.5555555555555556	0.0	
26.0	3.0	2.50088513342463	0.0	-0.06981317007977318	9.0	5.0	-2.8223690851580745	0.0	0.0	21.165793762163016	-1.4657530216143817	1.4536875822280324	0.2777777777777778	0.0	
26.0	3.0	2.50088513342463	0.0	-0.06981317007977318	9.0	5.0	-2.8223690851580745	0.0	0.0	12.782635009730411	0.5273975827084949	1.4536875822280324	0.8333333333333333	0.0	
26.0	3.0	2.50088513342463	0.0	-0.06981317007977318	9.0	5.0	-2.8223690851580745	0.0	0.0	17.14947625729781	1.020548187031371	1.366421119628316	0.8333333333333333	0.0	
26.0	26.0	2.752843443868194	0.0	-0.13962634015954636	5.0	25.0	2.5783105186687614	1.3888888888888888	0.0	5.095130298830899	23.002263724551124	1.7929123552713122	0.2777777777777778	0.0	
26.0	26.0	2.752843443868194	0.0	-0.13962634015954636	5.0	25.0	2.5783105186687614	1.3888888888888888	0.0	15.690260597661798	21.50452744910225	1.6183794300718795	1.1111111111111112	0.0	
26.0	26.0	2.752843443868194	0.0	-0.13962634015954636	5.0	25.0	2.5783105186687614	1.3888888888888888	0.0	5.095130298830899	23.002263724551124	1.531112967472163	0.2777777777777778	0.0	
26.0	26.0	2.752843443868194	0.0	-0.13962634015954636	5.0	25.0	2.5783105186687614	1.3888888888888888	0.0	15.690260597661798	21.50452744910225	1.531112967472163	0.8333333333333333	0.0	
28.0	26.0	-2.5624953727457775	0.0	-0.15707963267948966	10.0	25.0	2.4989594580377776	1.9444444444444444	0.0	23.610940039245047	23.753079293589174	1.8008277572400466	0.5555555555555556	0.0	
28.0	26.0	-2.5624953727457775	0.0	-0.15707963267948966	10.0	25.0	2.4989594580377776	1.9444444444444444	0.0	14.777350098112615	20.25769823397294	1.4517619068411811	1.3888888888888888	0.0	
28.0	26.0	-2.5624953727457775	0.0	-0.15707963267948966	10.0	25.0	2.4989594580377776	1.9444444444444444	0.0	14.721880078490091	21.25615858717835	1.6262948320406139	0.8333333333333333	0.0	
28.0	26.0	-2.5624953727457775	0.0	-0.15707963267948966	10.0	25.0	2.4989594580377776	1.9444444444444444	0.0	14.777350098112615	20.25769823397294	1.4517619068411811	1.3888888888888888	0.0	
8.0	26.0	0.5289193501913441	0.0	-0.05235987755982988	30.0	30.0	0.1798534997924781	2.5	0.0	24.142229123600035	30.967739820199814	-1.4782092896021348	0.2777777777777778	0.0	
8.0	26.0	0.5289193501913441	0.0	-0.05235987755982988	30.0	30.0	0.1798534997924781	2.5	0.0	29.642229123600035	31.967739820199814	-1.5654757522018512	0.2777777777777778	0.0	
8.0	26.0	0.5289193501913441	0.0	-0.05235987755982988	30.0	30.0	0.1798534997924781	2.5	0.0	18.284458247200067	31.93547964039963	-1.5654757522018512	0.2777777777777778	0.0	
8.0	26.0	0.5289193501913441	0.0	-0.05235987755982988	30.0	30.0	0.1798534997924781	2.5	0.0	18.642229123600035	29.967739820199814	-1.2164099018029866	0.2777777777777778	0.0	
33.0	33.0	-2.1651612937869498	0.0	-0.12217304763960307	5.0	25.0	2.54722768659774	0.2777777777777778	0.0	20.37360563948689	24.192380261795883	1.6745630606005752	0.5555555555555556	0.0	
33.0	33.0	-2.1651612937869498	0.0	-0.12217304763960307	5.0	25.0	2.54722768659774	0.2777777777777778	0.0	6.098884511589513	21.153904209436707	1.9363624483997244	0.8333333333333333	0.0	
33.0	33.0	-2.1651612937869498	0.0	-0.12217304763960307	5.0	25.0	2.54722768659774	0.2777777777777778	0.0	20.098884511589514	25.153904209436707	1.6745630606005752	0.2777777777777778	0.0	
33.0	33.0	-2.1651612937869498	0.0	-0.12217304763960307	5.0	25.0	2.54722768659774	0.2777777777777778	0.0	6.373605639486891	20.192380261795883	1.9363624483997244	0.5555555555555556	0.0	
37.0	37.0	-2.345379465396083	0.0	-0.15707963267948966	21.0	34.0	3.0651412157863387	2.2222222222222223	0.0	21.73715414020074	30.068511252262713	1.5816113515911585	0.5555555555555556	0.0	
37.0	37.0	-2.345379465396083	0.0	-0.15707963267948966	21.0	34.0	3.0651412157863387	2.2222222222222223	0.0	29.368577070100372	33.534255626131355	1.6688778141908749	0.5555555555555556	0.0	
37.0	37.0	-2.345379465396083	0.0	-0.15707963267948966	21.0	34.0	3.0651412157863387	2.2222222222222223	0.0	25.368577070100372	32.784255626131355	1.5816113515911585	0.2777777777777778	0.0	
37.0	37.0	-2.345379465396083	0.0	-0.15707963267948966	21.0	34.0	3.0651412157863387	2.2222222222222223	0.0	33.36857707010037	34.284255626131355	1.930677201990024	0.2777777777777778	0.0	
5.0	5.0	0.7496990507181245	0.0	0.05235987755982988	33.0	4.0	-0.47203142567790657	1.3888888888888888	0.0	12.178457652562061	9.746814271737748	-1.6937619020739367	1.1111111111111112	0.0	
5.0	5.0	0.7496990507181245	0.0	0.05235987755982988	33.0	4.0	-0.47203142567790657	1.3888888888888888	0.0	12.14276612204965	8.747451417390199	-1.519228976874504	0.8333333333333333	0.0	
5.0	5.0	0.7496990507181245	0.0	0.05235987755982988	33.0	4.0	-0.47203142567790657	1.3888888888888888	0.0	12.178457652562061	9.746814271737748	-1.6064954394742204	0.5555555555555556	0.0	
5.0	5.0	0.7496990507181245	0.0	0.05235987755982988	33.0	4.0	-0.47203142567790657	1.3888888888888888	0.0	33.107074591537234	6.998088563042648	-1.519228976874504	0.2777777777777778	0.0	
6.0	24.0	0.6821727029833058	0.0	0.17453292519943295	20.0	25.0	-0.45229131081300844	2.2222222222222223	0.0	12.857505900024181	26.49491739966147	-1.674021787209039	0.5555555555555556	0.0	
6.0	24.0	0.6821727029833058	0.0	0.17453292519943295	20.0	25.0	-0.45229131081300844	2.2222222222222223	0.0	19.85750590002418	26.99491739966147	-1.5867553246093227	0.5555555555555556	0.0	
6.0	24.0	0.6821727029833058	0.0	0.17453292519943295	20.0	25.0	-0.45229131081300844	2.2222222222222223	0.0	16.143764750060452	29.737293499153676	-1.674021787209039	1.1111111111111112	0.0	
6.0	24.0	0.6821727029833058	0.0	0.17453292519943295	20.0	25.0	-0.45229131081300844	2.2222222222222223	0.0	12.643764750060452	29.487293499153676	-1.674021787209039	0.5555555555555556	0.0	
16.0	23.0	0.39924378105153746	0.0	0.13962634015954636	25.0	30.0	0.8355760940501198	2.2222222222222223	0.0	18.044237545940316	29.657408869505304	-0.7352202327447763	1.1111111111111112	0.0	
16.0	23.0	0.39924378105153746	0.0	0.13962634015954636	25.0	30.0	0.8355760940501198	2.2222222222222223	0.0	23.158178159455236	32.36805665212898	-0.8224866953444927	0.5555555555555556	0.0	
16.0	23.0	0.39924378105153746	0.0	0.13962634015954636	25.0	30.0	0.8355760940501198	2.2222222222222223	0.0	17.02211877297016	26.32870443475265	-0.7352202327447763	0.5555555555555556	0.0	
16.0	23.0	0.39924378105153746	0.0	0.13962634015954636	25.0	30.0	0.8355760940501198	2.2222222222222223	0.0	16.408178159455236	27.118056652128978	-1.0842860831436418	0.2777777777777778	0.0	
36.0	29.0	-2.751470038104849	0.0	0.12217304763960307	5.0	25.0	-3.100535888503715	1.6666666666666665	0.0	13.13391401289059	23.024666400097924	1.7863860170804076	0.8333333333333333	0.0	
36.0	29.0	-2.751470038104849	0.0	0.12217304763960307	5.0	25.0	-3.100535888503715	1.6666666666666665	0.0	5.2559426752603935	23.01644426673195	1.873652479680124	0.5555555555555556	0.0	
36.0	29.0	-2.751470038104849	0.0	0.12217304763960307	5.0	25.0	-3.100535888503715	1.6666666666666665	0.0	21.139856688150985	22.041110666829873	1.6991195544806912	0.5555555555555556	0.0	
36.0	29.0	-2.751470038104849	0.0	0.12217304763960307	5.0	25.0	-3.100535888503715	1.6666666666666665	0.0	28.889856688150985	23.041110666829873	1.873652479680124	1.3888888888888888	0.0	
29.0	31.0	-2.6348146026637793	0.0	-0.12217304763960307	5.0	25.0	3.1247719289175073	0.0	0.0	5.970142500145332	21.11942999941867	1.641242064722328	0.2777777777777778	0.0	
29.0	31.0	-2.6348146026637793	0.0	-0.12217304763960307	5.0	25.0	3.1247719289175073	0.0	0.0	12.212678125181666	21.649287499273342	1.9030414525214772	1.3888888888888888	0.0	
29.0	31.0	-2.6348146026637793	0.0	-0.12217304763960307	5.0	25.0	3.1247719289175073	0.0	0.0	11.727606875109	23.589572499564003	1.9903079151211935	0.2777777777777778	0.0	
29.0	31.0	-2.6348146026637793	0.0	-0.12217304763960307	5.0	25.0	3.1247719289175073	0.0	0.0	23.970142500145332	25.61942999941867	1.641242064722328	1.1111111111111112	0.0	
27.0	4.0	-2.750683620012788	0.0	0.05235987755982988	5.0	5.0	3.0089029115684998	0.0	0.0	4.77296169540675	0.0051572989485020315	1.612639509973036	0.5555555555555556	0.0	
27.0	4.0	-2.750683620012788	0.0	0.05235987755982988	5.0	5.0	3.0089029115684998	0.0	0.0	10.4091846781627	2.7520629195794006	1.6999059725727523	0.2777777777777778	0.0	
27.0	4.0	-2.750683620012788	0.0	0.05235987755982988	5.0	5.0	3.0089029115684998	0.0	0.0	21.3183693563254	0.2541258391588017	1.3508401221738868	0.8333333333333333	0.0	
27.0	4.0	-2.750683620012788	0.0	0.05235987755982988	5.0	5.0	3.0089029115684998	0.0	0.0	15.8183693563254	0.5041258391588017	1.4381065847736032	0.5555555555555556	0.0	
28.0	28.0	-2.3835097861945687	0.0	-0.15707963267948966	16.0	24.0	2.5906785819892706	0.2777777777777778	0.0	16.948683298050515	21.15395010584846	1.979813343791255	0.5555555555555556	0.0	
28.0	28.0	-2.3835097861945687	0.0	-0.15707963267948966	16.0	24.0	2.5906785819892706	0.2777777777777778	0.0	16.632455532033674	22.102633403898974	1.8052804185918223	0.5555555555555556	0.0	
28.0	28.0	-2.3835097861945687	0.0	-0.15707963267948966	16.0	24.0	2.5906785819892706	0.2777777777777778	0.0	16.632455532033674	22.102633403898974	1.718013955992106	0.5555555555555556	0.0	
28.0	28.0	-2.3835097861945687	0.0	-0.15707963267948966	16.0	24.0	2.5906785819892706	0.2777777777777778	0.0	17.58113883008419	19.25658350974743	2.0670798063909714	0.5555555555555556	0.0	
33.0	32.0	-2.4663235874425093	0.0	0.17453292519943295	24.0	26.0	-1.9427248118442104	1.3888888888888888	0.0	30.164100588675687	26.50384911698647	2.3333318555418963	0.5555555555555556	0.0	
33.0	32.0	-2.4663235874425093	0.0	0.17453292519943295	24.0	26.0	-1.9427248118442104	1.3888888888888888	0.0	30.164100588675687	26.50384911698647	2.3333318555418963	0.8333333333333333	0.0	
33.0	32.0	-2.4663235874425093	0.0	0.17453292519943295	24.0	26.0	-1.9427248118442104	1.3888888888888888	0.0	31.859400392450457	28.835899411324313	2.3333318555418963	0.5555555555555556	0.0	
33.0	32.0	-2.4663235874425093	0.0	0.17453292519943295	24.0	26.0	-1.9427248118442104	1.3888888888888888	0.0	30.718800784900917	25.671798822648626	2.24606539294218	0.8333333333333333	0.0	
22.0	25.0	0.5111965857068532	0.0	0.10471975511965977	33.0	34.0	1.034795361305152	1.3888888888888888	0.0	31.10028662922821	36.32187189760997	-0.7105338906891774	0.8333333333333333	0.0	
22.0	25.0	0.5111965857068532	0.0	0.10471975511965977	33.0	34.0	1.034795361305152	1.3888888888888888	0.0	29.833811048713688	37.8697864960166	-0.7978003532888938	1.1111111111111112	0.0	
22.0	25.0	0.5111965857068532	0.0	0.10471975511965977	33.0	34.0	1.034795361305152	1.3888888888888888	0.0	31.10028662922821	36.32187189760997	-0.9723332784883265	0.8333333333333333	0.0	
22.0	25.0	0.5111965857068532	0.0	0.10471975511965977	33.0	34.0	1.034795361305152	1.3888888888888888	0.0	23.483524419485473	28.797914598406642	-0.7978003532888938	0.5555555555555556	0.0	
20.0	27.0	-2.289626326416521	0.0	0.15707963267948966	5.0	26.0	2.684562041767318	0.2777777777777778	0.0	8.883038021047549	24.254429684286784	1.5500980279710035	0.2777777777777778	0.0	
20.0	27.0	-2.289626326416521	0.0	0.15707963267948966	5.0	26.0	2.684562041767318	0.2777777777777778	0.0	12.766076042095095	22.508859368573564	1.8118974157701526	0.8333333333333333	0.0	
20.0	27.0	-2.289626326416521	0.0	0.15707963267948966	5.0	26.0	2.684562041767318	0.2777777777777778	0.0	5.33259505261887	21.011074210716956	1.7246309531704362	1.3888888888888888	0.0	
20.0	27.0	-2.289626326416521	0.0	0.15707963267948966	5.0	26.0	2.684562041767318	0.2777777777777778	0.0	16.58259505261887	21.761074210716956	1.4628315653712871	0.8333333333333333	0.0	
31.0	5.0	-2.887229742678123	0.0	-0.03490658503988659	6.0	3.0	-2.887229742678123	1.3888888888888888	0.0	18.89872611141445	-0.9840763926806249	1.5633598499074175	0.8333333333333333	0.0	
31.0	5.0	-2.887229742678123	0.0	-0.03490658503988659	6.0	3.0	-2.887229742678123	1.3888888888888888	0.0	6.39872611141445	-1.9840763926806249	1.5633598499074175	0.8333333333333333	0.0	
31.0	5.0	-2.887229742678123	0.0	-0.03490658503988659	6.0	3.0	-2.887229742678123	1.3888888888888888	0.0	12.648726111414451	-1.4840763926806249	1.7378927751068503	1.1111111111111112	0.0	
31.0	5.0	-2.887229742678123	0.0	-0.03490658503988659	6.0	3.0	-2.887229742678123	1.3888888888888888	0.0	6.1594904445657805	1.00636944292775	1.4760933873077011	0.2777777777777778	0.0	
36.0	3.0	2.9026328889648063	0.0	-0.17453292519943295	5.0	5.0	2.9026328889648063	0.5555555555555556	0.0	12.556853166006103	1.5062240730946255	1.4191030247696261	0.2777777777777778	0.0	
36.0	3.0	2.9026328889648063	0.0	-0.17453292519943295	5.0	5.0	2.9026328889648063	0.5555555555555556	0.0	12.62123544400407	2.5041493820630834	1.3318365621699098	0.2777777777777778	0.0	
36.0	3.0	2.9026328889648063	0.0	-0.17453292519943295	5.0	5.0	2.9026328889648063	0.5555555555555556	0.0	4.678088610010173	0.010373455157709266	1.6809024125687753	0.2777777777777778	0.0	
36.0	3.0	2.9026328889648063	0.0	-0.17453292519943295	5.0	5.0	2.9026328889648063	0.5555555555555556	0.0	20.24247088800814	0.008298764126167146	1.4191030247696261	0.5555555555555556	0.0	
10.0	25.0	0.8652281491096856	0.0	-0.15707963267948966	35.0	27.0	0.603428761310536	0.8333333333333333	0.0	28.43101911086844	30.4872611141445	-1.665499266282092	0.2777777777777778	0.0	
10.0	25.0	0.8652281491096856	0.0	-0.15707963267948966	35.0	27.0	0.603428761310536	0.8333333333333333	0.0	16.01076433315133	28.490445835608377	-1.5782328036823756	0.8333333333333333	0.0	
10.0	25.0	0.8652281491096856	0.0	-0.15707963267948966	35.0	27.0	0.603428761310536	0.8333333333333333	0.0	22.10127388858555	30.984076392680624	-1.4036998784829429	0.2777777777777778	0.0	
10.0	25.0	0.8652281491096856	0.0	-0.15707963267948966	35.0	27.0	0.603428761310536	0.8333333333333333	0.0	28.59050955543422	28.49363055707225	-1.4909663410826592	0.2777777777777778	0.0	
34.0	3.0	2.8109367764895996	0.0	0.0	5.0	5.0	2.374604463491017	2.7777777777777777	0.0	4.724791633538489	1.0094786863080674	1.3274069122944194	0.5555555555555556	0.0	
34.0	3.0	2.8109367764895996	0.0	0.0	5.0	5.0	2.374604463491017	2.7777777777777777	0.0	26.612395816769244	1.5047393431540337	1.5892063000935686	0.2777777777777778	0.0	
34.0	3.0	2.8109367764895996	0.0	0.0	5.0	5.0	2.374604463491017	2.7777777777777777	0.0	19.15598954192311	-0.9881516421149161	1.4146733748941358	1.3888888888888888	0.0	
34.0	3.0	2.8109367764895996	0.0	0.0	5.0	5.0	2.374604463491017	2.7777777777777777	0.0	26.612395816769244	1.5047393431540337	1.4146733748941358	0.5555555555555556	0.0	
26.0	33.0	-0.6654958302024627	0.0	-0.12217304763960307	35.0	21.0	-1.5381604561996274	0.2777777777777778	0.0	36.75	27.0	-2.323558619597076	0.5555555555555556	0.0	
26.0	33.0	-0.6654958302024627	0.0	-0.12217304763960307	35.0	21.0	-1.5381604561996274	0.2777777777777778	0.0	39.0	24.0	-2.6726244699959416	0.5555555555555556	0.0	
26.0	33.0	-0.6654958302024627	0.0	-0.12217304763960307	35.0	21.0	-1.5381604561996274	0.2777777777777778	0.0	32.25	33.0	-2.323558619597076	0.2777777777777778	0.0	
26.0	33.0	-0.6654958302024627	0.0	-0.12217304763960307	35.0	21.0	-1.5381604561996274	0.2777777777777778	0.0	33.7	29.4	-2.6726244699959416	0.2777777777777778	0.0	
12.0	23.0	-0.317625323685367	0.0	0.12217304763960307	27.0	29.0	0.7295722275112309	1.9444444444444444	0.0	14.264437294583585	28.213906763541036	-1.1030234870828153	0.8333333333333333	0.0	
12.0	23.0	-0.317625323685367	0.0	0.12217304763960307	27.0	29.0	0.7295722275112309	1.9444444444444444	0.0	18.014437294583587	29.713906763541036	-1.277556412282248	0.2777777777777778	0.0	
12.0	23.0	-0.317625323685367	0.0	0.12217304763960307	27.0	29.0	0.7295722275112309	1.9444444444444444	0.0	18.38582797093769	28.785430072655778	-1.1030234870828153	0.8333333333333333	0.0	
12.0	23.0	-0.317625323685367	0.0	0.12217304763960307	27.0	29.0	0.7295722275112309	1.9444444444444444	0.0	25.514437294583587	32.71390676354104	-1.3648228748819644	1.1111111111111112	0.0	
22.0	30.0	-2.0486698330923	0.0	-0.08726646259971647	10.0	25.0	3.100051460290972	0.8333333333333333	0.0	11.153846153846153	22.23076923076923	1.9655874464946574	0.5555555555555556	0.0	
22.0	30.0	-2.0486698330923	0.0	-0.08726646259971647	10.0	25.0	3.100051460290972	0.8333333333333333	0.0	11.538461538461538	21.307692307692307	1.9655874464946574	0.2777777777777778	0.0	
22.0	30.0	-2.0486698330923	0.0	-0.08726646259971647	10.0	25.0	3.100051460290972	0.8333333333333333	0.0	11.923076923076923	20.384615384615383	2.052853909094374	0.8333333333333333	0.0	
22.0	30.0	-2.0486698330923	0.0	-0.08726646259971647	10.0	25.0	3.100051460290972	0.8333333333333333	0.0	11.153846153846153	22.23076923076923	2.14012037169409	0.5555555555555556	0.0	
11.0	8.0	0.07958121885667646	0.0	-0.10471975511965977	32.0	6.0	0.7777129196544084	0.8333333333333333	0.0	21.97404546313998	11.977477362969761	-1.578481570537937	0.5555555555555556	0.0	
11.0	8.0	0.07958121885667646	0.0	-0.10471975511965977	32.0	6.0	0.7777129196544084	0.8333333333333333	0.0	21.68961818525599	8.990990945187905	-1.840280958337086	0.2777777777777778	0.0	
11.0	8.0	0.07958121885667646	0.0	-0.10471975511965977	32.0	6.0	0.7777129196544084	0.8333333333333333	0.0	21.97404546313998	11.977477362969761	-1.578481570537937	1.3888888888888888	0.0	
11.0	8.0	0.07958121885667646	0.0	-0.10471975511965977	32.0	6.0	0.7777129196544084	0.8333333333333333	0.0	32.37923637051198	9.981981890375808	-1.4912151079382205	0.8333333333333333	0.0	
9.0	24.0	-0.388749209721599	0.0	0.12217304763960307	30.0	25.0	0.6584483414749984	0.5555555555555556	0.0	24.512174252922755	29.744340688622188	-1.61047968611763	0.2777777777777778	0.0	
9.0	24.0	-0.388749209721599	0.0	0.12217304763960307	30.0	25.0	0.6584483414749984	0.5555555555555556	0.0	19.262174252922755	29.494340688622188	-1.4359467609181973	1.3888888888888888	0.0	
9.0	24.0	-0.388749209721599	0.0	0.12217304763960307	30.0	25.0	0.6584483414749984	0.5555555555555556	0.0	24.512174252922755	29.744340688622188	-1.5232132235179137	0.8333333333333333	0.0	
9.0	24.0	-0.388749209721599	0.0	0.12217304763960307	30.0	25.0	0.6584483414749984	0.5555555555555556	0.0	14.012174252922756	29.244340688622188	-1.61047968611763	0.8333333333333333	0.0	
35.0	35.0	-2.971512389742136	0.0	-0.17453292519943295	14.0	23.0	-2.5351800767435537	0.0	0.0	26.484555753427337	25.527027431502162	1.9154095158419864	1.1111111111111112	0.0	
35.0	35.0	-2.971512389742136	0.0	-0.17453292519943295	14.0	23.0	-2.5351800767435537	0.0	0.0	32.23069469178417	27.658784289377707	2.1772089036411355	1.3888888888888888	0.0	
35.0	35.0	-2.971512389742136	0.0	-0.17453292519943295	14.0	23.0	-2.5351800767435537	0.0	0.0	16.48069469178417	18.658784289377707	1.9154095158419864	0.2777777777777778	0.0	
35.0	35.0	-2.971512389742136	0.0	-0.17453292519943295	14.0	23.0	-2.5351800767435537	0.0	0.0	14.992277876713668	21.26351371575108	2.1772089036411355	0.2777777777777778	0.0	
31.0	29.0	-2.3980376733704842	0.0	0.15707963267948966	9.0	28.0	2.663417157413072	0.5555555555555556	0.0	25.72703830459325	23.755157298948504	1.5289531436167572	0.8333333333333333	0.0	
31.0	29.0	-2.3980376733704842	0.0	0.15707963267948966	9.0	28.0	2.663417157413072	0.5555555555555556	0.0	25.72703830459325	23.755157298948504	1.6162196062164735	0.2777777777777778	0.0	
31.0	29.0	-2.3980376733704842	0.0	0.15707963267948966	9.0	28.0	2.663417157413072	0.5555555555555556	0.0	20.13622298275595	25.503094379369102	1.5289531436167572	0.2777777777777778	0.0	
31.0	29.0	-2.3980376733704842	0.0	0.15707963267948966	9.0	28.0	2.663417157413072	0.5555555555555556	0.0	9.090815321837301	26.0020629195794	1.70348606881619	0.5555555555555556	0.0	
3.0	6.0	-0.7887915879984768	0.0	-0.10471975511965977	36.0	3.0	-0.6142586627990441	1.1111111111111112	0.0	36.18107149208504	4.991786412935408	-1.661456213995642	0.5555555555555556	0.0	
3.0	6.0	-0.7887915879984768	0.0	-0.10471975511965977	36.0	3.0	-0.6142586627990441	1.1111111111111112	0.0	36.36214298417008	6.983572825870816	-1.5741897513959255	0.2777777777777778	0.0	
3.0	6.0	-0.7887915879984768	0.0	-0.10471975511965977	36.0	3.0	-0.6142586627990441	1.1111111111111112	0.0	36.27160723812756	5.987679619403112	-1.7487226765953583	0.8333333333333333	0.0	
3.0	6.0	-0.7887915879984768	0.0	-0.10471975511965977	36.0	3.0	-0.6142586627990441	1.1111111111111112	0.0	27.93107149208504	5.741786412935408	-1.661456213995642	0.2777777777777778	0.0	
28.0	26.0	3.0543261909900767	0.0	0.03490658503988659	5.0	26.0	-3.0543261909900767	0.2777777777777778	0.0	10.75	22.0	1.4835298641951802	1.1111111111111112	0.0	
28.0	26.0	3.0543261909900767	0.0	0.03490658503988659	5.0	26.0	-3.0543261909900767	0.2777777777777778	0.0	5.0	24.0	1.3962634015954638	0.2777777777777778	0.0	
28.0	26.0	3.0543261909900767	0.0	0.03490658503988659	5.0	26.0	-3.0543261909900767	0.2777777777777778	0.0	22.25	24.0	1.7453292519943293	0.2777777777777778	0.0	
28.0	26.0	3.0543261909900767	0.0	0.03490658503988659	5.0	26.0	-3.0543261909900767	0.2777777777777778	0.0	22.25	23.0	1.3962634015954638	0.2777777777777778	0.0	
31.0	27.0	-2.301563898187897	0.0	-0.12217304763960307	3.0	23.0	-2.9124291363859127	0.2777777777777778	0.0	24.424264068711928	23.0301515190165	1.6254269187993442	0.5555555555555556	0.0	
31.0	27.0	-2.301563898187897	0.0	-0.12217304763960307	3.0	23.0	-2.9124291363859127	0.2777777777777778	0.0	24.565685424949237	22.040202025355335	1.5381604561996278	1.1111111111111112	0.0	
31.0	27.0	-2.301563898187897	0.0	-0.12217304763960307	3.0	23.0	-2.9124291363859127	0.2777777777777778	0.0	3.7071067811865483	18.050252531694166	1.6254269187993442	1.3888888888888888	0.0	
31.0	27.0	-2.301563898187897	0.0	-0.12217304763960307	3.0	23.0	-2.9124291363859127	0.2777777777777778	0.0	10.707106781186548	19.050252531694166	1.799959843998777	0.5555555555555556	0.0	
3.0	25.0	0.53217666766135	0.0	0.13962634015954636	30.0	30.0	0.3576437424619172	1.9444444444444444	0.0	22.521642959270768	32.68312801993784	-1.4749519721321285	0.5555555555555556	0.0	
3.0	25.0	0.53217666766135	0.0	0.13962634015954636	30.0	30.0	0.3576437424619172	1.9444444444444444	0.0	16.135821479635386	29.46656400996892	-1.2131525843329793	0.2777777777777778	0.0	
3.0	25.0	0.53217666766135	0.0	0.13962634015954636	30.0	30.0	0.3576437424619172	1.9444444444444444	0.0	15.953732219453077	30.44984601495338	-1.387685509532412	0.2777777777777778	0.0	
3.0	25.0	0.53217666766135	0.0	0.13962634015954636	30.0	30.0	0.3576437424619172	1.9444444444444444	0.0	22.703732219453077	31.69984601495338	-1.387685509532412	0.5555555555555556	0.0	
29.0	26.0	2.8451098648018682	0.0	0.13962634015954636	10.0	25.0	-2.827210204179702	1.1111111111111112	0.0	19.605117666245526	23.50276434133498	1.623379388405838	0.5555555555555556	0.0	
29.0	26.0	2.8451098648018682	0.0	0.13962634015954636	10.0	25.0	-2.827210204179702	1.1111111111111112	0.0	10.105117666245526	23.00276434133498	1.5361129258061217	0.2777777777777778	0.0	
29.0	26.0	2.8451098648018682	0.0	0.13962634015954636	10.0	25.0	-2.827210204179702	1.1111111111111112	0.0	24.51279416561382	20.756910853337452	1.7106458510055544	1.1111111111111112	0.0	
29.0	26.0	2.8451098648018682	0.0	0.13962634015954636	10.0	25.0	-2.827210204179702	1.1111111111111112	0.0	10.157676499368291	22.00414651200247	1.7979123136052708	0.2777777777777778	0.0	
29.0	23.0	2.7097360134192723	0.0	-0.05235987755982988	10.0	28.0	2.884268938618705	2.5	0.0	18.227533503601784	20.664627313686765	1.4880055370232412	0.8333333333333333	0.0	
29.0	23.0	2.7097360134192723	0.0	-0.05235987755982988	10.0	28.0	2.884268938618705	2.5	0.0	8.727533503601784	23.164627313686765	1.4880055370232412	0.8333333333333333	0.0	
29.0	23.0	2.7097360134192723	0.0	-0.05235987755982988	10.0	28.0	2.884268938618705	2.5	0.0	18.991013401440714	23.565850925474706	1.4007390744235249	0.2777777777777778	0.0	
29.0	23.0	2.7097360134192723	0.0	-0.05235987755982988	10.0	28.0	2.884268938618705	2.5	0.0	18.227533503601784	20.664627313686765	1.226206149224092	1.1111111111111112	0.0	
37.0	25.0	2.7801246132994812	0.0	0.0	7.0	28.0	2.3437923003008994	2.7777777777777777	0.0	6.502481404895007	23.024814048950056	1.558394136903451	1.1111111111111112	0.0	
37.0	25.0	2.7801246132994812	0.0	0.0	7.0	28.0	2.3437923003008994	2.7777777777777777	0.0	21.800992561958	24.50992561958002	1.296594749104302	0.2777777777777778	0.0	
37.0	25.0	2.7801246132994812	0.0	0.0	7.0	28.0	2.3437923003008994	2.7777777777777777	0.0	6.701488842937004	25.014888429370032	1.558394136903451	0.5555555555555556	0.0	
37.0	25.0	2.7801246132994812	0.0	0.0	7.0	28.0	2.3437923003008994	2.7777777777777777	0.0	14.300992561958003	25.25992561958002	1.296594749104302	0.5555555555555556	0.0	
27.0	31.0	-2.191434800937733	0.0	0.0	10.0	25.0	-3.0640994269348982	1.6666666666666665	0.0	10.998460353205411	22.17102899925133	1.910088941248941	0.8333333333333333	0.0	
27.0	31.0	-2.191434800937733	0.0	0.0	10.0	25.0	-3.0640994269348982	1.6666666666666665	0.0	20.164100588675687	23.28504833208555	1.9973554038486574	1.1111111111111112	0.0	
27.0	31.0	-2.191434800937733	0.0	0.0	10.0	25.0	-3.0640994269348982	1.6666666666666665	0.0	19.165640235470274	26.11401933283422	1.8228224786492246	0.2777777777777778	0.0	
27.0	31.0	-2.191434800937733	0.0	0.0	10.0	25.0	-3.0640994269348982	1.6666666666666665	0.0	19.498460353205413	25.17102899925133	1.7355560160495083	0.8333333333333333	0.0	
28.0	23.0	2.460281677464346	0.0	0.12217304763960307	12.0	27.0	-2.6884396159189254	0.0	0.0	10.787321874818335	22.149287499273342	1.4130841262677487	1.1111111111111112	0.0	
28.0	23.0	2.460281677464346	0.0	0.12217304763960307	12.0	27.0	-2.6884396159189254	0.0	0.0	19.029857499854668	21.11942999941867	1.1512847384685996	1.1111111111111112	0.0	
28.0	23.0	2.460281677464346	0.0	0.12217304763960307	12.0	27.0	-2.6884396159189254	0.0	0.0	11.514928749927334	25.059714999709335	1.4130841262677487	0.2777777777777778	0.0	
28.0	23.0	2.460281677464346	0.0	0.12217304763960307	12.0	27.0	-2.6884396159189254	0.0	0.0	19.514928749927336	23.059714999709335	1.238551201068316	0.2777777777777778	0.0	
30.0	26.0	-2.8398145786673537	0.0	-0.17453292519943295	5.0	25.0	2.832505490314217	0.8333333333333333	0.0	17.57993607669774	23.50159808255642	1.7853079391176188	0.5555555555555556	0.0	
30.0	26.0	-2.8398145786673537	0.0	-0.17453292519943295	5.0	25.0	2.832505490314217	0.8333333333333333	0.0	11.329936076697743	23.25159808255642	1.5235085513184696	0.5555555555555556	0.0	
30.0	26.0	-2.8398145786673537	0.0	-0.17453292519943295	5.0	25.0	2.832505490314217	0.8333333333333333	0.0	23.82993607669774	23.75159808255642	1.6980414765179024	0.5555555555555556	0.0	
30.0	26.0	-2.8398145786673537	0.0	-0.17453292519943295	5.0	25.0	2.832505490314217	0.8333333333333333	0.0	5.079936076697743	23.00159808255642	1.6980414765179024	0.5555555555555556	0.0	
25.0	29.0	2.9026559004410917	0.0	0.13962634015954636	5.0	25.0	-2.8569306311401963	2.2222222222222223	0.0	10.98058067569092	21.097096621545397	1.768191886644777	0.5555555555555556	0.0	
25.0	29.0	2.9026559004410917	0.0	0.13962634015954636	5.0	25.0	-2.8569306311401963	2.2222222222222223	0.0	10.98058067569092	21.097096621545397	1.5936589614453442	1.3888888888888888	0.0	
25.0	29.0	2.9026559004410917	0.0	0.13962634015954636	5.0	25.0	-2.8569306311401963	2.2222222222222223	0.0	15.588348405414552	24.05825797292724	1.6809254240450606	0.5555555555555556	0.0	
25.0	29.0	2.9026559004410917	0.0	0.13962634015954636	5.0	25.0	-2.8569306311401963	2.2222222222222223	0.0	15.588348405414552	24.05825797292724	1.8554583492444934	0.2777777777777778	0.0	
33.0	28.0	2.9320591886450966	0.0	-0.13962634015954636	20.0	25.0	-2.6529944177367577	1.3888888888888888	0.0	30.199719013397516	25.30121760861076	1.6230622496493492	0.2777777777777778	0.0	
33.0	28.0	2.9320591886450966	0.0	-0.13962634015954636	20.0	25.0	-2.6529944177367577	1.3888888888888888	0.0	30.649438026795035	23.35243521722152	1.8848616374484983	1.1111111111111112	0.0	
33.0	28.0	2.9320591886450966	0.0	-0.13962634015954636	20.0	25.0	-2.6529944177367577	1.3888888888888888	0.0	23.924578520096276	22.82682641291614	1.7103287122490656	0.2777777777777778	0.0	
33.0	28.0	2.9320591886450966	0.0	-0.13962634015954636	20.0	25.0	-2.6529944177367577	1.3888888888888888	0.0	20.674578520096276	22.07682641291614	1.9721281000482147	0.5555555555555556	0.0	
11.0	5.0	0.7105338906891774	0.0	0.12217304763960307	31.0	7.0	-0.0748642727082709	2.2222222222222223	0.0	15.701488842937003	8.485111570629968	-1.6456605995031675	0.2777777777777778	0.0	
11.0	5.0	0.7105338906891774	0.0	0.12217304763960307	31.0	7.0	-0.0748642727082709	2.2222222222222223	0.0	25.502481404895008	11.475185951049946	-1.558394136903451	0.5555555555555556	0.0	
11.0	5.0	0.7105338906891774	0.0	0.12217304763960307	31.0	7.0	-0.0748642727082709	2.2222222222222223	0.0	15.701488842937003	8.485111570629968	-1.4711276743037347	0.8333333333333333	0.0	
11.0	5.0	0.7105338906891774	0.0	0.12217304763960307	31.0	7.0	-0.0748642727082709	2.2222222222222223	0.0	25.800992561958	8.490074380419978	-1.4711276743037347	0.2777777777777778	0.0	
3.0	27.0	-0.029842281967147777	0.0	0.08726646259971647	20.0	25.0	-0.029842281967147777	2.7777777777777777	0.0	11.733682495134794	27.986301208645752	-1.513372146162328	0.2777777777777778	0.0	
3.0	27.0	-0.029842281967147777	0.0	0.08726646259971647	20.0	25.0	-0.029842281967147777	2.7777777777777777	0.0	20.584206237836987	29.965753021614383	-1.775171533961477	1.3888888888888888	0.0	
3.0	27.0	-0.029842281967147777	0.0	0.08726646259971647	20.0	25.0	-0.029842281967147777	2.7777777777777777	0.0	15.983682495134794	27.486301208645752	-1.6879050713617607	0.2777777777777778	0.0	
3.0	27.0	-0.029842281967147777	0.0	0.08726646259971647	20.0	25.0	-0.029842281967147777	2.7777777777777777	0.0	11.850523742702192	28.979451812968627	-1.775171533961477	0.5555555555555556	0.0	
35.0	4.0	2.5809053460444495	0.0	0.15707963267948966	19.0	6.0	-2.829615335137972	1.9444444444444444	0.0	18.751930530821582	4.015444246572665	1.2719084070487021	0.2777777777777778	0.0	
35.0	4.0	2.5809053460444495	0.0	0.15707963267948966	19.0	6.0	-2.829615335137972	1.9444444444444444	0.0	22.379826327053955	0.5386106164316615	1.3591748696484185	0.2777777777777778	0.0	
35.0	4.0	2.5809053460444495	0.0	0.15707963267948966	19.0	6.0	-2.829615335137972	1.9444444444444444	0.0	18.627895796232373	3.023166369858997	1.3591748696484185	0.2777777777777778	0.0	
35.0	4.0	2.5809053460444495	0.0	0.15707963267948966	19.0	6.0	-2.829615335137972	1.9444444444444444	0.0	22.627895796232373	2.523166369858997	1.3591748696484185	0.5555555555555556	0.0	
34.0	27.0	-2.369521915134121	0.0	0.17453292519943295	7.0	25.0	-2.8058542281327035	0.8333333333333333	0.0	13.971615056545934	22.508196736629873	1.6447353644528366	0.8333333333333333	0.0	
34.0	27.0	-2.369521915134121	0.0	0.17453292519943295	7.0	25.0	-2.8058542281327035	0.8333333333333333	0.0	27.471615056545936	23.508196736629873	1.5574689018531203	0.2777777777777778	0.0	
34.0	27.0	-2.369521915134121	0.0	0.17453292519943295	7.0	25.0	-2.8058542281327035	0.8333333333333333	0.0	7.295486742061247	21.010928982173162	1.4702024392534039	0.8333333333333333	0.0	
34.0	27.0	-2.369521915134121	0.0	0.17453292519943295	7.0	25.0	-2.8058542281327035	0.8333333333333333	0.0	27.39774337103062	24.50546449108658	1.5574689018531203	0.5555555555555556	0.0	
34.0	33.0	3.059646765583121	0.0	0.06981317007977318	23.0	31.0	-2.5254068407987327	1.1111111111111112	0.0	23.894427190999917	26.080650449500464	1.9251827517868074	0.5555555555555556	0.0	
34.0	33.0	3.059646765583121	0.0	0.06981317007977318	23.0	31.0	-2.5254068407987327	1.1111111111111112	0.0	23.53665631459995	28.048390269700278	1.7506498265873747	0.5555555555555556	0.0	
34.0	33.0	3.059646765583121	0.0	0.06981317007977318	23.0	31.0	-2.5254068407987327	1.1111111111111112	0.0	26.644427190999917	26.580650449500464	1.9251827517868074	1.1111111111111112	0.0	
34.0	33.0	3.059646765583121	0.0	0.06981317007977318	23.0	31.0	-2.5254068407987327	1.1111111111111112	0.0	23.894427190999917	26.080650449500464	1.9251827517868074	1.1111111111111112	0.0	
29.0	27.0	-2.4760968233873304	0.0	-0.017453292519943295	15.0	25.0	2.759890932595658	1.3888888888888888	0.0	25.924264068711928	23.5301515190165	1.7126933813990606	0.2777777777777778	0.0	
29.0	27.0	-2.4760968233873304	0.0	-0.017453292519943295	15.0	25.0	2.759890932595658	1.3888888888888888	0.0	22.28284271247462	24.020101012677667	1.5381604561996278	0.2777777777777778	0.0	
29.0	27.0	-2.4760968233873304	0.0	-0.017453292519943295	15.0	25.0	2.759890932595658	1.3888888888888888	0.0	19.065685424949237	21.540202025355335	1.7126933813990606	1.1111111111111112	0.0	
29.0	27.0	-2.4760968233873304	0.0	-0.017453292519943295	15.0	25.0	2.759890932595658	1.3888888888888888	0.0	26.065685424949237	22.540202025355335	1.6254269187993442	0.5555555555555556	0.0	
28.0	27.0	2.9665316044666286	0.0	0.10471975511965977	5.0	25.0	2.530199291468046	0.2777777777777778	0.0	5.2598888490945255	22.011278235412952	1.657534665470882	0.2777777777777778	0.0	
28.0	27.0	2.9665316044666286	0.0	0.10471975511965977	5.0	25.0	2.530199291468046	0.2777777777777778	0.0	5.173259232729684	23.007518823608635	1.7448011280705984	0.5555555555555556	0.0	
28.0	27.0	2.9665316044666286	0.0	0.10471975511965977	5.0	25.0	2.530199291468046	0.2777777777777778	0.0	5.43314808182421	20.018797059021587	1.657534665470882	0.5555555555555556	0.0	
28.0	27.0	2.9665316044666286	0.0	0.10471975511965977	5.0	25.0	2.530199291468046	0.2777777777777778	0.0	16.84651846545937	22.01503764721727	1.4830017402714493	1.1111111111111112	0.0	
36.0	35.0	-1.9721281000482154	0.0	0.15707963267948966	20.0	25.0	3.002060268135624	2.7777777777777777	0.0	22.6499947000159	20.76000847997456	2.1293956421384586	1.3888888888888888	0.0	
36.0	35.0	-1.9721281000482154	0.0	0.15707963267948966	20.0	25.0	3.002060268135624	2.7777777777777777	0.0	30.6499947000159	25.76000847997456	2.042129179538742	1.3888888888888888	0.0	
36.0	35.0	-1.9721281000482154	0.0	0.15707963267948966	20.0	25.0	3.002060268135624	2.7777777777777777	0.0	29.05999788000636	28.304003391989824	2.216662104738175	0.2777777777777778	0.0	
36.0	35.0	-1.9721281000482154	0.0	0.15707963267948966	20.0	25.0	3.002060268135624	2.7777777777777777	0.0	25.58999682000954	24.956005087984735	2.042129179538742	0.8333333333333333	0.0	
7.0	25.0	0.5631265339626874	0.0	0.03490658503988659	30.0	30.0	0.824925921761837	1.6666666666666665	0.0	23.61271106700687	31.681529091768404	-1.356735643231076	0.5555555555555556	0.0	
7.0	25.0	0.5631265339626874	0.0	0.03490658503988659	30.0	30.0	0.824925921761837	1.6666666666666665	0.0	23.61271106700687	31.681529091768404	-1.356735643231076	0.5555555555555556	0.0	
7.0	25.0	0.5631265339626874	0.0	0.03490658503988659	30.0	30.0	0.824925921761837	1.6666666666666665	0.0	11.900281422675826	30.158705455691205	-1.5312685684305078	1.1111111111111112	0.0	
7.0	25.0	0.5631265339626874	0.0	0.03490658503988659	30.0	30.0	0.824925921761837	1.6666666666666665	0.0	11.900281422675826	30.158705455691205	-1.1822027180316432	1.1111111111111112	0.0	
10.0	24.0	0.17008026384765706	0.0	-0.03490658503988659	24.0	32.0	1.130011352444538	2.7777777777777777	0.0	18.019305308215834	34.34121571062229	-0.8771172873489412	1.1111111111111112	0.0	
10.0	24.0	0.17008026384765706	0.0	-0.03490658503988659	24.0	32.0	1.130011352444538	2.7777777777777777	0.0	18.515444246572667	33.47297256849784	-0.8771172873489412	0.8333333333333333	0.0	
10.0	24.0	0.17008026384765706	0.0	-0.03490658503988659	24.0	32.0	1.130011352444538	2.7777777777777777	0.0	12.0115831849295	28.60472942637338	-0.9643837499486576	0.8333333333333333	0.0	
10.0	24.0	0.17008026384765706	0.0	-0.03490658503988659	24.0	32.0	1.130011352444538	2.7777777777777777	0.0	12.0115831849295	28.60472942637338	-1.2261831377478067	0.8333333333333333	0.0	
4.0	6.0	-0.24939719790770365	0.0	0.17453292519943295	24.0	8.0	0.4487345028900278	0.5555555555555556	0.0	8.601985123916005	10.480148760839956	-1.3838612117040192	0.8333333333333333	0.0	
4.0	6.0	-0.24939719790770365	0.0	0.17453292519943295	24.0	8.0	0.4487345028900278	0.5555555555555556	0.0	13.701488842937003	9.985111570629968	-1.4711276743037347	0.5555555555555556	0.0	
4.0	6.0	-0.24939719790770365	0.0	0.17453292519943295	24.0	8.0	0.4487345028900278	0.5555555555555556	0.0	8.701488842937003	9.485111570629968	-1.296594749104301	0.2777777777777778	0.0	
4.0	6.0	-0.24939719790770365	0.0	0.17453292519943295	24.0	8.0	0.4487345028900278	0.5555555555555556	0.0	18.800992561958	9.490074380419978	-1.4711276743037347	0.5555555555555556	0.0	
34.0	27.0	3.010875295598546	0.0	0.12217304763960307	11.0	28.0	3.010875295598546	1.9444444444444444	0.0	10.913125551447386	26.00188768328988	1.5273454314033659	0.2777777777777778	0.0	
34.0	27.0	3.010875295598546	0.0	0.12217304763960307	11.0	28.0	3.010875295598546	1.9444444444444444	0.0	28.032813878618466	22.254719208224703	1.3528125062039331	0.2777777777777778	0.0	
34.0	27.0	3.010875295598546	0.0	0.12217304763960307	11.0	28.0	3.010875295598546	1.9444444444444444	0.0	16.532813878618466	22.754719208224703	1.3528125062039331	1.1111111111111112	0.0	
34.0	27.0	3.010875295598546	0.0	0.12217304763960307	11.0	28.0	3.010875295598546	1.9444444444444444	0.0	10.826251102894773	24.003775366579763	1.4400789688036495	0.5555555555555556	0.0	
14.0	8.0	-0.1798534997924781	0.0	-0.17453292519943295	25.0	6.0	-0.26711996239219493	2.2222222222222223	0.0	22.607770876399965	8.467739820199816	-1.837916289187091	0.2777777777777778	0.0	
14.0	8.0	-0.1798534997924781	0.0	-0.17453292519943295	25.0	6.0	-0.26711996239219493	2.2222222222222223	0.0	25.53665631459995	8.951609730299722	-1.576116901387942	0.5555555555555556	0.0	
14.0	8.0	-0.1798534997924781	0.0	-0.17453292519943295	25.0	6.0	-0.26711996239219493	2.2222222222222223	0.0	22.607770876399965	8.467739820199816	-1.576116901387942	0.2777777777777778	0.0	
14.0	8.0	-0.1798534997924781	0.0	-0.17453292519943295	25.0	6.0	-0.26711996239219493	2.2222222222222223	0.0	20.215541752799933	10.93547964039963	-1.6633833639876583	0.5555555555555556	0.0	
22.0	28.0	-2.76286939651221	0.0	-0.12217304763960307	12.0	25.0	-3.111935246911076	0.0	0.0	15.936739427831725	20.960868573894242	2.036786046472196	0.8333333333333333	0.0	
22.0	28.0	-2.76286939651221	0.0	-0.12217304763960307	12.0	25.0	-3.111935246911076	0.0	0.0	15.64939154226538	21.918694859115394	1.774986658673047	0.2777777777777778	0.0	
22.0	28.0	-2.76286939651221	0.0	-0.12217304763960307	12.0	25.0	-3.111935246911076	0.0	0.0	13.14939154226538	21.168694859115394	1.8622531212727633	0.8333333333333333	0.0	
22.0	28.0	-2.76286939651221	0.0	-0.12217304763960307	12.0	25.0	-3.111935246911076	0.0	0.0	15.07469577113269	23.834347429557695	1.6877201960733306	0.2777777777777778	0.0	
7.0	25.0	-0.3968045546341936	0.0	-0.17453292519943295	30.0	30.0	-0.04773870423532767	0.8333333333333333	0.0	29.150281422675825	33.908705455691205	-1.1822027180316432	0.2777777777777778	0.0	
7.0	25.0	-0.3968045546341936	0.0	-0.17453292519943295	30.0	30.0	-0.04773870423532767	0.8333333333333333	0.0	12.325140711337912	28.204352727845603	-1.356735643231076	0.5555555555555556	0.0	
7.0	25.0	-0.3968045546341936	0.0	-0.17453292519943295	30.0	30.0	-0.04773870423532767	0.8333333333333333	0.0	12.325140711337912	28.204352727845603	-1.356735643231076	0.2777777777777778	0.0	
7.0	25.0	-0.3968045546341936	0.0	-0.17453292519943295	30.0	30.0	-0.04773870423532767	0.8333333333333333	0.0	12.112711067006869	29.181529091768404	-1.2694691806313578	0.5555555555555556	0.0	
35.0	30.0	2.895608411713628	0.0	0.10471975511965977	6.0	27.0	3.0701413369130606	1.9444444444444444	0.0	6.514495755427527	22.026541030867243	1.499345010118164	0.2777777777777778	0.0	
35.0	30.0	2.895608411713628	0.0	0.10471975511965977	6.0	27.0	3.0701413369130606	1.9444444444444444	0.0	13.661596604342021	23.771232824693794	1.8484108605170295	0.8333333333333333	0.0	
35.0	30.0	2.895608411713628	0.0	0.10471975511965977	6.0	27.0	3.0701413369130606	1.9444444444444444	0.0	13.764495755427527	22.776541030867243	1.6738779353175968	1.1111111111111112	0.0	
35.0	30.0	2.895608411713628	0.0	0.10471975511965977	6.0	27.0	3.0701413369130606	1.9444444444444444	0.0	28.058697453256517	26.265924618520344	1.8484108605170295	0.2777777777777778	0.0	
5.0	27.0	0.3336104876795831	0.0	-0.06981317007977318	31.0	22.0	-0.45178767571786516	0.2777777777777778	0.0	31.7553895746005	25.92802578792259	-1.6735181521138962	0.2777777777777778	0.0	
5.0	27.0	0.3336104876795831	0.0	-0.06981317007977318	31.0	22.0	-0.45178767571786516	0.2777777777777778	0.0	18.566542180950375	27.44601934094194	-1.5862516895141798	0.2777777777777778	0.0	
5.0	27.0	0.3336104876795831	0.0	-0.06981317007977318	31.0	22.0	-0.45178767571786516	0.2777777777777778	0.0	25.2553895746005	27.17802578792259	-1.5862516895141798	0.5555555555555556	0.0	
5.0	27.0	0.3336104876795831	0.0	-0.06981317007977318	31.0	22.0	-0.45178767571786516	0.2777777777777778	0.0	18.37769478730025	26.464012893961296	-1.848051077313329	0.5555555555555556	0.0	
35.0	8.0	2.804928993082372	0.0	0.17453292519943295	5.0	5.0	2.804928993082372	0.2777777777777778	0.0	27.798511157062997	4.264888429370032	1.8449979044854912	0.5555555555555556	0.0	
35.0	8.0	2.804928993082372	0.0	0.17453292519943295	5.0	5.0	2.804928993082372	0.2777777777777778	0.0	5.199007438041997	3.009925619580022	1.8449979044854912	0.5555555555555556	0.0	
35.0	8.0	2.804928993082372	0.0	0.17453292519943295	5.0	5.0	2.804928993082372	0.2777777777777778	0.0	20.398014876083995	2.5198512391600434	1.4959320540866257	0.5555555555555556	0.0	
35.0	8.0	2.804928993082372	0.0	0.17453292519943295	5.0	5.0	2.804928993082372	0.2777777777777778	0.0	12.898014876083995	1.7698512391600434	1.583198516686342	0.5555555555555556	0.0	
6.0	24.0	0.48391541627556567	0.0	-0.05235987755982988	27.0	25.0	-0.21421628452216623	1.3888888888888888	0.0	21.6548697011691	26.747736275448876	-1.4359467609181973	0.5555555555555556	0.0	
6.0	24.0	0.48391541627556567	0.0	-0.05235987755982988	27.0	25.0	-0.21421628452216623	1.3888888888888888	0.0	16.262174252922755	29.494340688622188	-1.6977461487173464	0.2777777777777778	0.0	
6.0	24.0	0.48391541627556567	0.0	-0.05235987755982988	27.0	25.0	-0.21421628452216623	1.3888888888888888	0.0	11.107304551753653	27.246604413173312	-1.61047968611763	0.5555555555555556	0.0	
6.0	24.0	0.48391541627556567	0.0	-0.05235987755982988	27.0	25.0	-0.21421628452216623	1.3888888888888888	0.0	21.607304551753653	27.746604413173312	-1.6977461487173464	0.2777777777777778	0.0	
33.0	24.0	-2.8692986944607046	0.0	-0.05235987755982988	20.0	25.0	2.6284884493214324	0.8333333333333333	0.0	29.596607002230527	22.255891028996835	1.319491510325686	0.5555555555555556	0.0	
33.0	24.0	-2.8692986944607046	0.0	-0.05235987755982988	20.0	25.0	2.6284884493214324	0.8333333333333333	0.0	26.346607002230527	22.505891028996835	1.4067579729254023	0.5555555555555556	0.0	
33.0	24.0	-2.8692986944607046	0.0	-0.05235987755982988	20.0	25.0	2.6284884493214324	0.8333333333333333	0.0	19.616517505576315	20.01472757249209	1.4940244355251187	0.8333333333333333	0.0	
33.0	24.0	-2.8692986944607046	0.0	-0.05235987755982988	20.0	25.0	2.6284884493214324	0.8333333333333333	0.0	26.26991050334579	21.508836543495256	1.4067579729254023	0.2777777777777778	0.0	
12.0	28.0	-0.08387303799868784	0.0	0.13962634015954636	34.0	30.0	0.3524592749998945	2.7777777777777777	0.0	28.31892850791496	31.491786412935408	-1.4801364395941512	0.5555555555555556	0.0	
12.0	28.0	-0.08387303799868784	0.0	0.13962634015954636	34.0	30.0	0.3524592749998945	2.7777777777777777	0.0	33.63785701582992	33.983572825870816	-1.3056035143947184	0.8333333333333333	0.0	
12.0	28.0	-0.08387303799868784	0.0	0.13962634015954636	34.0	30.0	0.3524592749998945	2.7777777777777777	0.0	33.81892850791496	31.991786412935408	-1.5674029021938676	0.2777777777777778	0.0	
12.0	28.0	-0.08387303799868784	0.0	0.13962634015954636	34.0	30.0	0.3524592749998945	2.7777777777777777	0.0	17.228392761872446	31.48767961940311	-1.654669364793584	0.2777777777777778	0.0	
35.0	29.0	3.0635335035729465	0.0	-0.13962634015954636	4.0	26.0	2.8017341157737974	1.9444444444444444	0.0	11.94264838972038	24.7592999728894	1.6672701019774827	0.5555555555555556	0.0	
35.0	29.0	3.0635335035729465	0.0	-0.13962634015954636	4.0	26.0	2.8017341157737974	1.9444444444444444	0.0	11.94264838972038	24.7592999728894	1.49273717677805	0.2777777777777778	0.0	
35.0	29.0	3.0635335035729465	0.0	-0.13962634015954636	4.0	26.0	2.8017341157737974	1.9444444444444444	0.0	4.28897258458057	23.0139499593341	1.5800036393777663	0.8333333333333333	0.0	
35.0	29.0	3.0635335035729465	0.0	-0.13962634015954636	4.0	26.0	2.8017341157737974	1.9444444444444444	0.0	27.53897258458057	25.2639499593341	1.6672701019774827	0.2777777777777778	0.0	
32.0	7.0	-2.4310587629006157	0.0	0.0	12.0	5.0	-2.605591688100049	0.0	0.0	27.199007438042	4.509925619580022	1.8449979044854912	0.5555555555555556	0.0	
32.0	7.0	-2.4310587629006157	0.0	0.0	12.0	5.0	-2.605591688100049	0.0	0.0	12.298511157062997	2.0148884293700324	1.583198516686342	0.8333333333333333	0.0	
32.0	7.0	-2.4310587629006157	0.0	0.0	12.0	5.0	-2.605591688100049	0.0	0.0	12.398014876083995	1.0198512391600434	1.7577314418857748	0.2777777777777778	0.0	
32.0	7.0	-2.4310587629006157	0.0	0.0	12.0	5.0	-2.605591688100049	0.0	0.0	22.398014876083995	2.0198512391600434	1.4959320540866257	1.1111111111111112	0.0	
30.0	30.0	-2.8569306311401963	0.0	-0.17453292519943295	5.0	25.0	2.466323587442509	2.7777777777777777	0.0	5.784464540552735	21.07767729723632	1.8554583492444934	0.5555555555555556	0.0	
30.0	30.0	-2.8569306311401963	0.0	-0.17453292519943295	5.0	25.0	2.466323587442509	2.7777777777777777	0.0	5.392232270276367	23.03883864861816	1.768191886644777	0.2777777777777778	0.0	
30.0	30.0	-2.8569306311401963	0.0	-0.17453292519943295	5.0	25.0	2.466323587442509	2.7777777777777777	0.0	12.034464540552735	22.32767729723632	1.8554583492444934	1.1111111111111112	0.0	
30.0	30.0	-2.8569306311401963	0.0	-0.17453292519943295	5.0	25.0	2.466323587442509	2.7777777777777777	0.0	24.73058067569092	23.847096621545397	1.8554583492444934	1.3888888888888888	0.0	
10.0	22.0	0.14888994760949714	0.0	0.12217304763960307	30.0	25.0	0.23615641020921352	0.0	0.0	24.554978641209267	27.21680905860489	-1.2473734539859667	0.8333333333333333	0.0	
10.0	22.0	0.14888994760949714	0.0	0.12217304763960307	30.0	25.0	0.23615641020921352	0.0	0.0	24.554978641209267	27.21680905860489	-1.2473734539859667	0.8333333333333333	0.0	
10.0	22.0	0.14888994760949714	0.0	0.12217304763960307	30.0	25.0	0.23615641020921352	0.0	0.0	29.554978641209267	27.96680905860489	-1.5964393043848322	0.8333333333333333	0.0	
10.0	22.0	0.14888994760949714	0.0	0.12217304763960307	30.0	25.0	0.23615641020921352	0.0	0.0	24.703319094139513	26.227872705736594	-1.5091728417851158	0.5555555555555556	0.0	
16.0	7.0	-2.612673303398449	0.0	0.05235987755982988	5.0	5.0	3.059646765583121	0.0	0.0	13.607770876399966	4.532260179800185	1.9251827517868074	0.2777777777777778	0.0	
16.0	7.0	-2.612673303398449	0.0	0.05235987755982988	5.0	5.0	3.059646765583121	0.0	0.0	8.465541752799933	1.5645203596003703	1.837916289187091	0.5555555555555556	0.0	
16.0	7.0	-2.612673303398449	0.0	0.05235987755982988	5.0	5.0	3.059646765583121	0.0	0.0	8.465541752799933	1.5645203596003703	1.576116901387942	0.5555555555555556	0.0	
16.0	7.0	-2.612673303398449	0.0	0.05235987755982988	5.0	5.0	3.059646765583121	0.0	0.0	5.894427190999915	0.08065044950046296	1.576116901387942	0.8333333333333333	0.0	
8.0	27.0	-0.548549402450528	0.0	0.10471975511965977	37.0	34.0	0.3241152235466367	1.3888888888888888	0.0	28.576797334480517	37.11041104286643	-1.421214028447693	0.8333333333333333	0.0	
8.0	27.0	-0.548549402450528	0.0	0.10471975511965977	37.0	34.0	0.3241152235466367	1.3888888888888888	0.0	36.29607840068831	36.916246625719864	-1.421214028447693	0.2777777777777778	0.0	
8.0	27.0	-0.548549402450528	0.0	0.10471975511965977	37.0	34.0	0.3241152235466367	1.3888888888888888	0.0	14.54607840068831	31.66624662571986	-1.3339475658479767	0.2777777777777778	0.0	
8.0	27.0	-0.548549402450528	0.0	0.10471975511965977	37.0	34.0	0.3241152235466367	1.3888888888888888	0.0	29.046078400688312	35.166246625719864	-1.3339475658479767	0.5555555555555556	0.0	
14.0	23.0	-0.39924378105153746	0.0	-0.13962634015954636	30.0	25.0	0.5606873075453436	1.1111111111111112	0.0	25.751930530821582	26.484555753427337	-1.5337077948478512	0.5555555555555556	0.0	
14.0	23.0	-0.39924378105153746	0.0	-0.13962634015954636	30.0	25.0	0.5606873075453436	1.1111111111111112	0.0	29.503861061643164	28.96911150685467	-1.2719084070487021	0.8333333333333333	0.0	
14.0	23.0	-0.39924378105153746	0.0	-0.13962634015954636	30.0	25.0	0.5606873075453436	1.1111111111111112	0.0	25.627895796232373	27.476833630141	-1.2719084070487021	0.8333333333333333	0.0	
14.0	23.0	-0.39924378105153746	0.0	-0.13962634015954636	30.0	25.0	0.5606873075453436	1.1111111111111112	0.0	21.379826327053955	28.96138938356834	-1.5337077948478512	0.2777777777777778	0.0	
7.0	25.0	-0.6174822353763463	0.0	0.17453292519943295	30.0	31.0	0.6042482410196843	0.2777777777777778	0.0	17.49031241141199	31.870469089587374	-1.3156139361740777	1.1111111111111112	0.0	
7.0	25.0	-0.6174822353763463	0.0	0.17453292519943295	30.0	31.0	0.6042482410196843	0.2777777777777778	0.0	22.987890514264983	34.33808636198422	-1.4901468613735105	0.2777777777777778	0.0	
7.0	25.0	-0.6174822353763463	0.0	0.17453292519943295	30.0	31.0	0.6042482410196843	0.2777777777777778	0.0	12.245156205705994	28.435234544793687	-1.4901468613735105	0.5555555555555556	0.0	
7.0	25.0	-0.6174822353763463	0.0	0.17453292519943295	30.0	31.0	0.6042482410196843	0.2777777777777778	0.0	11.740312411411988	30.370469089587374	-1.4901468613735105	1.1111111111111112	0.0	
37.0	26.0	2.3247539634788463	0.0	-0.12217304763960307	22.0	32.0	-2.9112337925041425	2.7777777777777777	0.0	20.88582797093769	29.214569927344222	1.3648228748819644	0.2777777777777778	0.0	
37.0	26.0	2.3247539634788463	0.0	-0.12217304763960307	22.0	32.0	-2.9112337925041425	2.7777777777777777	0.0	28.014437294583587	25.286093236458964	1.1030234870828153	0.8333333333333333	0.0	
37.0	26.0	2.3247539634788463	0.0	-0.12217304763960307	22.0	32.0	-2.9112337925041425	2.7777777777777777	0.0	25.007218647291793	28.64304661822948	1.015757024483099	0.2777777777777778	0.0	
37.0	26.0	2.3247539634788463	0.0	-0.12217304763960307	22.0	32.0	-2.9112337925041425	2.7777777777777777	0.0	32.50721864729179	25.64304661822948	1.3648228748819644	0.2777777777777778	0.0	
36.0	30.0	-2.632613680032708	0.0	-0.05235987755982988	5.0	25.0	-2.632613680032708	0.8333333333333333	0.0	13.546162194123102	21.313794396436762	1.7307094499531157	1.1111111111111112	0.0	
36.0	30.0	-2.632613680032708	0.0	-0.05235987755982988	5.0	25.0	-2.632613680032708	0.8333333333333333	0.0	13.546162194123102	21.313794396436762	1.6434429873533993	1.3888888888888888	0.0	
36.0	30.0	-2.632613680032708	0.0	-0.05235987755982988	5.0	25.0	-2.632613680032708	0.8333333333333333	0.0	13.386929755298482	22.301035517149412	1.556176524753683	1.1111111111111112	0.0	
36.0	30.0	-2.632613680032708	0.0	-0.05235987755982988	5.0	25.0	-2.632613680032708	0.8333333333333333	0.0	20.97769731647386	24.538276637862058	1.7307094499531157	0.8333333333333333	0.0	
