400
35.0	36.0	-1.5422326689561365	0.0	-0.05235987755982988	18.0	18.0	3.0828898488288363	0.0	0.0	32.20402630509963	30.126752934072567	2.559291073230538	0.5555555555555556	0.0	
35.0	36.0	-1.5422326689561365	0.0	-0.05235987755982988	18.0	18.0	3.0828898488288363	0.0	0.0	20.90805261019927	15.253505868145133	2.297491685431389	0.8333333333333333	0.0	
35.0	36.0	-1.5422326689561365	0.0	-0.05235987755982988	18.0	18.0	3.0828898488288363	0.0	0.0	28.68103945764945	24.94012940110885	2.559291073230538	0.2777777777777778	0.0	
35.0	36.0	-1.5422326689561365	0.0	-0.05235987755982988	18.0	18.0	3.0828898488288363	0.0	0.0	19.454026305099635	16.626752934072567	2.2102252228316726	0.5555555555555556	0.0	
20.0	17.0	0.6381805342002389	0.0	0.017453292519943295	30.0	22.0	0.02731529600222382	2.2222222222222223	0.0	23.211145618000167	23.077708763999663	-1.019882255194375	0.5555555555555556	0.0	
20.0	17.0	0.6381805342002389	0.0	0.017453292519943295	30.0	22.0	0.02731529600222382	2.2222222222222223	0.0	27.76393202250021	26.47213595499958	-1.1071487177940895	1.1111111111111112	0.0	
20.0	17.0	0.6381805342002389	0.0	0.017453292519943295	30.0	22.0	0.02731529600222382	2.2222222222222223	0.0	21.605572809000083	20.038854381999833	-0.9326157925946568	0.2777777777777778	0.0	
20.0	17.0	0.6381805342002389	0.0	0.017453292519943295	30.0	22.0	0.02731529600222382	2.2222222222222223	0.0	26.158359213500127	23.433281572999746	-1.2816816429935223	0.8333333333333333	0.0	
25.0	20.0	-2.9147938055359073	0.0	-0.05235987755982988	12.0	17.0	-3.0020602681356237	2.7777777777777777	0.0	19.399438026795035	14.60243521722152	1.7103287122490656	0.5555555555555556	0.0	
25.0	20.0	-2.9147938055359073	0.0	-0.05235987755982988	12.0	17.0	-3.0020602681356237	2.7777777777777777	0.0	12.899438026795034	13.10243521722152	1.7103287122490656	1.1111111111111112	0.0	
25.0	20.0	-2.9147938055359073	0.0	-0.05235987755982988	12.0	17.0	-3.0020602681356237	2.7777777777777777	0.0	18.949719013397516	16.55121760861076	1.797595174848782	0.2777777777777778	0.0	
25.0	20.0	-2.9147938055359073	0.0	-0.05235987755982988	12.0	17.0	-3.0020602681356237	2.7777777777777777	0.0	19.174578520096276	15.576826412916141	1.8848616374484983	0.8333333333333333	0.0	
4.0	14.0	0.7531512809621943	0.0	0.13962634015954636	35.0	13.0	0.316818967963612	0.8333333333333333	0.0	35.16120647005479	17.9974005716985	-1.7775761344295837	0.2777777777777778	0.0	
4.0	14.0	0.7531512809621943	0.0	0.13962634015954636	35.0	13.0	0.316818967963612	0.8333333333333333	0.0	19.596723882032876	16.498440343019098	-1.7775761344295837	0.2777777777777778	0.0	
4.0	14.0	0.7531512809621943	0.0	0.13962634015954636	35.0	13.0	0.316818967963612	0.8333333333333333	0.0	27.346723882032876	16.248440343019098	-1.603043209230151	0.5555555555555556	0.0	
4.0	14.0	0.7531512809621943	0.0	0.13962634015954636	35.0	13.0	0.316818967963612	0.8333333333333333	0.0	11.814482588021917	15.7489602286794	-1.4285102840307182	0.2777777777777778	0.0	
16.0	13.0	-0.23448409179692575	0.0	0.12217304763960307	30.0	20.0	1.0745128471988217	0.0	0.0	21.211145618000167	20.077708763999663	-1.1071487177940895	0.8333333333333333	0.0	
16.0	13.0	-0.23448409179692575	0.0	0.12217304763960307	30.0	20.0	1.0745128471988217	0.0	0.0	27.76393202250021	24.47213595499958	-1.019882255194375	1.1111111111111112	0.0	
16.0	13.0	-0.23448409179692575	0.0	0.12217304763960307	30.0	20.0	1.0745128471988217	0.0	0.0	24.26393202250021	22.72213595499958	-1.1071487177940895	1.1111111111111112	0.0	
16.0	13.0	-0.23448409179692575	0.0	0.12217304763960307	30.0	20.0	1.0745128471988217	0.0	0.0	28.658359213500127	22.683281572999746	-0.9326157925946568	0.8333333333333333	0.0	
8.0	13.0	0.607067524473865	0.0	-0.06981317007977318	37.0	18.0	-0.352863564123016	1.6666666666666665	0.0	29.070372333969416	20.691840462977392	-1.4873275779193307	0.2777777777777778	0.0	
8.0	13.0	0.607067524473865	0.0	-0.06981317007977318	37.0	18.0	-0.352863564123016	1.6666666666666665	0.0	21.990279250477062	18.456380347233043	-1.2255281901201815	0.5555555555555556	0.0	
8.0	13.0	0.607067524473865	0.0	-0.06981317007977318	37.0	18.0	-0.352863564123016	1.6666666666666665	0.0	36.320372333969416	21.941840462977392	-1.4000611153196143	1.1111111111111112	0.0	
8.0	13.0	0.607067524473865	0.0	-0.06981317007977318	37.0	18.0	-0.352863564123016	1.6666666666666665	0.0	21.820372333969416	19.441840462977392	-1.574594040519047	0.5555555555555556	0.0	
27.0	37.0	-1.4869232887962087	0.0	0.06981317007977318	25.0	15.0	-1.6614562139956417	2.2222222222222223	0.0	30.483572825870816	31.137857015829926	-3.0577196155911057	0.5555555555555556	0.0	
27.0	37.0	-1.4869232887962087	0.0	0.06981317007977318	25.0	15.0	-1.6614562139956417	2.2222222222222223	0.0	30.483572825870816	31.137857015829926	3.138199228988764	0.8333333333333333	0.0	
27.0	37.0	-1.4869232887962087	0.0	0.06981317007977318	25.0	15.0	-1.6614562139956417	2.2222222222222223	0.0	27.491786412935408	20.31892850791496	2.876399841189615	0.5555555555555556	0.0	
27.0	37.0	-1.4869232887962087	0.0	0.06981317007977318	25.0	15.0	-1.6614562139956417	2.2222222222222223	0.0	30.483572825870816	31.137857015829926	-3.0577196155911057	0.2777777777777778	0.0	
34.0	23.0	-2.7928216500058864	0.0	-0.12217304763960307	23.0	19.0	2.9667648815754006	0.0	0.0	32.27522918926011	19.18061972953469	1.9195673303788032	0.8333333333333333	0.0	
34.0	23.0	-2.7928216500058864	0.0	-0.12217304763960307	23.0	19.0	2.9667648815754006	0.0	0.0	26.775229189260113	17.18061972953469	1.9195673303788032	0.5555555555555556	0.0	
34.0	23.0	-2.7928216500058864	0.0	-0.12217304763960307	23.0	19.0	2.9667648815754006	0.0	0.0	31.93348612617341	20.120413153023126	1.9195673303788032	0.2777777777777778	0.0	
34.0	23.0	-2.7928216500058864	0.0	-0.12217304763960307	23.0	19.0	2.9667648815754006	0.0	0.0	29.866972252346816	17.24082630604625	2.094100255578236	0.2777777777777778	0.0	
18.0	14.0	1.2763610684004778	0.0	-0.08726646259971647	30.0	30.0	1.7126933813990606	0.5555555555555556	0.0	25.4	27.2	-0.7307675713930006	0.2777777777777778	0.0	
18.0	14.0	1.2763610684004778	0.0	-0.08726646259971647	30.0	30.0	1.7126933813990606	0.5555555555555556	0.0	27.6	31.8	-0.7307675713930006	0.8333333333333333	0.0	
18.0	14.0	1.2763610684004778	0.0	-0.08726646259971647	30.0	30.0	1.7126933813990606	0.5555555555555556	0.0	19.4	19.2	-0.4689681835938515	0.5555555555555556	0.0	
18.0	14.0	1.2763610684004778	0.0	-0.08726646259971647	30.0	30.0	1.7126933813990606	0.5555555555555556	0.0	18.6	19.8	-0.818034033992717	0.8333333333333333	0.0	
23.0	34.0	-1.4659193880646628	0.0	-0.10471975511965977	25.0	15.0	-1.116853537665797	2.5	0.0	28.978021811685625	15.418739138072171	-2.949449252259843	0.8333333333333333	0.0	
23.0	34.0	-1.4659193880646628	0.0	-0.10471975511965977	25.0	15.0	-1.116853537665797	2.5	0.0	25.98901090584281	24.709369569036085	-2.8621827896601264	0.5555555555555556	0.0	
23.0	34.0	-1.4659193880646628	0.0	-0.10471975511965977	25.0	15.0	-1.116853537665797	2.5	0.0	28.478021811685625	20.168739138072173	-3.036715714859559	0.5555555555555556	0.0	
23.0	34.0	-1.4659193880646628	0.0	-0.10471975511965977	25.0	15.0	-1.116853537665797	2.5	0.0	27.48351635876422	20.064054353554127	-2.949449252259843	0.5555555555555556	0.0	
33.0	34.0	-3.0543261909900767	0.0	-0.05235987755982988	16.0	34.0	-2.617993877991495	2.7777777777777777	0.0	16.0	32.0	1.4835298641951802	0.5555555555555556	0.0	
33.0	34.0	-3.0543261909900767	0.0	-0.05235987755982988	16.0	34.0	-2.617993877991495	2.7777777777777777	0.0	28.75	31.0	1.4835298641951802	0.8333333333333333	0.0	
33.0	34.0	-3.0543261909900767	0.0	-0.05235987755982988	16.0	34.0	-2.617993877991495	2.7777777777777777	0.0	28.75	32.0	1.658062789394613	0.5555555555555556	0.0	
33.0	34.0	-3.0543261909900767	0.0	-0.05235987755982988	16.0	34.0	-2.617993877991495	2.7777777777777777	0.0	16.0	29.0	1.5707963267948966	1.3888888888888888	0.0	
28.0	28.0	1.959225083050173	0.0	0.05235987755982988	3.0	36.0	3.0936890968464867	0.5555555555555556	0.0	8.030897091584865	30.190303411202702	1.3483598448521565	0.5555555555555556	0.0	
28.0	28.0	1.959225083050173	0.0	0.05235987755982988	3.0	36.0	3.0936890968464867	0.5555555555555556	0.0	8.640448545792433	32.09515170560135	1.3483598448521565	0.2777777777777778	0.0	
28.0	28.0	1.959225083050173	0.0	0.05235987755982988	3.0	36.0	3.0936890968464867	0.5555555555555556	0.0	2.3904485457924323	34.09515170560135	1.3483598448521565	0.2777777777777778	0.0	
28.0	28.0	1.959225083050173	0.0	0.05235987755982988	3.0	36.0	3.0936890968464867	0.5555555555555556	0.0	21.14044854579243	28.095151705601353	1.1738269196527238	0.5555555555555556	0.0	
34.0	35.0	-1.574720864222941	0.0	0.0	27.0	16.0	-1.574720864222941	2.7777777777777777	0.0	35.19171558408555	23.77147320586322	2.61406934056345	1.1111111111111112	0.0	
34.0	35.0	-1.574720864222941	0.0	0.0	27.0	16.0	-1.574720864222941	2.7777777777777777	0.0	36.94171558408555	28.52147320586322	2.9631351909623156	0.5555555555555556	0.0	
34.0	35.0	-1.574720864222941	0.0	0.0	27.0	16.0	-1.574720864222941	2.7777777777777777	0.0	34.25337246726844	24.117178564690576	2.875868728362599	1.1111111111111112	0.0	
34.0	35.0	-1.574720864222941	0.0	0.0	27.0	16.0	-1.574720864222941	2.7777777777777777	0.0	35.19171558408555	23.77147320586322	2.7013358031631665	1.1111111111111112	0.0	
31.0	26.0	2.786484893212764	0.0	0.017453292519943295	3.0	16.0	2.611951968013331	2.5	0.0	18.00900919099447	18.174774265215486	1.7392873420161674	0.5555555555555556	0.0	
31.0	26.0	2.786484893212764	0.0	0.017453292519943295	3.0	16.0	2.611951968013331	2.5	0.0	3.672672793996312	14.116516176810325	2.0010867298153165	0.2777777777777778	0.0	
31.0	26.0	2.786484893212764	0.0	0.017453292519943295	3.0	16.0	2.611951968013331	2.5	0.0	4.345345587992624	12.23303235362065	2.088353192415033	0.5555555555555556	0.0	
31.0	26.0	2.786484893212764	0.0	0.017453292519943295	3.0	16.0	2.611951968013331	2.5	0.0	24.672672793996313	21.616516176810325	1.9138202672156002	0.5555555555555556	0.0	
33.0	18.0	2.164840840320627	0.0	-0.13962634015954636	30.0	30.0	1.2049097517237453	1.6666666666666665	0.0	26.11942999941867	29.029857499854668	0.419511588326297	0.5555555555555556	0.0	
33.0	18.0	2.164840840320627	0.0	-0.13962634015954636	30.0	30.0	1.2049097517237453	1.6666666666666665	0.0	25.899287499273342	25.787321874818335	0.07044573792743147	1.3888888888888888	0.0	
33.0	18.0	2.164840840320627	0.0	-0.13962634015954636	30.0	30.0	1.2049097517237453	1.6666666666666665	0.0	25.149287499273342	28.787321874818335	0.419511588326297	0.8333333333333333	0.0	
33.0	18.0	2.164840840320627	0.0	-0.13962634015954636	30.0	30.0	1.2049097517237453	1.6666666666666665	0.0	28.059714999709335	29.514928749927332	0.15771220052714785	0.2777777777777778	0.0	
25.0	35.0	-1.7288289807883677	0.0	-0.017453292519943295	29.0	21.0	-0.8561643547912032	2.5	0.0	33.80761973820412	22.37360563948689	-2.950559457184398	0.8333333333333333	0.0	
25.0	35.0	-1.7288289807883677	0.0	-0.017453292519943295	29.0	21.0	-0.8561643547912032	2.5	0.0	28.88457184292247	32.32416338369213	-2.688760069385249	0.8333333333333333	0.0	
25.0	35.0	-1.7288289807883677	0.0	-0.017453292519943295	29.0	21.0	-0.8561643547912032	2.5	0.0	29.923047895281645	25.049442255794755	-2.688760069385249	0.2777777777777778	0.0	
25.0	35.0	-1.7288289807883677	0.0	-0.017453292519943295	29.0	21.0	-0.8561643547912032	2.5	0.0	31.807619738204117	29.37360563948689	-2.688760069385249	0.8333333333333333	0.0	
17.0	32.0	0.0574241806325686	0.0	0.08726646259971647	34.0	30.0	-0.20437520716658053	1.6666666666666665	0.0	30.217364990269587	34.472602417291505	-1.6006386087620443	0.8333333333333333	0.0	
17.0	32.0	0.0574241806325686	0.0	0.08726646259971647	34.0	30.0	-0.20437520716658053	1.6666666666666665	0.0	30.10052374270219	33.47945181296863	-1.513372146162328	0.8333333333333333	0.0	
17.0	32.0	0.0574241806325686	0.0	0.08726646259971647	34.0	30.0	-0.20437520716658053	1.6666666666666665	0.0	26.084206237836987	35.96575302161438	-1.8624379965611935	0.8333333333333333	0.0	
17.0	32.0	0.0574241806325686	0.0	0.08726646259971647	34.0	30.0	-0.20437520716658053	1.6666666666666665	0.0	30.217364990269587	34.472602417291505	-1.513372146162328	1.1111111111111112	0.0	
26.0	16.0	1.6853780853968363	0.0	0.12217304763960307	33.0	37.0	0.8127134593996721	2.7777777777777777	0.0	25.852633403898974	21.882455532033674	-0.23448409179692575	0.2777777777777778	0.0	
26.0	16.0	1.6853780853968363	0.0	0.12217304763960307	33.0	37.0	0.8127134593996721	2.7777777777777777	0.0	26.65395010584846	27.448683298050515	-0.4962834795960749	0.2777777777777778	0.0	
26.0	16.0	1.6853780853968363	0.0	0.12217304763960307	33.0	37.0	0.8127134593996721	2.7777777777777777	0.0	24.75658350974743	28.08113883008419	-0.4962834795960749	1.1111111111111112	0.0	
26.0	16.0	1.6853780853968363	0.0	0.12217304763960307	33.0	37.0	0.8127134593996721	2.7777777777777777	0.0	29.352633403898974	32.382455532033674	-0.23448409179692575	0.5555555555555556	0.0	
37.0	37.0	-1.4284258650140857	0.0	-0.06981317007977318	34.0	12.0	-1.3411594024143692	2.5	0.0	37.728630515460765	17.89256433814471	2.934897264971738	0.8333333333333333	0.0	
37.0	37.0	-1.4284258650140857	0.0	-0.06981317007977318	34.0	12.0	-1.3411594024143692	2.5	0.0	40.46438419243461	23.904273896907846	2.847630802372022	1.3888888888888888	0.0	
37.0	37.0	-1.4284258650140857	0.0	-0.06981317007977318	34.0	12.0	-1.3411594024143692	2.5	0.0	38.23575367697384	30.511709558763137	-3.086488654408699	0.5555555555555556	0.0	
37.0	37.0	-1.4284258650140857	0.0	-0.06981317007977318	34.0	12.0	-1.3411594024143692	2.5	0.0	36.73575367697384	18.011709558763137	-3.086488654408699	0.5555555555555556	0.0	
25.0	13.0	2.5727088082945375	0.0	0.13962634015954636	10.0	15.0	-2.4887460224890186	2.7777777777777777	0.0	17.10350883972695	11.026316297952096	1.6127777196976556	0.5555555555555556	0.0	
25.0	13.0	2.5727088082945375	0.0	0.13962634015954636	10.0	15.0	-2.4887460224890186	2.7777777777777777	0.0	17.10350883972695	11.026316297952096	1.6127777196976556	0.5555555555555556	0.0	
25.0	13.0	2.5727088082945375	0.0	0.13962634015954636	10.0	15.0	-2.4887460224890186	2.7777777777777777	0.0	16.97134511963593	10.035088397269462	1.6127777196976556	1.1111111111111112	0.0	
25.0	13.0	2.5727088082945375	0.0	0.13962634015954636	10.0	15.0	-2.4887460224890186	2.7777777777777777	0.0	20.85350883972695	10.526316297952096	1.26371186929879	0.5555555555555556	0.0	
4.0	14.0	0.9111072160183529	0.0	-0.17453292519943295	30.0	15.0	0.21297551522062097	2.7777777777777777	0.0	29.92313375579759	16.99852234926263	-1.706886661973141	0.2777777777777778	0.0	
4.0	14.0	0.9111072160183529	0.0	-0.17453292519943295	30.0	15.0	0.21297551522062097	2.7777777777777777	0.0	10.307834389493976	19.246305873156572	-1.706886661973141	1.1111111111111112	0.0	
4.0	14.0	0.9111072160183529	0.0	-0.17453292519943295	30.0	15.0	0.21297551522062097	2.7777777777777777	0.0	16.92313375579759	16.49852234926263	-1.3578208115742747	0.2777777777777778	0.0	
4.0	14.0	0.9111072160183529	0.0	-0.17453292519943295	30.0	15.0	0.21297551522062097	2.7777777777777777	0.0	16.92313375579759	16.49852234926263	-1.706886661973141	0.2777777777777778	0.0	
8.0	34.0	-0.013478386865641845	0.0	-0.10471975511965977	37.0	23.0	0.4228539261329409	1.9444444444444444	0.0	23.563962702361614	31.30499257895335	-1.7588076388599712	0.5555555555555556	0.0	
8.0	34.0	-0.013478386865641845	0.0	-0.10471975511965977	37.0	23.0	0.4228539261329409	1.9444444444444444	0.0	37.709308468241076	24.869995052635566	-1.7588076388599712	0.5555555555555556	0.0	
8.0	34.0	-0.013478386865641845	0.0	-0.10471975511965977	37.0	23.0	0.4228539261329409	1.9444444444444444	0.0	16.668616936482152	34.98999010527113	-2.1078734892588367	0.2777777777777778	0.0	
8.0	34.0	-0.013478386865641845	0.0	-0.10471975511965977	37.0	23.0	0.4228539261329409	1.9444444444444444	0.0	37.709308468241076	24.869995052635566	-1.933340564059404	0.2777777777777778	0.0	
20.0	15.0	0.38818669696014174	0.0	-0.05235987755982988	30.0	34.0	1.1735848603575896	1.1111111111111112	0.0	27.345245332854052	35.397239298497865	-0.3099450038375906	0.2777777777777778	0.0	
20.0	15.0	0.38818669696014174	0.0	-0.05235987755982988	30.0	34.0	1.1735848603575896	1.1111111111111112	0.0	25.575408888090088	36.328732164163114	-0.397211466437307	0.8333333333333333	0.0	
20.0	15.0	0.38818669696014174	0.0	-0.05235987755982988	30.0	34.0	1.1735848603575896	1.1111111111111112	0.0	23.960327110472072	31.11298573133049	-0.48447792903702336	0.2777777777777778	0.0	
20.0	15.0	0.38818669696014174	0.0	-0.05235987755982988	30.0	34.0	1.1735848603575896	1.1111111111111112	0.0	28.230163555236036	34.93149286566525	-0.6590108542364561	0.2777777777777778	0.0	
24.0	15.0	1.3918107402436881	0.0	-0.13962634015954636	30.0	37.0	1.3918107402436881	1.1111111111111112	0.0	23.67618089381134	32.81558702896054	-0.2662520491509248	1.1111111111111112	0.0	
24.0	15.0	1.3918107402436881	0.0	-0.13962634015954636	30.0	37.0	1.3918107402436881	1.1111111111111112	0.0	24.64094471504907	32.552469623168435	-0.17898558655120844	0.2777777777777778	0.0	
24.0	15.0	1.3918107402436881	0.0	-0.13962634015954636	30.0	37.0	1.3918107402436881	1.1111111111111112	0.0	26.14094471504907	38.052469623168435	-0.17898558655120844	0.8333333333333333	0.0	
24.0	15.0	1.3918107402436881	0.0	-0.13962634015954636	30.0	37.0	1.3918107402436881	1.1111111111111112	0.0	28.070472357524537	37.52623481158422	-0.09171912395149207	0.2777777777777778	0.0	
8.0	14.0	0.5690220550198757	0.0	0.05235987755982988	30.0	15.0	-0.2163761083775726	0.5555555555555556	0.0	29.9091846781627	16.9979370804206	-1.4381065847736032	0.5555555555555556	0.0	
8.0	14.0	0.5690220550198757	0.0	0.05235987755982988	30.0	15.0	-0.2163761083775726	0.5555555555555556	0.0	24.4091846781627	16.7479370804206	-1.612639509973036	0.2777777777777778	0.0	
8.0	14.0	0.5690220550198757	0.0	0.05235987755982988	30.0	15.0	-0.2163761083775726	0.5555555555555556	0.0	13.272961695406751	19.244842701051496	-1.5253730473733196	0.8333333333333333	0.0	
8.0	14.0	0.5690220550198757	0.0	0.05235987755982988	30.0	15.0	-0.2163761083775726	0.5555555555555556	0.0	24.4091846781627	16.7479370804206	-1.4381065847736032	0.5555555555555556	0.0	
7.0	37.0	-1.0044860557936346	0.0	0.03490658503988659	30.0	25.0	-1.2662854435927842	1.9444444444444444	0.0	19.88769802008506	33.659754538496365	-1.9644171443905165	0.2777777777777778	0.0	
7.0	37.0	-1.0044860557936346	0.0	0.03490658503988659	30.0	25.0	-1.2662854435927842	1.9444444444444444	0.0	31.38769802008506	27.659754538496365	-1.8771506817908001	0.8333333333333333	0.0	
7.0	37.0	-1.0044860557936346	0.0	0.03490658503988659	30.0	25.0	-1.2662854435927842	1.9444444444444444	0.0	25.17513201339004	29.77316969233091	-1.8771506817908001	0.2777777777777778	0.0	
7.0	37.0	-1.0044860557936346	0.0	0.03490658503988659	30.0	25.0	-1.2662854435927842	1.9444444444444444	0.0	14.137698020085061	36.659754538496365	-1.9644171443905165	0.8333333333333333	0.0	
36.0	27.0	-2.85128262590665	0.0	-0.03490658503988659	27.0	19.0	-1.7168186121103357	1.9444444444444444	0.0	30.321819194149597	15.262953406581701	2.2101722048769057	0.5555555555555556	0.0	
36.0	27.0	-2.85128262590665	0.0	-0.03490658503988659	27.0	19.0	-1.7168186121103357	1.9444444444444444	0.0	32.82872767765984	21.50518136263268	2.2101722048769057	0.2777777777777778	0.0	
36.0	27.0	-2.85128262590665	0.0	-0.03490658503988659	27.0	19.0	-1.7168186121103357	1.9444444444444444	0.0	35.07872767765984	23.50518136263268	2.1229057422771893	0.5555555555555556	0.0	
36.0	27.0	-2.85128262590665	0.0	-0.03490658503988659	27.0	19.0	-1.7168186121103357	1.9444444444444444	0.0	31.24309151648976	18.75777204394902	2.3847051300763384	0.8333333333333333	0.0	
37.0	37.0	-2.503412119389554	0.0	-0.17453292519943295	29.0	13.0	-1.6307474933923896	1.1111111111111112	0.0	35.74341649025257	17.41886116991581	2.819842099193151	1.1111111111111112	0.0	
37.0	37.0	-2.503412119389554	0.0	-0.17453292519943295	29.0	13.0	-1.6307474933923896	1.1111111111111112	0.0	34.89736659610103	24.367544467966326	2.9071085617928674	0.5555555555555556	0.0	
37.0	37.0	-2.503412119389554	0.0	-0.17453292519943295	29.0	13.0	-1.6307474933923896	1.1111111111111112	0.0	33.84604989415154	18.051316701949485	2.819842099193151	0.2777777777777778	0.0	
37.0	37.0	-2.503412119389554	0.0	-0.17453292519943295	29.0	13.0	-1.6307474933923896	1.1111111111111112	0.0	37.74341649025257	23.41886116991581	2.6453091739937182	1.3888888888888888	0.0	
27.0	12.0	3.0916342578678506	0.0	0.05235987755982988	7.0	13.0	2.917101332668418	2.7777777777777777	0.0	21.80024953222443	8.254990644488622	1.3463050058735213	0.5555555555555556	0.0	
27.0	12.0	3.0916342578678506	0.0	0.05235987755982988	7.0	13.0	2.917101332668418	2.7777777777777777	0.0	16.75031191528054	7.506238305610776	1.6953708562723868	1.1111111111111112	0.0	
27.0	12.0	3.0916342578678506	0.0	0.05235987755982988	7.0	13.0	2.917101332668418	2.7777777777777777	0.0	21.75031191528054	7.256238305610776	1.6081043936726704	0.2777777777777778	0.0	
27.0	12.0	3.0916342578678506	0.0	0.05235987755982988	7.0	13.0	2.917101332668418	2.7777777777777777	0.0	16.900124766112217	10.502495322244311	1.6953708562723868	0.2777777777777778	0.0	
16.0	33.0	-0.37192848504931364	0.0	-0.15707963267948966	30.0	12.0	-0.5464614102487468	0.2777777777777778	0.0	26.328201177351374	24.718800784900917	-2.46632358744251	1.1111111111111112	0.0	
16.0	33.0	-0.37192848504931364	0.0	-0.15707963267948966	30.0	12.0	-0.5464614102487468	0.2777777777777778	0.0	29.828201177351374	19.468800784900917	-2.46632358744251	1.1111111111111112	0.0	
16.0	33.0	-0.37192848504931364	0.0	-0.15707963267948966	30.0	12.0	-0.5464614102487468	0.2777777777777778	0.0	31.664100588675687	13.109400392450459	-2.46632358744251	0.5555555555555556	0.0	
16.0	33.0	-0.37192848504931364	0.0	-0.15707963267948966	30.0	12.0	-0.5464614102487468	0.2777777777777778	0.0	21.164100588675687	28.859400392450457	-2.6408565126419425	0.2777777777777778	0.0	
33.0	21.0	-2.6686999325678973	0.0	0.10471975511965977	5.0	15.0	2.4800213608153747	2.7777777777777777	0.0	26.62858726619262	16.566592757767772	1.6946231974179264	0.8333333333333333	0.0	
33.0	21.0	-2.6686999325678973	0.0	0.10471975511965977	5.0	15.0	2.4800213608153747	2.7777777777777777	0.0	13.047645443654366	11.610987929612953	1.60735673481821	1.3888888888888888	0.0	
33.0	21.0	-2.6686999325678973	0.0	0.10471975511965977	5.0	15.0	2.4800213608153747	2.7777777777777777	0.0	27.047645443654368	14.610987929612953	1.8691561226173592	0.2777777777777778	0.0	
33.0	21.0	-2.6686999325678973	0.0	0.10471975511965977	5.0	15.0	2.4800213608153747	2.7777777777777777	0.0	5.419058177461746	13.044395171845181	1.9564225852170756	0.5555555555555556	0.0	
7.0	15.0	0.19294289849810475	0.0	0.06981317007977318	36.0	13.0	-0.5051888022996271	0.0	0.0	36.137604183230756	14.995260656845966	-1.4651198908965082	0.5555555555555556	0.0	
7.0	15.0	0.19294289849810475	0.0	0.06981317007977318	36.0	13.0	-0.5051888022996271	0.0	0.0	21.637604183230756	15.995260656845966	-1.8141857412953737	0.5555555555555556	0.0	
7.0	15.0	0.19294289849810475	0.0	0.06981317007977318	36.0	13.0	-0.5051888022996271	0.0	0.0	14.525208366461513	18.490521313691932	-1.8141857412953737	1.1111111111111112	0.0	
7.0	15.0	0.19294289849810475	0.0	0.06981317007977318	36.0	13.0	-0.5051888022996271	0.0	0.0	29.09401045807689	18.488151642114914	-1.8141857412953737	0.8333333333333333	0.0	
4.0	32.0	-0.1798534997924781	0.0	0.10471975511965977	37.0	26.0	0.1692123506063874	0.0	0.0	20.857770876399965	30.967739820199814	-1.9251827517868074	0.5555555555555556	0.0	
4.0	32.0	-0.1798534997924781	0.0	0.10471975511965977	37.0	26.0	0.1692123506063874	0.0	0.0	20.857770876399965	30.967739820199814	-1.576116901387942	0.2777777777777778	0.0	
4.0	32.0	-0.1798534997924781	0.0	0.10471975511965977	37.0	26.0	0.1692123506063874	0.0	0.0	13.144427190999915	35.41934955049954	-1.837916289187091	0.2777777777777778	0.0	
4.0	32.0	-0.1798534997924781	0.0	0.10471975511965977	37.0	26.0	0.1692123506063874	0.0	0.0	20.857770876399965	30.967739820199814	-1.9251827517868074	0.5555555555555556	0.0	
24.0	14.0	1.582005642082457	0.0	0.05235987755982988	33.0	30.0	0.7093410160852929	0.8333333333333333	0.0	28.135273388626352	27.47078371889768	-0.6869223855101705	0.8333333333333333	0.0	
24.0	14.0	1.582005642082457	0.0	0.05235987755982988	33.0	30.0	0.7093410160852929	0.8333333333333333	0.0	27.263697851501803	27.961044958530238	-0.6869223855101705	1.1111111111111112	0.0	
24.0	14.0	1.582005642082457	0.0	0.05235987755982988	33.0	30.0	0.7093410160852929	0.8333333333333333	0.0	22.763697851501803	19.961044958530238	-0.5996559229104541	0.5555555555555556	0.0	
24.0	14.0	1.582005642082457	0.0	0.05235987755982988	33.0	30.0	0.7093410160852929	0.8333333333333333	0.0	26.7568489257509	22.98052247926512	-0.5123894603107377	0.5555555555555556	0.0	
37.0	28.0	-1.8628894745128215	0.0	0.08726646259971647	20.0	12.0	-2.38648825011112	2.5	0.0	31.241458796019963	17.08720002922879	2.1513678050741367	0.8333333333333333	0.0	
37.0	28.0	-1.8628894745128215	0.0	0.08726646259971647	20.0	12.0	-2.38648825011112	2.5	0.0	31.241458796019963	17.08720002922879	2.1513678050741367	0.5555555555555556	0.0	
37.0	28.0	-1.8628894745128215	0.0	0.08726646259971647	20.0	12.0	-2.38648825011112	2.5	0.0	31.926823495024955	16.359000036535985	2.1513678050741367	0.5555555555555556	0.0	
37.0	28.0	-1.8628894745128215	0.0	0.08726646259971647	20.0	12.0	-2.38648825011112	2.5	0.0	26.991458796019963	13.087200029228788	2.413167192873286	0.5555555555555556	0.0	
36.0	31.0	-1.7470904209158418	0.0	-0.13962634015954636	20.0	12.0	-1.6598239583161252	0.5555555555555556	0.0	27.0596447924682	14.17345701686888	2.6162327090699815	0.5555555555555556	0.0	
36.0	31.0	-1.7470904209158418	0.0	-0.13962634015954636	20.0	12.0	-1.6598239583161252	0.5555555555555556	0.0	25.529822396234103	15.46172850843444	2.3544333212708324	0.2777777777777778	0.0	
36.0	31.0	-1.7470904209158418	0.0	-0.13962634015954636	20.0	12.0	-1.6598239583161252	0.5555555555555556	0.0	27.0596447924682	14.17345701686888	2.528966246470265	0.8333333333333333	0.0	
36.0	31.0	-1.7470904209158418	0.0	-0.13962634015954636	20.0	12.0	-1.6598239583161252	0.5555555555555556	0.0	35.82455599058525	23.0293212710861	2.4416997838705488	0.5555555555555556	0.0	
36.0	14.0	-2.883186690391672	0.0	-0.10471975511965977	25.0	15.0	2.876399841189615	1.3888888888888888	0.0	32.7973212697874	9.270533967661482	1.654669364793584	0.8333333333333333	0.0	
36.0	14.0	-2.883186690391672	0.0	-0.10471975511965977	25.0	15.0	2.876399841189615	1.3888888888888888	0.0	32.7973212697874	9.270533967661482	1.5674029021938676	1.3888888888888888	0.0	
36.0	14.0	-2.883186690391672	0.0	-0.10471975511965977	25.0	15.0	2.876399841189615	1.3888888888888888	0.0	24.81892850791496	13.008213587064592	1.3928699769944348	0.2777777777777778	0.0	
36.0	14.0	-2.883186690391672	0.0	-0.10471975511965977	25.0	15.0	2.876399841189615	1.3888888888888888	0.0	30.047321269787407	9.520533967661482	1.4801364395941512	0.2777777777777778	0.0	
10.0	15.0	0.9233706805735675	0.0	-0.13962634015954636	27.0	26.0	1.1851700683727167	2.2222222222222223	0.0	16.3269948873709	23.858280628608604	-1.083757959219911	0.2777777777777778	0.0	
10.0	15.0	0.9233706805735675	0.0	-0.13962634015954636	27.0	26.0	1.1851700683727167	2.2222222222222223	0.0	25.91349744368545	27.679140314304302	-0.9964914966201945	0.2777777777777778	0.0	
10.0	15.0	0.9233706805735675	0.0	-0.13962634015954636	27.0	26.0	1.1851700683727167	2.2222222222222223	0.0	20.5769948873709	26.608280628608604	-0.8219585714207618	0.2777777777777778	0.0	
10.0	15.0	0.9233706805735675	0.0	-0.13962634015954636	27.0	26.0	1.1851700683727167	2.2222222222222223	0.0	16.3269948873709	23.858280628608604	-1.1710244218196273	0.8333333333333333	0.0	
21.0	18.0	0.14189705460416402	0.0	0.08726646259971647	30.0	30.0	1.538160456199627	1.6666666666666665	0.0	23.1	25.8	-0.818034033992717	0.8333333333333333	0.0	
21.0	18.0	0.14189705460416402	0.0	0.08726646259971647	30.0	30.0	1.538160456199627	1.6666666666666665	0.0	21.5	27.0	-0.7307675713930006	0.8333333333333333	0.0	
21.0	18.0	0.14189705460416402	0.0	0.08726646259971647	30.0	30.0	1.538160456199627	1.6666666666666665	0.0	21.65	22.2	-0.5562346461935679	0.5555555555555556	0.0	
21.0	18.0	0.14189705460416402	0.0	0.08726646259971647	30.0	30.0	1.538160456199627	1.6666666666666665	0.0	19.25	24.0	-0.818034033992717	0.2777777777777778	0.0	
14.0	12.0	0.02731529600222382	0.0	0.12217304763960307	30.0	20.0	0.5509140716005225	1.1111111111111112	0.0	24.658359213500127	20.683281572999746	-1.1944151803938077	0.8333333333333333	0.0	
14.0	12.0	0.02731529600222382	0.0	0.12217304763960307	30.0	20.0	0.5509140716005225	1.1111111111111112	0.0	28.658359213500127	22.683281572999746	-0.9326157925946568	0.5555555555555556	0.0	
14.0	12.0	0.02731529600222382	0.0	0.12217304763960307	30.0	20.0	0.5509140716005225	1.1111111111111112	0.0	28.211145618000167	23.577708763999663	-1.1071487177940895	0.2777777777777778	0.0	
14.0	12.0	0.02731529600222382	0.0	0.12217304763960307	30.0	20.0	0.5509140716005225	1.1111111111111112	0.0	20.658359213500127	18.683281572999746	-1.2816816429935223	0.8333333333333333	0.0	
23.0	17.0	0.11532266952996428	0.0	0.15707963267948966	36.0	25.0	1.0752537581268458	1.1111111111111112	0.0	27.927707723006996	23.554974950113632	-1.1064078068660663	0.5555555555555556	0.0	
23.0	17.0	0.11532266952996428	0.0	0.15707963267948966	36.0	25.0	1.0752537581268458	1.1111111111111112	0.0	25.20180514867133	20.703316633409088	-0.8446084190669172	0.2777777777777778	0.0	
23.0	17.0	0.11532266952996428	0.0	0.15707963267948966	36.0	25.0	1.0752537581268458	1.1111111111111112	0.0	26.87951287167833	25.25829158352272	-0.9318748816666336	0.8333333333333333	0.0	
23.0	17.0	0.11532266952996428	0.0	0.15707963267948966	36.0	25.0	1.0752537581268458	1.1111111111111112	0.0	23.62951287167833	23.25829158352272	-0.8446084190669172	0.5555555555555556	0.0	
19.0	34.0	2.438140378199016	0.0	0.05235987755982988	8.0	36.0	-2.536047989984823	1.3888888888888888	0.0	12.963343685400051	32.04839026970028	1.303676364402702	0.2777777777777778	0.0	
19.0	34.0	2.438140378199016	0.0	0.05235987755982988	8.0	36.0	-2.536047989984823	1.3888888888888888	0.0	15.355572809000085	29.58065044950046	1.5654757522018512	0.2777777777777778	0.0	
19.0	34.0	2.438140378199016	0.0	0.05235987755982988	8.0	36.0	-2.536047989984823	1.3888888888888888	0.0	13.142229123600034	33.03226017980018	1.5654757522018512	0.2777777777777778	0.0	
19.0	34.0	2.438140378199016	0.0	0.05235987755982988	8.0	36.0	-2.536047989984823	1.3888888888888888	0.0	12.784458247200067	31.06452035960037	1.5654757522018512	0.8333333333333333	0.0	
27.0	20.0	-2.6810082866730425	0.0	0.06981317007977318	10.0	15.0	2.9040453197088123	2.2222222222222223	0.0	10.5643326479831	13.081268996857458	1.6823148433127812	0.5555555555555556	0.0	
27.0	20.0	-2.6810082866730425	0.0	0.06981317007977318	10.0	15.0	2.9040453197088123	2.2222222222222223	0.0	24.16083161995775	13.953172492143647	1.856847768512214	0.2777777777777778	0.0	
27.0	20.0	-2.6810082866730425	0.0	0.06981317007977318	10.0	15.0	2.9040453197088123	2.2222222222222223	0.0	10.84649897197465	12.121903495286189	1.7695813059124976	0.5555555555555556	0.0	
27.0	20.0	-2.6810082866730425	0.0	0.06981317007977318	10.0	15.0	2.9040453197088123	2.2222222222222223	0.0	19.6286652959662	13.662537993714917	1.7695813059124976	0.2777777777777778	0.0	
35.0	13.0	2.5514257142156707	0.0	-0.03490658503988659	5.0	15.0	2.81322510201482	1.3888888888888888	0.0	12.233923957904906	10.508859368573564	1.4169617004193569	1.1111111111111112	0.0	
35.0	13.0	2.5514257142156707	0.0	-0.03490658503988659	5.0	15.0	2.81322510201482	1.3888888888888888	0.0	19.733923957904906	10.008859368573564	1.5914946256187896	0.5555555555555556	0.0	
35.0	13.0	2.5514257142156707	0.0	-0.03490658503988659	5.0	15.0	2.81322510201482	1.3888888888888888	0.0	19.667404947381133	9.011074210716956	1.4169617004193569	0.5555555555555556	0.0	
35.0	13.0	2.5514257142156707	0.0	-0.03490658503988659	5.0	15.0	2.81322510201482	1.3888888888888888	0.0	12.366961978952453	12.504429684286782	1.678761088218506	0.5555555555555556	0.0	
35.0	26.0	2.3247539634788463	0.0	0.10471975511965977	25.0	30.0	-2.9985002551038598	0.0	0.0	28.514437294583587	24.286093236458964	1.277556412282248	1.1111111111111112	0.0	
35.0	26.0	2.3247539634788463	0.0	0.10471975511965977	25.0	30.0	-2.9985002551038598	0.0	0.0	31.757218647291793	25.14304661822948	1.1030234870828153	0.5555555555555556	0.0	
35.0	26.0	2.3247539634788463	0.0	0.10471975511965977	25.0	30.0	-2.9985002551038598	0.0	0.0	31.757218647291793	25.14304661822948	1.1902899496825317	0.5555555555555556	0.0	
35.0	26.0	2.3247539634788463	0.0	0.10471975511965977	25.0	30.0	-2.9985002551038598	0.0	0.0	23.514437294583587	26.286093236458964	1.3648228748819644	0.8333333333333333	0.0	
30.0	15.0	-2.7476964151474066	0.0	-0.03490658503988659	7.0	18.0	2.8373571912344477	1.1111111111111112	0.0	17.853304079661157	11.541997944068893	1.441093789638984	0.2777777777777778	0.0	
30.0	15.0	-2.7476964151474066	0.0	-0.03490658503988659	7.0	18.0	2.8373571912344477	1.1111111111111112	0.0	23.732643263728924	11.783598355255114	1.2665608644395512	1.1111111111111112	0.0	
30.0	15.0	-2.7476964151474066	0.0	-0.03490658503988659	7.0	18.0	2.8373571912344477	1.1111111111111112	0.0	6.482643263728926	14.033598355255114	1.441093789638984	0.5555555555555556	0.0	
30.0	15.0	-2.7476964151474066	0.0	-0.03490658503988659	7.0	18.0	2.8373571912344477	1.1111111111111112	0.0	12.232643263728926	13.283598355255114	1.3538273270392676	0.2777777777777778	0.0	
25.0	34.0	-2.0026529669654183	0.0	0.17453292519943295	20.0	15.0	-1.9153865043657017	1.9444444444444444	0.0	27.618298149050585	28.232026802881425	3.058801863818137	0.5555555555555556	0.0	
25.0	34.0	-2.0026529669654183	0.0	0.17453292519943295	20.0	15.0	-1.9153865043657017	1.9444444444444444	0.0	27.33537268631323	23.22753350360178	2.7970024760189878	1.1111111111111112	0.0	
25.0	34.0	-2.0026529669654183	0.0	0.17453292519943295	20.0	15.0	-1.9153865043657017	1.9444444444444444	0.0	22.90122361178794	14.236520102161068	2.7097360134192714	0.5555555555555556	0.0	
25.0	34.0	-2.0026529669654183	0.0	0.17453292519943295	20.0	15.0	-1.9153865043657017	1.9444444444444444	0.0	24.434149074525294	23.99101340144071	3.058801863818137	0.5555555555555556	0.0	
29.0	17.0	3.1187300189393454	0.0	-0.10471975511965977	20.0	11.0	-1.9427248118442104	1.1111111111111112	0.0	27.273500981126144	9.839748528310782	1.9842660051430308	0.8333333333333333	0.0	
29.0	17.0	3.1187300189393454	0.0	-0.10471975511965977	20.0	11.0	-1.9427248118442104	1.1111111111111112	0.0	28.968800784900917	12.171798822648626	2.3333318555418963	0.5555555555555556	0.0	
29.0	17.0	3.1187300189393454	0.0	-0.10471975511965977	20.0	11.0	-1.9427248118442104	1.1111111111111112	0.0	25.023500981126144	8.339748528310782	2.24606539294218	0.8333333333333333	0.0	
29.0	17.0	3.1187300189393454	0.0	-0.10471975511965977	20.0	11.0	-1.9427248118442104	1.1111111111111112	0.0	23.914100588675687	10.00384911698647	2.24606539294218	0.5555555555555556	0.0	
15.0	17.0	-0.02286263465044769	0.0	0.15707963267948966	25.0	15.0	-0.37192848504931364	1.1111111111111112	0.0	20.784464540552737	19.92232270276368	-1.6809254240450606	0.8333333333333333	0.0	
15.0	17.0	-0.02286263465044769	0.0	0.15707963267948966	25.0	15.0	-0.37192848504931364	1.1111111111111112	0.0	20.98058067569092	20.902903378454603	-1.768191886644777	1.3888888888888888	0.0	
15.0	17.0	-0.02286263465044769	0.0	0.15707963267948966	25.0	15.0	-0.37192848504931364	1.1111111111111112	0.0	20.392232270276367	17.96116135138184	-1.5936589614453442	0.5555555555555556	0.0	
15.0	17.0	-0.02286263465044769	0.0	0.15707963267948966	25.0	15.0	-0.37192848504931364	1.1111111111111112	0.0	25.98058067569092	19.902903378454603	-1.768191886644777	1.1111111111111112	0.0	
5.0	16.0	0.12627167381364846	0.0	0.12217304763960307	27.0	13.0	-0.31006063918493343	1.3888888888888888	0.0	21.905339614199942	16.722490504132896	-1.7935905033801136	0.2777777777777778	0.0	
5.0	16.0	0.12627167381364846	0.0	0.12217304763960307	27.0	13.0	-0.31006063918493343	1.3888888888888888	0.0	10.90533961419994	18.222490504132896	-1.7063240407803972	0.2777777777777778	0.0	
5.0	16.0	0.12627167381364846	0.0	0.12217304763960307	27.0	13.0	-0.31006063918493343	1.3888888888888888	0.0	27.540452818933254	16.963320672177197	-1.7063240407803972	0.8333333333333333	0.0	
5.0	16.0	0.12627167381364846	0.0	0.12217304763960307	27.0	13.0	-0.31006063918493343	1.3888888888888888	0.0	16.270226409466627	16.4816603360886	-1.88085696597983	0.5555555555555556	0.0	
31.0	36.0	-2.2460653929421808	0.0	0.0	11.0	32.0	-2.071532467742748	2.7777777777777777	0.0	16.784464540552737	29.07767729723632	1.9427248118442098	0.8333333333333333	0.0	
31.0	36.0	-2.2460653929421808	0.0	0.0	11.0	32.0	-2.071532467742748	2.7777777777777777	0.0	11.784464540552735	28.07767729723632	1.768191886644777	0.8333333333333333	0.0	
31.0	36.0	-2.2460653929421808	0.0	0.0	11.0	32.0	-2.071532467742748	2.7777777777777777	0.0	21.98058067569092	29.097096621545397	1.8554583492444934	0.2777777777777778	0.0	
31.0	36.0	-2.2460653929421808	0.0	0.0	11.0	32.0	-2.071532467742748	2.7777777777777777	0.0	16.58834840541455	30.05825797292724	1.6809254240450606	0.8333333333333333	0.0	
32.0	23.0	-2.673819813877712	0.0	0.13962634015954636	7.0	13.0	2.823967329904426	1.3888888888888888	0.0	26.86417202906231	17.714569927344222	1.864036241307545	0.2777777777777778	0.0	
32.0	23.0	-2.673819813877712	0.0	0.13962634015954636	7.0	13.0	2.823967329904426	1.3888888888888888	0.0	13.992781352708208	13.643046618229482	2.038569166506978	0.5555555555555556	0.0	
32.0	23.0	-2.673819813877712	0.0	0.13962634015954636	7.0	13.0	2.823967329904426	1.3888888888888888	0.0	20.985562705416417	14.286093236458964	2.038569166506978	0.8333333333333333	0.0	
32.0	23.0	-2.673819813877712	0.0	0.13962634015954636	7.0	13.0	2.823967329904426	1.3888888888888888	0.0	26.86417202906231	17.714569927344222	1.864036241307545	0.2777777777777778	0.0	
6.0	14.0	0.316818967963612	0.0	-0.05235987755982988	37.0	13.0	-0.3813127328341199	2.2222222222222223	0.0	29.314482588021917	15.2489602286794	-1.5157767466304346	0.5555555555555556	0.0	
6.0	14.0	0.316818967963612	0.0	-0.05235987755982988	37.0	13.0	-0.3813127328341199	2.2222222222222223	0.0	21.564482588021917	15.4989602286794	-1.603043209230151	0.5555555555555556	0.0	
6.0	14.0	0.316818967963612	0.0	-0.05235987755982988	37.0	13.0	-0.3813127328341199	2.2222222222222223	0.0	29.411206470054793	18.2474005716985	-1.5157767466304346	1.3888888888888888	0.0	
6.0	14.0	0.316818967963612	0.0	-0.05235987755982988	37.0	13.0	-0.3813127328341199	2.2222222222222223	0.0	13.878965176043835	17.7479204573588	-1.4285102840307182	0.2777777777777778	0.0	
30.0	32.0	-2.429235055495464	0.0	0.017453292519943295	8.0	13.0	-3.040100293693479	1.1111111111111112	0.0	25.807239740692186	25.73635398446168	2.283153924889225	0.5555555555555556	0.0	
30.0	32.0	-2.429235055495464	0.0	0.017453292519943295	8.0	13.0	-3.040100293693479	1.1111111111111112	0.0	9.307239740692186	11.486353984461681	2.195887462289509	0.2777777777777778	0.0	
30.0	32.0	-2.429235055495464	0.0	0.017453292519943295	8.0	13.0	-3.040100293693479	1.1111111111111112	0.0	11.268099351730463	9.215884961154202	2.1086209996897924	0.2777777777777778	0.0	
30.0	32.0	-2.429235055495464	0.0	0.017453292519943295	8.0	13.0	-3.040100293693479	1.1111111111111112	0.0	25.807239740692186	25.73635398446168	2.457686850088658	0.2777777777777778	0.0	
37.0	34.0	-1.7599490540355434	0.0	-0.13962634015954636	24.0	16.0	-1.672682591435827	0.2777777777777778	0.0	31.303396141999404	17.572547230778206	2.516107613350564	0.8333333333333333	0.0	
37.0	34.0	-1.7599490540355434	0.0	-0.13962634015954636	24.0	16.0	-1.672682591435827	0.2777777777777778	0.0	29.682037685199642	18.743528338466923	2.3415746881511312	0.8333333333333333	0.0	
37.0	34.0	-1.7599490540355434	0.0	-0.13962634015954636	24.0	16.0	-1.672682591435827	0.2777777777777778	0.0	27.242716913599523	13.658037784622566	2.516107613350564	0.5555555555555556	0.0	
37.0	34.0	-1.7599490540355434	0.0	-0.13962634015954636	24.0	16.0	-1.672682591435827	0.2777777777777778	0.0	36.182037685199646	27.743528338466923	2.6906405385499967	0.5555555555555556	0.0	
28.0	24.0	-2.5940720065902996	0.0	0.17453292519943295	5.0	15.0	3.078248062391271	0.0	0.0	5.728798697161024	13.137514440588493	1.9437840485949573	0.2777777777777778	0.0	
28.0	24.0	-2.5940720065902996	0.0	0.17453292519943295	5.0	15.0	3.078248062391271	0.0	0.0	24.07199674290256	17.09378610147123	2.0310505111946737	1.3888888888888888	0.0	
28.0	24.0	-2.5940720065902996	0.0	0.17453292519943295	5.0	15.0	3.078248062391271	0.0	0.0	6.457597394322049	11.275028881176986	2.0310505111946737	1.1111111111111112	0.0	
28.0	24.0	-2.5940720065902996	0.0	0.17453292519943295	5.0	15.0	3.078248062391271	0.0	0.0	17.593198045741538	16.70627166088274	1.856517585995241	0.8333333333333333	0.0	
29.0	18.0	2.679005933512924	0.0	-0.13962634015954636	4.0	12.0	-2.556981822470064	2.7777777777777777	0.0	17.200118857425974	12.082838094058447	1.6318083823163274	0.8333333333333333	0.0	
29.0	18.0	2.679005933512924	0.0	-0.13962634015954636	4.0	12.0	-2.556981822470064	2.7777777777777777	0.0	23.21674590495065	14.555225396038965	1.6318083823163274	0.5555555555555556	0.0	
29.0	18.0	2.679005933512924	0.0	-0.13962634015954636	4.0	12.0	-2.556981822470064	2.7777777777777777	0.0	17.433491809901298	11.11045079207793	1.7190748449160438	0.2777777777777778	0.0	
29.0	18.0	2.679005933512924	0.0	-0.13962634015954636	4.0	12.0	-2.556981822470064	2.7777777777777777	0.0	4.466745904950648	10.055225396038965	1.7190748449160438	0.2777777777777778	0.0	
25.0	35.0	-1.3794426769231785	0.0	0.06981317007977318	20.0	15.0	-2.252107302920343	1.1111111111111112	0.0	24.440285000290665	24.514928749927336	2.9838804530626453	0.2777777777777778	0.0	
25.0	35.0	-1.3794426769231785	0.0	0.06981317007977318	20.0	15.0	-2.252107302920343	1.1111111111111112	0.0	24.160427500435997	19.272393124891	2.896613990462929	0.2777777777777778	0.0	
25.0	35.0	-1.3794426769231785	0.0	0.06981317007977318	20.0	15.0	-2.252107302920343	1.1111111111111112	0.0	24.160427500435997	19.272393124891	2.722081065263496	0.2777777777777778	0.0	
25.0	35.0	-1.3794426769231785	0.0	0.06981317007977318	20.0	15.0	-2.252107302920343	1.1111111111111112	0.0	23.190285000290665	19.514928749927336	3.0711469156623616	0.5555555555555556	0.0	
33.0	16.0	2.6536929906708178	0.0	-0.17453292519943295	5.0	15.0	2.915492378469967	1.6666666666666665	0.0	12.178457652562061	10.253185728262252	1.6937619020739367	1.3888888888888888	0.0	
33.0	16.0	2.6536929906708178	0.0	-0.17453292519943295	5.0	15.0	2.915492378469967	1.6666666666666665	0.0	19.071383061024825	13.5012742913049	1.519228976874504	0.2777777777777778	0.0	
33.0	16.0	2.6536929906708178	0.0	-0.17453292519943295	5.0	15.0	2.915492378469967	1.6666666666666665	0.0	5.107074591537237	12.001911436957352	1.6937619020739367	0.2777777777777778	0.0	
33.0	16.0	2.6536929906708178	0.0	-0.17453292519943295	5.0	15.0	2.915492378469967	1.6666666666666665	0.0	5.107074591537237	12.001911436957352	1.6064954394742204	0.2777777777777778	0.0	
31.0	21.0	0.9659729985750438	0.0	-0.017453292519943295	36.0	35.0	1.6641046993727757	2.5	0.0	34.11651617681032	35.67267279399631	-0.43029040302042	0.2777777777777778	0.0	
31.0	21.0	0.9659729985750438	0.0	-0.017453292519943295	36.0	35.0	1.6641046993727757	2.5	0.0	30.04129044202581	33.18168198499078	-0.25575747782098723	0.2777777777777778	0.0	
31.0	21.0	0.9659729985750438	0.0	-0.017453292519943295	36.0	35.0	1.6641046993727757	2.5	0.0	30.98303235362065	32.845345587992625	-0.25575747782098723	1.1111111111111112	0.0	
31.0	21.0	0.9659729985750438	0.0	-0.017453292519943295	36.0	35.0	1.6641046993727757	2.5	0.0	30.98303235362065	32.845345587992625	-0.16849101522127086	1.1111111111111112	0.0	
15.0	14.0	0.6884268809260252	0.0	0.05235987755982988	37.0	24.0	0.9502262687251752	2.5	0.0	34.93098527849408	28.551832387313024	-1.056902371068304	0.5555555555555556	0.0	
15.0	14.0	0.6884268809260252	0.0	0.05235987755982988	37.0	24.0	0.9502262687251752	2.5	0.0	24.344788222795266	22.641465909850417	-0.9696359084685877	0.2777777777777778	0.0	
15.0	14.0	0.6884268809260252	0.0	0.05235987755982988	37.0	24.0	0.9502262687251752	2.5	0.0	30.672394111397633	23.32073295492521	-0.9696359084685877	0.2777777777777778	0.0	
15.0	14.0	0.6884268809260252	0.0	0.05235987755982988	37.0	24.0	0.9502262687251752	2.5	0.0	30.258591167096448	24.231099432387815	-1.3187017588674532	0.5555555555555556	0.0	
29.0	17.0	1.4940244355251187	0.0	0.017453292519943295	30.0	30.0	1.581290898124835	2.2222222222222223	0.0	27.255891028996835	20.403392997769473	0.010494571329939362	0.2777777777777778	0.0	
29.0	17.0	1.4940244355251187	0.0	0.017453292519943295	30.0	30.0	1.581290898124835	2.2222222222222223	0.0	27.755891028996835	26.903392997769473	-0.1640383538694934	0.2777777777777778	0.0	
29.0	17.0	1.4940244355251187	0.0	0.017453292519943295	30.0	30.0	1.581290898124835	2.2222222222222223	0.0	24.51472757249209	23.883482494423685	0.010494571329939362	0.8333333333333333	0.0	
29.0	17.0	1.4940244355251187	0.0	0.017453292519943295	30.0	30.0	1.581290898124835	2.2222222222222223	0.0	28.005891028996835	30.153392997769473	-0.1640383538694934	0.2777777777777778	0.0	
30.0	19.0	-2.44465794884387	0.0	0.13962634015954636	15.0	15.0	2.965862732338552	2.5	0.0	27.28065060224133	14.135060241595015	1.6568657933428046	1.1111111111111112	0.0	
30.0	19.0	-2.44465794884387	0.0	0.13962634015954636	15.0	15.0	2.965862732338552	2.5	0.0	19.78065060224133	12.135060241595015	1.8313987185422373	1.1111111111111112	0.0	
30.0	19.0	-2.44465794884387	0.0	0.13962634015954636	15.0	15.0	2.965862732338552	2.5	0.0	23.272987951680996	14.10129518119626	1.9186651811419537	0.8333333333333333	0.0	
30.0	19.0	-2.44465794884387	0.0	0.13962634015954636	15.0	15.0	2.965862732338552	2.5	0.0	19.78065060224133	12.135060241595015	1.744132255942521	1.1111111111111112	0.0	
35.0	28.0	-1.350082419571569	0.0	0.08726646259971647	30.0	12.0	-2.397279970768167	0.2777777777777778	0.0	34.11343993410509	15.105175020592158	2.8387077852148215	0.8333333333333333	0.0	
35.0	28.0	-1.350082419571569	0.0	0.08726646259971647	30.0	12.0	-2.397279970768167	0.2777777777777778	0.0	35.658959956070056	23.403450013728104	2.925974247814538	0.2777777777777778	0.0	
35.0	28.0	-1.350082419571569	0.0	0.08726646259971647	30.0	12.0	-2.397279970768167	0.2777777777777778	0.0	34.408959956070056	19.403450013728104	2.751441322615105	0.5555555555555556	0.0	
35.0	28.0	-1.350082419571569	0.0	0.08726646259971647	30.0	12.0	-2.397279970768167	0.2777777777777778	0.0	34.11343993410509	15.105175020592158	2.8387077852148215	0.5555555555555556	0.0	
22.0	37.0	-1.277556412282248	0.0	-0.06981317007977318	30.0	17.0	-1.277556412282248	2.5	0.0	26.785430072655778	33.11417202906231	-2.673819813877712	0.8333333333333333	0.0	
22.0	37.0	-1.277556412282248	0.0	-0.06981317007977318	30.0	17.0	-1.277556412282248	2.5	0.0	31.713906763541036	23.485562705416413	-2.935619201676861	0.2777777777777778	0.0	
22.0	37.0	-1.277556412282248	0.0	-0.06981317007977318	30.0	17.0	-1.277556412282248	2.5	0.0	26.785430072655778	33.11417202906231	-2.673819813877712	0.2777777777777778	0.0	
22.0	37.0	-1.277556412282248	0.0	-0.06981317007977318	30.0	17.0	-1.277556412282248	2.5	0.0	26.785430072655778	33.11417202906231	-2.673819813877712	0.5555555555555556	0.0	
6.0	13.0	0.3449406196875908	0.0	0.08726646259971647	30.0	15.0	0.7812729326861731	2.5	0.0	11.66781808058504	17.48618303297952	-1.3131221697070217	0.8333333333333333	0.0	
6.0	13.0	0.3449406196875908	0.0	0.08726646259971647	30.0	15.0	0.7812729326861731	2.5	0.0	17.75086356043878	16.98963727473464	-1.4003886323067398	0.5555555555555556	0.0	
6.0	13.0	0.3449406196875908	0.0	0.08726646259971647	30.0	15.0	0.7812729326861731	2.5	0.0	29.75086356043878	17.98963727473464	-1.4003886323067398	0.8333333333333333	0.0	
6.0	13.0	0.3449406196875908	0.0	0.08726646259971647	30.0	15.0	0.7812729326861731	2.5	0.0	23.66781808058504	18.48618303297952	-1.4003886323067398	1.1111111111111112	0.0	
25.0	29.0	-0.2797304360165671	0.0	0.10471975511965977	36.0	21.0	-0.3669968986162835	2.2222222222222223	0.0	36.190858488375234	27.043680421515944	-2.1995926132103296	0.5555555555555556	0.0	
25.0	29.0	-0.2797304360165671	0.0	0.10471975511965977	36.0	21.0	-0.3669968986162835	2.2222222222222223	0.0	37.176343395350095	22.617472168606376	-2.1123261506106132	0.5555555555555556	0.0	
25.0	29.0	-0.2797304360165671	0.0	0.10471975511965977	36.0	21.0	-0.3669968986162835	2.2222222222222223	0.0	36.190858488375234	27.043680421515944	-2.1123261506106132	0.8333333333333333	0.0	
25.0	29.0	-0.2797304360165671	0.0	0.10471975511965977	36.0	21.0	-0.3669968986162835	2.2222222222222223	0.0	32.26451509302514	27.426208252909564	-2.3741255384097624	0.5555555555555556	0.0	
10.0	14.0	0.014225897296597179	0.0	-0.06981317007977318	32.0	33.0	0.014225897296597179	1.9444444444444444	0.0	12.885520518615632	21.77729203107664	-0.6839058035011352	0.8333333333333333	0.0	
10.0	14.0	0.014225897296597179	0.0	-0.06981317007977318	32.0	33.0	0.014225897296597179	1.9444444444444444	0.0	28.73190064826954	36.7841150388458	-0.9457051913002843	0.5555555555555556	0.0	
10.0	14.0	0.014225897296597179	0.0	-0.06981317007977318	32.0	33.0	0.014225897296597179	1.9444444444444444	0.0	23.885520518615632	31.27729203107664	-0.7711722661008515	0.2777777777777778	0.0	
10.0	14.0	0.014225897296597179	0.0	-0.06981317007977318	32.0	33.0	0.014225897296597179	1.9444444444444444	0.0	30.692760259307818	34.51364601553832	-1.0329716539000007	0.5555555555555556	0.0	
34.0	34.0	-1.528360252238701	0.0	0.08726646259971647	37.0	11.0	-1.3538273270392682	2.7777777777777777	0.0	38.716401644744884	28.767356736271072	-2.924623653834165	0.5555555555555556	0.0	
34.0	34.0	-1.528360252238701	0.0	0.08726646259971647	37.0	11.0	-1.3538273270392682	2.7777777777777777	0.0	39.466401644744884	23.017356736271072	-3.0118901164338814	0.2777777777777778	0.0	
34.0	34.0	-1.528360252238701	0.0	0.08726646259971647	37.0	11.0	-1.3538273270392682	2.7777777777777777	0.0	38.716401644744884	28.767356736271072	-2.924623653834165	0.8333333333333333	0.0	
34.0	34.0	-1.528360252238701	0.0	0.08726646259971647	37.0	11.0	-1.3538273270392682	2.7777777777777777	0.0	36.733200822372446	28.508678368135534	3.096762265546272	0.2777777777777778	0.0	
11.0	16.0	0.01650027120596187	0.0	0.15707963267948966	25.0	20.0	0.8018984346034101	2.2222222222222223	0.0	13.401115488410488	20.846095790563293	-1.2924966677897842	0.2777777777777778	0.0	
11.0	16.0	0.01650027120596187	0.0	0.15707963267948966	25.0	20.0	0.8018984346034101	2.2222222222222223	0.0	20.401115488410486	22.846095790563293	-1.1179637425903515	1.1111111111111112	0.0	
11.0	16.0	0.01650027120596187	0.0	0.15707963267948966	25.0	20.0	0.8018984346034101	2.2222222222222223	0.0	17.175836616307866	20.88457184292247	-1.4670295929892179	0.5555555555555556	0.0	
11.0	16.0	0.01650027120596187	0.0	0.15707963267948966	25.0	20.0	0.8018984346034101	2.2222222222222223	0.0	13.12639436051311	21.807619738204117	-1.4670295929892179	0.5555555555555556	0.0	
37.0	21.0	2.278135340175499	0.0	0.05235987755982988	20.0	35.0	2.1908688775757827	1.9444444444444444	0.0	25.957170988555603	24.9122790575318	0.7073390133806026	1.1111111111111112	0.0	
37.0	21.0	2.278135340175499	0.0	0.05235987755982988	20.0	35.0	2.1908688775757827	1.9444444444444444	0.0	21.0714637356945	27.640348821914753	0.8818719385800353	0.8333333333333333	0.0	
37.0	21.0	2.278135340175499	0.0	0.05235987755982988	20.0	35.0	2.1908688775757827	1.9444444444444444	0.0	29.5714637356945	20.640348821914753	0.7946054759803189	0.8333333333333333	0.0	
37.0	21.0	2.278135340175499	0.0	0.05235987755982988	20.0	35.0	2.1908688775757827	1.9444444444444444	0.0	25.3214637356945	24.140348821914753	0.8818719385800353	1.3888888888888888	0.0	
26.0	16.0	-2.8549456131868842	0.0	-0.03490658503988659	10.0	17.0	2.904640918394403	0.8333333333333333	0.0	21.81286514153446	13.255842264551335	1.3338445915995063	0.8333333333333333	0.0	
26.0	16.0	-2.8549456131868842	0.0	-0.03490658503988659	10.0	17.0	2.904640918394403	0.8333333333333333	0.0	17.75048685537928	12.507789686068445	1.3338445915995063	0.2777777777777778	0.0	
26.0	16.0	-2.8549456131868842	0.0	-0.03490658503988659	10.0	17.0	2.904640918394403	0.8333333333333333	0.0	21.688108569224095	11.259737107585558	1.508377516798939	0.5555555555555556	0.0	
26.0	16.0	-2.8549456131868842	0.0	-0.03490658503988659	10.0	17.0	2.904640918394403	0.8333333333333333	0.0	17.688108569224095	11.509737107585558	1.3338445915995063	0.8333333333333333	0.0	
29.0	33.0	-2.6240357879696568	0.0	0.0	20.0	14.0	-1.8386376245722087	2.2222222222222223	0.0	31.268689194467694	26.109568276304778	2.611951968013331	0.2777777777777778	0.0	
29.0	33.0	-2.6240357879696568	0.0	0.0	20.0	14.0	-1.8386376245722087	2.2222222222222223	0.0	24.057475677787078	17.89382731052191	2.6992184306130476	0.5555555555555556	0.0	
29.0	33.0	-2.6240357879696568	0.0	0.0	20.0	14.0	-1.8386376245722087	2.2222222222222223	0.0	27.211213516680615	22.215740965782864	2.786484893212764	0.5555555555555556	0.0	
29.0	33.0	-2.6240357879696568	0.0	0.0	20.0	14.0	-1.8386376245722087	2.2222222222222223	0.0	27.211213516680615	22.215740965782864	2.786484893212764	0.2777777777777778	0.0	
32.0	16.0	2.229244668269896	0.0	-0.12217304763960307	10.0	36.0	2.491044056069045	0.5555555555555556	0.0	7.981981618011064	33.780179779812165	0.9202477292741484	0.2777777777777778	0.0	
32.0	16.0	2.229244668269896	0.0	-0.12217304763960307	10.0	36.0	2.491044056069045	0.5555555555555556	0.0	18.309308824014753	23.040239706416223	0.9202477292741484	1.1111111111111112	0.0	
32.0	16.0	2.229244668269896	0.0	-0.12217304763960307	10.0	36.0	2.491044056069045	0.5555555555555556	0.0	23.809308824014753	18.040239706416223	0.9202477292741484	1.1111111111111112	0.0	
32.0	16.0	2.229244668269896	0.0	-0.12217304763960307	10.0	36.0	2.491044056069045	0.5555555555555556	0.0	18.981981618011062	23.78017977981217	0.8329812666744321	0.8333333333333333	0.0	
5.0	12.0	0.06527174119053791	0.0	-0.10471975511965977	36.0	29.0	0.7634034419882698	2.2222222222222223	0.0	34.55750216637944	31.630437226013957	-0.9819258100060608	0.2777777777777778	0.0	
5.0	12.0	0.06527174119053791	0.0	-0.10471975511965977	36.0	29.0	0.7634034419882698	2.2222222222222223	0.0	18.576669555172593	24.007249634685277	-0.8946593474063427	0.8333333333333333	0.0	
5.0	12.0	0.06527174119053791	0.0	-0.10471975511965977	36.0	29.0	0.7634034419882698	2.2222222222222223	0.0	25.84583694396574	29.134062043356593	-0.8946593474063427	0.2777777777777778	0.0	
5.0	12.0	0.06527174119053791	0.0	-0.10471975511965977	36.0	29.0	0.7634034419882698	2.2222222222222223	0.0	27.288334777586297	26.503624817342637	-0.8946593474063427	0.2777777777777778	0.0	
24.0	28.0	-0.4266274931268761	0.0	0.10471975511965977	35.0	23.0	-0.4266274931268761	0.5555555555555556	0.0	28.81901472150592	31.301832387313024	-2.084690282521489	1.1111111111111112	0.0	
24.0	28.0	-0.4266274931268761	0.0	0.10471975511965977	35.0	23.0	-0.4266274931268761	0.5555555555555556	0.0	33.07760588860237	26.07073295492521	-2.084690282521489	0.2777777777777778	0.0	
24.0	28.0	-0.4266274931268761	0.0	0.10471975511965977	35.0	23.0	-0.4266274931268761	0.5555555555555556	0.0	33.905211777204734	27.891465909850417	-1.9974238199217726	0.2777777777777778	0.0	
24.0	28.0	-0.4266274931268761	0.0	0.10471975511965977	35.0	23.0	-0.4266274931268761	0.5555555555555556	0.0	28.81901472150592	31.301832387313024	-2.084690282521489	1.3888888888888888	0.0	
18.0	33.0	0.38562625842217946	0.0	-0.03490658503988659	32.0	36.0	0.036560408023313506	1.6666666666666665	0.0	21.080941822538254	35.70560482815482	-1.4469694561718667	0.2777777777777778	0.0	
18.0	33.0	0.38562625842217946	0.0	-0.03490658503988659	32.0	36.0	0.036560408023313506	1.6666666666666665	0.0	31.161883645076507	39.91120965630964	-1.4469694561718667	0.8333333333333333	0.0	
18.0	33.0	0.38562625842217946	0.0	-0.03490658503988659	32.0	36.0	0.036560408023313506	1.6666666666666665	0.0	20.661883645076507	37.66120965630964	-1.534235918771583	1.1111111111111112	0.0	
18.0	33.0	0.38562625842217946	0.0	-0.03490658503988659	32.0	36.0	0.036560408023313506	1.6666666666666665	0.0	24.161883645076507	38.41120965630964	-1.534235918771583	0.2777777777777778	0.0	
16.0	34.0	-0.7146319720036938	0.0	-0.13962634015954636	37.0	28.0	-0.10376673380567825	2.5	0.0	27.87360563948689	35.80761973820412	-1.6745630606005752	0.2777777777777778	0.0	
16.0	34.0	-0.7146319720036938	0.0	-0.13962634015954636	37.0	28.0	-0.10376673380567825	2.5	0.0	32.29944225579476	31.423047895281645	-1.849095985800008	0.5555555555555556	0.0	
16.0	34.0	-0.7146319720036938	0.0	-0.13962634015954636	37.0	28.0	-0.10376673380567825	2.5	0.0	37.54944225579476	29.923047895281645	-1.6745630606005752	0.2777777777777778	0.0	
16.0	34.0	-0.7146319720036938	0.0	-0.13962634015954636	37.0	28.0	-0.10376673380567825	2.5	0.0	27.049442255794755	32.92304789528165	-1.9363624483997244	0.2777777777777778	0.0	
34.0	37.0	-2.5748068989974806	0.0	-0.17453292519943295	28.0	18.0	-2.0512081233991815	1.6666666666666665	0.0	34.407165330268285	31.647737264125805	2.7484473195852246	0.5555555555555556	0.0	
34.0	37.0	-2.5748068989974806	0.0	-0.17453292519943295	28.0	18.0	-2.0512081233991815	1.6666666666666665	0.0	31.814330660536566	16.79547452825161	3.0102467073843737	0.2777777777777778	0.0	
34.0	37.0	-2.5748068989974806	0.0	-0.17453292519943295	28.0	18.0	-2.0512081233991815	1.6666666666666665	0.0	35.767913325670705	25.994343160314514	2.835713782184941	1.1111111111111112	0.0	
34.0	37.0	-2.5748068989974806	0.0	-0.17453292519943295	28.0	18.0	-2.0512081233991815	1.6666666666666665	0.0	33.31433066053657	21.54547452825161	2.661180856985508	0.2777777777777778	0.0	
19.0	37.0	-1.7408765906425536	0.0	0.10471975511965977	25.0	15.0	-2.002675978441703	0.5555555555555556	0.0	23.929527642475463	26.526234811584217	-2.8753406044388683	0.2777777777777778	0.0	
19.0	37.0	-1.7408765906425536	0.0	0.10471975511965977	25.0	15.0	-2.002675978441703	0.5555555555555556	0.0	23.929527642475463	26.526234811584217	-2.788074141839152	0.2777777777777778	0.0	
19.0	37.0	-1.7408765906425536	0.0	0.10471975511965977	25.0	15.0	-2.002675978441703	0.5555555555555556	0.0	28.32381910618866	21.815587028960543	-2.8753406044388683	0.2777777777777778	0.0	
19.0	37.0	-1.7408765906425536	0.0	0.10471975511965977	25.0	15.0	-2.002675978441703	0.5555555555555556	0.0	28.32381910618866	21.815587028960543	-2.7008076792394355	1.3888888888888888	0.0	
4.0	35.0	-0.463942455815765	0.0	-0.08726646259971647	30.0	32.0	-0.463942455815765	0.0	0.0	17.34387232395539	36.48022680761339	-1.685672932211796	0.5555555555555556	0.0	
4.0	35.0	-0.463942455815765	0.0	-0.08726646259971647	30.0	32.0	-0.463942455815765	0.0	0.0	23.84387232395539	35.73022680761339	-1.5984064696120797	0.2777777777777778	0.0	
4.0	35.0	-0.463942455815765	0.0	-0.08726646259971647	30.0	32.0	-0.463942455815765	0.0	0.0	11.073120539925654	39.21704467935565	-1.685672932211796	0.8333333333333333	0.0	
4.0	35.0	-0.463942455815765	0.0	-0.08726646259971647	30.0	32.0	-0.463942455815765	0.0	0.0	23.729248215970262	34.73681787174226	-1.8602058574112288	0.2777777777777778	0.0	
28.0	27.0	-0.959931088596881	0.0	-0.03490658503988659	28.0	16.0	-2.181661564992912	1.3888888888888888	0.0	33.0	16.0	-3.141592653589793	0.5555555555555556	0.0	
28.0	27.0	-0.959931088596881	0.0	-0.03490658503988659	28.0	16.0	-2.181661564992912	1.3888888888888888	0.0	32.0	21.5	3.0543261909900767	1.1111111111111112	0.0	
28.0	27.0	-0.959931088596881	0.0	-0.03490658503988659	28.0	16.0	-2.181661564992912	1.3888888888888888	0.0	31.0	18.75	3.0543261909900767	0.8333333333333333	0.0	
28.0	27.0	-0.959931088596881	0.0	-0.03490658503988659	28.0	16.0	-2.181661564992912	1.3888888888888888	0.0	32.0	16.0	-3.141592653589793	0.2777777777777778	0.0	
10.0	14.0	-0.6947382761967029	0.0	0.05235987755982988	32.0	16.0	-0.5202053509972702	2.2222222222222223	0.0	26.31892850791496	17.491786412935408	-1.4801364395941512	0.5555555555555556	0.0	
10.0	14.0	-0.6947382761967029	0.0	0.05235987755982988	32.0	16.0	-0.5202053509972702	2.2222222222222223	0.0	15.228392761872444	17.48767961940311	-1.654669364793584	0.5555555555555556	0.0	
10.0	14.0	-0.6947382761967029	0.0	0.05235987755982988	32.0	16.0	-0.5202053509972702	2.2222222222222223	0.0	15.137857015829924	18.483572825870816	-1.5674029021938676	0.2777777777777778	0.0	
10.0	14.0	-0.6947382761967029	0.0	0.05235987755982988	32.0	16.0	-0.5202053509972702	2.2222222222222223	0.0	20.728392761872446	17.98767961940311	-1.3056035143947184	0.5555555555555556	0.0	
16.0	17.0	0.49096290500302997	0.0	0.10471975511965977	28.0	33.0	1.538160456199627	1.9444444444444444	0.0	15.0	24.0	-0.7307675713930006	1.1111111111111112	0.0	
16.0	17.0	0.49096290500302997	0.0	0.10471975511965977	28.0	33.0	1.538160456199627	1.9444444444444444	0.0	22.6	30.8	-0.7307675713930006	0.2777777777777778	0.0	
16.0	17.0	0.49096290500302997	0.0	0.10471975511965977	28.0	33.0	1.538160456199627	1.9444444444444444	0.0	25.6	34.8	-0.4689681835938515	0.2777777777777778	0.0	
16.0	17.0	0.49096290500302997	0.0	0.10471975511965977	28.0	33.0	1.538160456199627	1.9444444444444444	0.0	24.8	35.4	-0.6435011087932843	0.8333333333333333	0.0	
34.0	24.0	2.46632358744251	0.0	-0.05235987755982988	25.0	30.0	2.8153894378413753	2.7777777777777777	0.0	30.085899411324313	23.00384911698647	1.070060185847046	0.2777777777777778	0.0	
34.0	24.0	2.46632358744251	0.0	-0.05235987755982988	25.0	30.0	2.8153894378413753	2.7777777777777777	0.0	27.281199215099086	23.671798822648626	1.070060185847046	0.8333333333333333	0.0	
34.0	24.0	2.46632358744251	0.0	-0.05235987755982988	25.0	30.0	2.8153894378413753	2.7777777777777777	0.0	26.140599607549543	26.835899411324313	0.9827937232473296	0.2777777777777778	0.0	
34.0	24.0	2.46632358744251	0.0	-0.05235987755982988	25.0	30.0	2.8153894378413753	2.7777777777777777	0.0	29.531199215099086	22.171798822648626	1.070060185847046	0.8333333333333333	0.0	
4.0	15.0	0.8148832177905638	0.0	-0.05235987755982988	33.0	21.0	0.6403502925911311	0.8333333333333333	0.0	24.73697197982024	24.396302097535514	-1.5413112724017806	0.5555555555555556	0.0	
4.0	15.0	0.8148832177905638	0.0	-0.05235987755982988	33.0	21.0	0.6403502925911311	0.8333333333333333	0.0	32.18957758385619	24.91704167802841	-1.5413112724017806	0.8333333333333333	0.0	
4.0	15.0	0.8148832177905638	0.0	-0.05235987755982988	33.0	21.0	0.6403502925911311	0.8333333333333333	0.0	18.094788791928096	19.958520839014206	-1.2795118846026305	0.2777777777777778	0.0	
4.0	15.0	0.8148832177905638	0.0	-0.05235987755982988	33.0	21.0	0.6403502925911311	0.8333333333333333	0.0	25.142183187892144	22.43778125852131	-1.4540448098020642	0.5555555555555556	0.0	
4.0	13.0	-0.2321419811204315	0.0	-0.12217304763960307	24.0	19.0	0.8150555700761659	0.5555555555555556	0.0	13.137956343300965	18.873478855663453	-1.104806607117597	0.2777777777777778	0.0	
4.0	13.0	-0.2321419811204315	0.0	-0.12217304763960307	24.0	19.0	0.8150555700761659	0.5555555555555556	0.0	18.137956343300964	20.373478855663453	-1.2793395323170298	0.8333333333333333	0.0	
4.0	13.0	-0.2321419811204315	0.0	-0.12217304763960307	24.0	19.0	0.8150555700761659	0.5555555555555556	0.0	17.85060845773462	21.331305140884606	-1.3666059949167462	0.8333333333333333	0.0	
4.0	13.0	-0.2321419811204315	0.0	-0.12217304763960307	24.0	19.0	0.8150555700761659	0.5555555555555556	0.0	18.42530422886731	19.415652570442305	-1.1920730697173134	0.5555555555555556	0.0	
27.0	17.0	0.7951713993422693	0.0	-0.08726646259971647	33.0	34.0	1.929635413138584	1.1111111111111112	0.0	27.728038665668443	31.08128047094055	-0.42655907705375995	0.2777777777777778	0.0	
27.0	17.0	0.7951713993422693	0.0	-0.08726646259971647	33.0	34.0	1.929635413138584	1.1111111111111112	0.0	24.728038665668443	22.58128047094055	-0.1647596892546126	0.5555555555555556	0.0	
27.0	17.0	0.7951713993422693	0.0	-0.08726646259971647	33.0	34.0	1.929635413138584	1.1111111111111112	0.0	25.67102899925133	22.248460353205413	-0.2520261518543272	0.2777777777777778	0.0	
27.0	17.0	0.7951713993422693	0.0	-0.08726646259971647	33.0	34.0	1.929635413138584	1.1111111111111112	0.0	25.28504833208555	27.164100588675687	-0.5138255396534781	0.2777777777777778	0.0	
7.0	17.0	-0.7034522753907773	0.0	-0.08726646259971647	29.0	13.0	-0.4416528875916277	1.1111111111111112	0.0	13.394427190999915	20.919349550499536	-1.9251827517868074	0.5555555555555556	0.0	
7.0	17.0	-0.7034522753907773	0.0	-0.08726646259971647	29.0	13.0	-0.4416528875916277	1.1111111111111112	0.0	24.215541752799933	17.93547964039963	-1.837916289187091	1.1111111111111112	0.0	
7.0	17.0	-0.7034522753907773	0.0	-0.08726646259971647	29.0	13.0	-0.4416528875916277	1.1111111111111112	0.0	12.857770876399966	17.967739820199814	-1.7506498265873747	0.5555555555555556	0.0	
7.0	17.0	-0.7034522753907773	0.0	-0.08726646259971647	29.0	13.0	-0.4416528875916277	1.1111111111111112	0.0	18.715541752799933	18.93547964039963	-1.7506498265873747	1.1111111111111112	0.0	
15.0	14.0	0.4539427891290999	0.0	0.05235987755982988	34.0	16.0	0.017610476130517583	2.5	0.0	19.435945646445873	17.48351635876422	-1.2913864628652298	0.8333333333333333	0.0	
15.0	14.0	0.4539427891290999	0.0	0.05235987755982988	34.0	16.0	0.017610476130517583	2.5	0.0	33.68594564644587	18.98351635876422	-1.4659193880646626	0.5555555555555556	0.0	
15.0	14.0	0.4539427891290999	0.0	0.05235987755982988	34.0	16.0	0.017610476130517583	2.5	0.0	19.226576077409785	19.47252726460703	-1.2913864628652298	0.8333333333333333	0.0	
15.0	14.0	0.4539427891290999	0.0	0.05235987755982988	34.0	16.0	0.017610476130517583	2.5	0.0	28.726576077409785	20.47252726460703	-1.6404523132640954	0.8333333333333333	0.0	
29.0	31.0	-1.218337051795002	0.0	0.06981317007977318	30.0	20.0	-1.6546693647935844	1.6666666666666665	0.0	33.733572825870816	23.112142984170074	-2.876399841189615	1.1111111111111112	0.0	
29.0	31.0	-1.218337051795002	0.0	0.06981317007977318	30.0	20.0	-1.6546693647935844	1.6666666666666665	0.0	32.73767961940311	23.021607238127558	-3.138199228988764	0.8333333333333333	0.0	
29.0	31.0	-1.218337051795002	0.0	0.06981317007977318	30.0	20.0	-1.6546693647935844	1.6666666666666665	0.0	33.233572825870816	28.612142984170074	-3.138199228988764	0.8333333333333333	0.0	
29.0	31.0	-1.218337051795002	0.0	0.06981317007977318	30.0	20.0	-1.6546693647935844	1.6666666666666665	0.0	33.733572825870816	23.112142984170074	-2.9636663037893314	0.8333333333333333	0.0	
4.0	33.0	-0.43012199443970944	0.0	0.13962634015954636	36.0	36.0	-0.6046549196391422	0.8333333333333333	0.0	27.813318582613885	37.241268452118575	-1.3027866204368745	0.2777777777777778	0.0	
4.0	33.0	-0.43012199443970944	0.0	0.13962634015954636	36.0	36.0	-0.6046549196391422	0.8333333333333333	0.0	35.62663716522777	39.98253690423715	-1.5645860082360237	0.5555555555555556	0.0	
4.0	33.0	-0.43012199443970944	0.0	0.13962634015954636	36.0	36.0	-0.6046549196391422	0.8333333333333333	0.0	11.719977873920826	36.73690267817786	-1.4773195456363073	0.5555555555555556	0.0	
4.0	33.0	-0.43012199443970944	0.0	0.13962634015954636	36.0	36.0	-0.6046549196391422	0.8333333333333333	0.0	35.62663716522777	39.98253690423715	-1.5645860082360237	0.8333333333333333	0.0	
31.0	29.0	-2.848025308436644	0.0	0.03490658503988659	12.0	12.0	-2.6734923832372113	1.1111111111111112	0.0	14.000384578409477	9.764276059424702	2.3006959849466284	0.2777777777777778	0.0	
31.0	29.0	-2.848025308436644	0.0	0.03490658503988659	12.0	12.0	-2.6734923832372113	1.1111111111111112	0.0	24.1671794378793	17.519034745899603	2.3006959849466284	0.5555555555555556	0.0	
31.0	29.0	-2.848025308436644	0.0	0.03490658503988659	12.0	12.0	-2.6734923832372113	1.1111111111111112	0.0	23.500384578409477	18.264276059424702	2.475228910146061	0.8333333333333333	0.0	
31.0	29.0	-2.848025308436644	0.0	0.03490658503988659	12.0	12.0	-2.6734923832372113	1.1111111111111112	0.0	23.500384578409477	18.264276059424702	2.387962447546345	0.8333333333333333	0.0	
4.0	33.0	-0.22847839192090236	0.0	0.017453292519943295	34.0	34.0	0.03332099587824722	0.5555555555555556	0.0	26.366740679069448	37.747779627916614	-1.450208868316933	0.8333333333333333	0.0	
4.0	33.0	-0.22847839192090236	0.0	0.017453292519943295	34.0	34.0	0.03332099587824722	0.5555555555555556	0.0	33.900055509302085	36.998334720937464	-1.6247417935163657	0.5555555555555556	0.0	
4.0	33.0	-0.22847839192090236	0.0	0.017453292519943295	34.0	34.0	0.03332099587824722	0.5555555555555556	0.0	33.933370339534726	35.99888981395831	-1.5374753309166493	0.2777777777777778	0.0	
4.0	33.0	-0.22847839192090236	0.0	0.017453292519943295	34.0	34.0	0.03332099587824722	0.5555555555555556	0.0	26.333425848836807	38.74722453489577	-1.6247417935163657	0.2777777777777778	0.0	
21.0	16.0	0.7688978921914864	0.0	0.12217304763960307	25.0	30.0	1.9033619059878006	1.1111111111111112	0.0	22.076952104718355	27.049442255794755	-0.4528325842045433	0.5555555555555556	0.0	
21.0	16.0	0.7688978921914864	0.0	0.12217304763960307	25.0	30.0	1.9033619059878006	1.1111111111111112	0.0	17.192380261795883	20.87360563948689	-0.19103319640539596	1.1111111111111112	0.0	
21.0	16.0	0.7688978921914864	0.0	0.12217304763960307	25.0	30.0	1.9033619059878006	1.1111111111111112	0.0	19.192380261795883	27.87360563948689	-0.27829965900511056	1.1111111111111112	0.0	
21.0	16.0	0.7688978921914864	0.0	0.12217304763960307	25.0	30.0	1.9033619059878006	1.1111111111111112	0.0	22.11542815707753	30.824163383692134	-0.3655661216048287	0.8333333333333333	0.0	
37.0	29.0	-2.369883070297683	0.0	-0.12217304763960307	12.0	12.0	-2.8934818458959817	0.8333333333333333	0.0	31.87462004281456	23.096146995860945	2.167972984887574	0.2777777777777778	0.0	
37.0	29.0	-2.369883070297683	0.0	-0.12217304763960307	12.0	12.0	-2.8934818458959817	0.8333333333333333	0.0	32.99924008562912	21.442293991721886	2.0807065222878576	0.8333333333333333	0.0	
37.0	29.0	-2.369883070297683	0.0	-0.12217304763960307	12.0	12.0	-2.8934818458959817	0.8333333333333333	0.0	26.749240085629115	17.192293991721886	2.167972984887574	0.5555555555555556	0.0	
37.0	29.0	-2.369883070297683	0.0	-0.12217304763960307	12.0	12.0	-2.8934818458959817	0.8333333333333333	0.0	32.99924008562912	21.442293991721886	2.167972984887574	1.1111111111111112	0.0	
31.0	29.0	-1.9701085239195488	0.0	0.15707963267948966	18.0	15.0	-2.4937072995178475	2.5	0.0	23.4483804748789	16.458646701898168	2.393214606066275	0.8333333333333333	0.0	
31.0	29.0	-1.9701085239195488	0.0	0.15707963267948966	18.0	15.0	-2.4937072995178475	2.5	0.0	23.4483804748789	16.458646701898168	2.5677475312657077	0.2777777777777778	0.0	
31.0	29.0	-1.9701085239195488	0.0	0.15707963267948966	18.0	15.0	-2.4937072995178475	2.5	0.0	25.9655869832526	20.639097801265443	2.393214606066275	0.2777777777777778	0.0	
31.0	29.0	-1.9701085239195488	0.0	0.15707963267948966	18.0	15.0	-2.4937072995178475	2.5	0.0	29.2155869832526	24.139097801265443	2.393214606066275	0.5555555555555556	0.0	
25.0	17.0	-2.9216364489687834	0.0	0.05235987755982988	3.0	16.0	-2.9216364489687834	0.8333333333333333	0.0	3.13622298275595	13.003094379369102	1.5289531436167572	0.5555555555555556	0.0	
25.0	17.0	-2.9216364489687834	0.0	0.05235987755982988	3.0	16.0	-2.9216364489687834	0.8333333333333333	0.0	19.63622298275595	13.753094379369102	1.7907525314159063	0.8333333333333333	0.0	
25.0	17.0	-2.9216364489687834	0.0	0.05235987755982988	3.0	16.0	-2.9216364489687834	0.8333333333333333	0.0	8.6816306436746	12.254125839158801	1.70348606881619	0.5555555555555556	0.0	
25.0	17.0	-2.9216364489687834	0.0	0.05235987755982988	3.0	16.0	-2.9216364489687834	0.8333333333333333	0.0	3.13622298275595	13.003094379369102	1.70348606881619	0.8333333333333333	0.0	
30.0	19.0	2.0641013424744203	0.0	-0.06981317007977318	14.0	36.0	3.0240324310713014	1.9444444444444444	0.0	24.543600014614395	21.87927060199002	0.8423708660783902	0.2777777777777778	0.0	
30.0	19.0	2.0641013424744203	0.0	-0.06981317007977318	14.0	36.0	3.0240324310713014	1.9444444444444444	0.0	24.543600014614395	21.87927060199002	0.6678379408789574	0.5555555555555556	0.0	
30.0	19.0	2.0641013424744203	0.0	-0.06981317007977318	14.0	36.0	3.0240324310713014	1.9444444444444444	0.0	10.359000036535988	32.573176504975045	0.8423708660783902	1.3888888888888888	0.0	
30.0	19.0	2.0641013424744203	0.0	-0.06981317007977318	14.0	36.0	3.0240324310713014	1.9444444444444444	0.0	19.08720002922879	24.758541203980034	0.9296373286781066	1.1111111111111112	0.0	
33.0	36.0	-2.191045812777718	0.0	0.0	23.0	22.0	-1.5801805745797026	1.3888888888888888	0.0	34.56866735603367	29.59380903140452	2.5213431676069717	1.3888888888888888	0.0	
33.0	36.0	-2.191045812777718	0.0	0.0	23.0	22.0	-1.5801805745797026	1.3888888888888888	0.0	26.25493388482694	19.675047225123613	2.608609630206688	0.8333333333333333	0.0	
33.0	36.0	-2.191045812777718	0.0	0.0	23.0	22.0	-1.5801805745797026	1.3888888888888888	0.0	27.941200413620205	23.75628541884271	2.6958760928064045	0.8333333333333333	0.0	
33.0	36.0	-2.191045812777718	0.0	0.0	23.0	22.0	-1.5801805745797026	1.3888888888888888	0.0	32.94120041362021	30.75628541884271	2.5213431676069717	0.8333333333333333	0.0	
