400
19.0	37.0	2.7419598843782405	0.0	0.17453292519943295	6.0	33.0	-2.494027871604748	1.3888888888888888	0.0	7.470429244187615	28.22110495639025	1.9565617209807922	0.8333333333333333	0.0	
19.0	37.0	2.7419598843782405	0.0	0.17453292519943295	6.0	33.0	-2.494027871604748	1.3888888888888888	0.0	9.838171697675046	32.0884419825561	1.694762333181643	0.5555555555555556	0.0	
19.0	37.0	2.7419598843782405	0.0	0.17453292519943295	6.0	33.0	-2.494027871604748	1.3888888888888888	0.0	7.176343395350092	29.1768839651122	1.8692952583810758	0.8333333333333333	0.0	
19.0	37.0	2.7419598843782405	0.0	0.17453292519943295	6.0	33.0	-2.494027871604748	1.3888888888888888	0.0	13.676343395350093	31.1768839651122	2.0438281835805086	1.1111111111111112	0.0	
21.0	35.0	-3.1065921138445294	0.0	-0.13962634015954636	5.0	25.0	-1.9721281000482154	2.7777777777777777	0.0	18.58999682000954	29.956005087984735	2.042129179538742	0.8333333333333333	0.0	
21.0	35.0	-3.1065921138445294	0.0	-0.13962634015954636	5.0	25.0	-1.9721281000482154	2.7777777777777777	0.0	7.119995760012721	21.608006783979647	2.1293956421384586	0.5555555555555556	0.0	
21.0	35.0	-3.1065921138445294	0.0	-0.13962634015954636	5.0	25.0	-1.9721281000482154	2.7777777777777777	0.0	18.58999682000954	29.956005087984735	2.216662104738175	0.8333333333333333	0.0	
21.0	35.0	-3.1065921138445294	0.0	-0.13962634015954636	5.0	25.0	-1.9721281000482154	2.7777777777777777	0.0	7.649994700015901	20.76000847997456	1.9548627169390258	0.5555555555555556	0.0	
5.0	15.0	-0.5235987755982987	0.0	0.15707963267948966	30.0	15.0	-0.6108652381980155	1.6666666666666665	0.0	17.5	18.0	-1.5707963267948966	0.2777777777777778	0.0	
5.0	15.0	-0.5235987755982987	0.0	0.15707963267948966	30.0	15.0	-0.6108652381980155	1.6666666666666665	0.0	11.25	20.0	-1.5707963267948966	0.5555555555555556	0.0	
5.0	15.0	-0.5235987755982987	0.0	0.15707963267948966	30.0	15.0	-0.6108652381980155	1.6666666666666665	0.0	17.5	20.0	-1.658062789394613	0.2777777777777778	0.0	
5.0	15.0	-0.5235987755982987	0.0	0.15707963267948966	30.0	15.0	-0.6108652381980155	1.6666666666666665	0.0	11.25	19.0	-1.3962634015954638	0.5555555555555556	0.0	
32.0	15.0	2.9670597283903604	0.0	0.10471975511965977	15.0	15.0	-3.141592653589793	1.3888888888888888	0.0	27.75	11.0	1.4835298641951802	0.2777777777777778	0.0	
32.0	15.0	2.9670597283903604	0.0	0.10471975511965977	15.0	15.0	-3.141592653589793	1.3888888888888888	0.0	27.75	12.0	1.5707963267948966	0.5555555555555556	0.0	
32.0	15.0	2.9670597283903604	0.0	0.10471975511965977	15.0	15.0	-3.141592653589793	1.3888888888888888	0.0	23.5	12.0	1.4835298641951802	0.5555555555555556	0.0	
32.0	15.0	2.9670597283903604	0.0	0.10471975511965977	15.0	15.0	-3.141592653589793	1.3888888888888888	0.0	23.5	12.0	1.4835298641951802	0.2777777777777778	0.0	
31.0	36.0	-2.977554299720299	0.0	0.10471975511965977	5.0	34.0	-2.7157549119211493	1.1111111111111112	0.0	24.730089496654212	32.508836543495256	1.560301755464958	0.5555555555555556	0.0	
31.0	36.0	-2.977554299720299	0.0	0.10471975511965977	5.0	34.0	-2.7157549119211493	1.1111111111111112	0.0	11.73008949665421	31.508836543495256	1.6475682180646745	0.2777777777777778	0.0	
31.0	36.0	-2.977554299720299	0.0	0.10471975511965977	5.0	34.0	-2.7157549119211493	1.1111111111111112	0.0	11.806785995538949	30.511782057993674	1.8221011432641072	0.5555555555555556	0.0	
31.0	36.0	-2.977554299720299	0.0	0.10471975511965977	5.0	34.0	-2.7157549119211493	1.1111111111111112	0.0	18.230089496654212	32.008836543495256	1.8221011432641072	0.8333333333333333	0.0	
8.0	37.0	-1.7935905033801138	0.0	0.08726646259971647	5.0	15.0	-1.7935905033801138	0.0	0.0	8.963320672177197	14.459547181066746	2.8315320144048597	0.8333333333333333	0.0	
8.0	37.0	-1.7935905033801138	0.0	0.08726646259971647	5.0	15.0	-1.7935905033801138	0.0	0.0	10.463320672177197	25.459547181066746	2.918798477004576	0.5555555555555556	0.0	
8.0	37.0	-1.7935905033801138	0.0	0.08726646259971647	5.0	15.0	-1.7935905033801138	0.0	0.0	9.231660336088598	31.229773590533373	-3.102587442375861	0.2777777777777778	0.0	
8.0	37.0	-1.7935905033801138	0.0	0.08726646259971647	5.0	15.0	-1.7935905033801138	0.0	0.0	7.7316603360885985	20.229773590533373	2.918798477004576	0.5555555555555556	0.0	
37.0	14.0	2.935819894960092	0.0	-0.12217304763960307	5.0	15.0	2.7612869697606595	2.7777777777777777	0.0	4.875060990489116	11.001951695651684	1.3650235681651957	1.1111111111111112	0.0	
37.0	14.0	2.935819894960092	0.0	-0.12217304763960307	5.0	15.0	2.7612869697606595	2.7777777777777777	0.0	12.843826238111395	9.752439619564605	1.3650235681651957	1.1111111111111112	0.0	
37.0	14.0	2.935819894960092	0.0	-0.12217304763960307	5.0	15.0	2.7612869697606595	2.7777777777777777	0.0	4.875060990489116	11.001951695651684	1.3650235681651957	1.1111111111111112	0.0	
37.0	14.0	2.935819894960092	0.0	-0.12217304763960307	5.0	15.0	2.7612869697606595	2.7777777777777777	0.0	28.843826238111394	9.252439619564605	1.5395564933646284	0.5555555555555556	0.0	
6.0	36.0	-1.1968828237922717	0.0	0.17453292519943295	5.0	20.0	-2.1568139123891528	0.2777777777777778	0.0	8.744157735448665	31.81286514153446	-3.029478538386318	0.5555555555555556	0.0	
6.0	36.0	-1.1968828237922717	0.0	0.17453292519943295	5.0	20.0	-2.1568139123891528	0.2777777777777778	0.0	8.744157735448665	31.81286514153446	3.0791738435938356	0.2777777777777778	0.0	
6.0	36.0	-1.1968828237922717	0.0	0.17453292519943295	5.0	20.0	-2.1568139123891528	0.2777777777777778	0.0	7.496105156965777	27.87524342768964	-3.1167450009860342	0.5555555555555556	0.0	
6.0	36.0	-1.1968828237922717	0.0	0.17453292519943295	5.0	20.0	-2.1568139123891528	0.2777777777777778	0.0	8.744157735448665	31.81286514153446	-3.1167450009860342	0.5555555555555556	0.0	
5.0	16.0	1.4835298641951802	0.0	0.15707963267948966	5.0	30.0	1.7453292519943293	1.1111111111111112	0.0	1.0	30.0	0.08726646259971638	0.2777777777777778	0.0	
5.0	16.0	1.4835298641951802	0.0	0.15707963267948966	5.0	30.0	1.7453292519943293	1.1111111111111112	0.0	0.0	30.0	0.17453292519943275	1.1111111111111112	0.0	
5.0	16.0	1.4835298641951802	0.0	0.15707963267948966	5.0	30.0	1.7453292519943293	1.1111111111111112	0.0	1.0	30.0	0.0	0.2777777777777778	0.0	
5.0	16.0	1.4835298641951802	0.0	0.15707963267948966	5.0	30.0	1.7453292519943293	1.1111111111111112	0.0	3.0	19.5	0.0	0.5555555555555556	0.0	
5.0	25.0	-1.4067579729254023	0.0	0.017453292519943295	6.0	12.0	-1.581290898124835	2.5	0.0	9.988217942006326	12.306785995538947	-2.8902878371205825	0.2777777777777778	0.0	
5.0	25.0	-1.4067579729254023	0.0	0.017453292519943295	6.0	12.0	-1.581290898124835	2.5	0.0	8.491163456504745	18.730089496654212	3.1310980822598546	0.5555555555555556	0.0	
5.0	25.0	-1.4067579729254023	0.0	0.017453292519943295	6.0	12.0	-1.581290898124835	2.5	0.0	10.985272427507908	12.383482494423685	-2.8902878371205825	1.1111111111111112	0.0	
5.0	25.0	-1.4067579729254023	0.0	0.017453292519943295	6.0	12.0	-1.581290898124835	2.5	0.0	10.235272427507908	22.133482494423685	-2.977554299720299	1.1111111111111112	0.0	
15.0	17.0	-0.5056677273808812	0.0	-0.08726646259971647	34.0	14.0	0.2797304360165671	1.6666666666666665	0.0	29.56192514694602	16.725525930658137	-1.9019311289763445	0.5555555555555556	0.0	
15.0	17.0	-0.5056677273808812	0.0	-0.08726646259971647	34.0	14.0	0.2797304360165671	1.6666666666666665	0.0	29.56192514694602	16.725525930658137	-1.552865278577479	0.2777777777777778	0.0	
15.0	17.0	-0.5056677273808812	0.0	-0.08726646259971647	34.0	14.0	0.2797304360165671	1.6666666666666665	0.0	30.029812867365052	19.688814826645345	-1.6401317411771954	0.2777777777777778	0.0	
15.0	17.0	-0.5056677273808812	0.0	-0.08726646259971647	34.0	14.0	0.2797304360165671	1.6666666666666665	0.0	29.873850293892044	18.701051861316277	-1.7273982037769118	0.8333333333333333	0.0	
30.0	17.0	-2.7129455843342507	0.0	-0.17453292519943295	9.0	19.0	2.6103086342484545	0.5555555555555556	0.0	19.21557272211601	15.013513582218144	1.5631110830518562	0.8333333333333333	0.0	
30.0	17.0	-2.7129455843342507	0.0	-0.17453292519943295	9.0	19.0	2.6103086342484545	0.5555555555555556	0.0	14.060381814744009	16.509009054812097	1.5631110830518562	0.5555555555555556	0.0	
30.0	17.0	-2.7129455843342507	0.0	-0.17453292519943295	9.0	19.0	2.6103086342484545	0.5555555555555556	0.0	19.31038181474401	16.009009054812097	1.5631110830518562	0.5555555555555556	0.0	
30.0	17.0	-2.7129455843342507	0.0	-0.17453292519943295	9.0	19.0	2.6103086342484545	0.5555555555555556	0.0	19.31038181474401	16.009009054812097	1.6503775456515726	0.2777777777777778	0.0	
30.0	32.0	-2.8639156027776123	0.0	-0.12217304763960307	5.0	36.0	-2.4275832897790295	1.3888888888888888	0.0	10.934018997786653	33.02511873616659	1.4121410646084946	0.2777777777777778	0.0	
30.0	32.0	-2.8639156027776123	0.0	-0.12217304763960307	5.0	36.0	-2.4275832897790295	1.3888888888888888	0.0	10.934018997786653	33.02511873616659	1.3248746020087783	0.2777777777777778	0.0	
30.0	32.0	-2.8639156027776123	0.0	-0.12217304763960307	5.0	36.0	-2.4275832897790295	1.3888888888888888	0.0	4.210047494466633	31.062796840416475	1.499407527208211	0.5555555555555556	0.0	
30.0	32.0	-2.8639156027776123	0.0	-0.12217304763960307	5.0	36.0	-2.4275832897790295	1.3888888888888888	0.0	4.52602849667998	33.037678104249885	1.4121410646084946	0.2777777777777778	0.0	
22.0	15.0	0.5289193501913441	0.0	-0.17453292519943295	33.0	17.0	-0.08194588800667102	0.0	0.0	26.96334368540005	18.951609730299722	-1.3036763644027012	0.8333333333333333	0.0	
22.0	15.0	0.5289193501913441	0.0	-0.17453292519943295	33.0	17.0	-0.08194588800667102	0.0	0.0	32.64222912360003	18.967739820199814	-1.3909428270024193	0.2777777777777778	0.0	
22.0	15.0	0.5289193501913441	0.0	-0.17453292519943295	33.0	17.0	-0.08194588800667102	0.0	0.0	24.21334368540005	18.451609730299722	-1.3036763644027012	0.2777777777777778	0.0	
22.0	15.0	0.5289193501913441	0.0	-0.17453292519943295	33.0	17.0	-0.08194588800667102	0.0	0.0	24.034458247200067	19.43547964039963	-1.2164099018029866	0.8333333333333333	0.0	
6.0	23.0	1.4357911599598525	0.0	-0.10471975511965977	15.0	37.0	0.1267942209641051	1.1111111111111112	0.0	8.817643049246893	31.081515182626998	-0.5713374798336268	0.5555555555555556	0.0	
6.0	23.0	1.4357911599598525	0.0	-0.10471975511965977	15.0	37.0	0.1267942209641051	1.1111111111111112	0.0	13.317643049246893	38.081515182627	-0.48407101723391044	0.2777777777777778	0.0	
6.0	23.0	1.4357911599598525	0.0	-0.10471975511965977	15.0	37.0	0.1267942209641051	1.1111111111111112	0.0	13.317643049246893	38.081515182627	-0.48407101723391044	0.2777777777777778	0.0	
6.0	23.0	1.4357911599598525	0.0	-0.10471975511965977	15.0	37.0	0.1267942209641051	1.1111111111111112	0.0	10.22646457387034	35.122272773940495	-0.7458704050330596	0.8333333333333333	0.0	
32.0	37.0	-3.021362889754307	0.0	-0.12217304763960307	13.0	33.0	-2.2359647263568587	2.7777777777777777	0.0	18.368031443149526	31.064350645039752	1.7782925532300986	0.2777777777777778	0.0	
32.0	37.0	-3.021362889754307	0.0	-0.12217304763960307	13.0	33.0	-2.2359647263568587	2.7777777777777777	0.0	13.824041924199367	29.085800860053006	1.6910260906303822	0.2777777777777778	0.0	
32.0	37.0	-3.021362889754307	0.0	-0.12217304763960307	13.0	33.0	-2.2359647263568587	2.7777777777777777	0.0	23.530052405249208	30.107251075066255	1.865559015829815	0.5555555555555556	0.0	
32.0	37.0	-3.021362889754307	0.0	-0.12217304763960307	13.0	33.0	-2.2359647263568587	2.7777777777777777	0.0	27.868031443149526	33.06435064503975	1.865559015829815	0.8333333333333333	0.0	
7.0	13.0	-0.49063547436252897	0.0	-0.08726646259971647	26.0	17.0	0.6438285394337848	1.3888888888888888	0.0	20.837979037900315	17.957099569973497	-1.2760336377599764	0.2777777777777778	0.0	
7.0	13.0	-0.49063547436252897	0.0	-0.08726646259971647	26.0	17.0	0.6438285394337848	1.3888888888888888	0.0	10.925958075800631	17.914199139946994	-1.2760336377599764	1.1111111111111112	0.0	
7.0	13.0	-0.49063547436252897	0.0	-0.08726646259971647	26.0	17.0	0.6438285394337848	1.3888888888888888	0.0	15.881968556850474	17.935649354960248	-1.1887671751602618	0.2777777777777778	0.0	
7.0	13.0	-0.49063547436252897	0.0	-0.08726646259971647	26.0	17.0	0.6438285394337848	1.3888888888888888	0.0	20.631968556850474	18.935649354960248	-1.3633001003596945	0.2777777777777778	0.0	
4.0	20.0	1.2093282865045856	0.0	-0.03490658503988659	5.0	30.0	1.9074599873023175	0.2777777777777778	0.0	2.259925619580022	22.699007438042	-0.18693511509087912	0.5555555555555556	0.0	
4.0	20.0	1.2093282865045856	0.0	-0.03490658503988659	5.0	30.0	1.9074599873023175	0.2777777777777778	0.0	1.0198512391600434	30.398014876083995	-0.09966865249116097	0.5555555555555556	0.0	
4.0	20.0	1.2093282865045856	0.0	-0.03490658503988659	5.0	30.0	1.9074599873023175	0.2777777777777778	0.0	-0.2251859510499461	27.997518595104996	-0.18693511509087912	1.3888888888888888	0.0	
4.0	20.0	1.2093282865045856	0.0	-0.03490658503988659	5.0	30.0	1.9074599873023175	0.2777777777777778	0.0	0.7698512391600434	27.898014876083995	0.07486427270827178	0.5555555555555556	0.0	
12.0	17.0	2.7259586394151034	0.0	-0.08726646259971647	5.0	25.0	1.5914946256187896	1.1111111111111112	0.0	7.239693221172487	16.36598156852593	0.5442970744221913	0.5555555555555556	0.0	
12.0	17.0	2.7259586394151034	0.0	-0.08726646259971647	5.0	25.0	1.5914946256187896	1.1111111111111112	0.0	1.2371165264656097	21.70747696065741	0.8933629248210568	0.8333333333333333	0.0	
12.0	17.0	2.7259586394151034	0.0	-0.08726646259971647	5.0	25.0	1.5914946256187896	1.1111111111111112	0.0	3.4948466105862437	23.682990784262966	0.8060964622213405	0.2777777777777778	0.0	
12.0	17.0	2.7259586394151034	0.0	-0.08726646259971647	5.0	25.0	1.5914946256187896	1.1111111111111112	0.0	7.239693221172487	16.36598156852593	0.7188299996216241	0.5555555555555556	0.0	
33.0	15.0	3.0543261909900767	0.0	0.15707963267948966	15.0	15.0	2.879793265790644	1.1111111111111112	0.0	28.5	10.0	1.7453292519943293	0.8333333333333333	0.0	
33.0	15.0	3.0543261909900767	0.0	0.15707963267948966	15.0	15.0	2.879793265790644	1.1111111111111112	0.0	19.5	12.0	1.658062789394613	0.2777777777777778	0.0	
33.0	15.0	3.0543261909900767	0.0	0.15707963267948966	15.0	15.0	2.879793265790644	1.1111111111111112	0.0	15.0	12.0	1.3962634015954638	0.2777777777777778	0.0	
33.0	15.0	3.0543261909900767	0.0	0.15707963267948966	15.0	15.0	2.879793265790644	1.1111111111111112	0.0	24.0	13.0	1.5707963267948966	0.2777777777777778	0.0	
3.0	16.0	0.009384247784806288	0.0	0.13962634015954636	27.0	12.0	-0.5142145278134929	0.5555555555555556	0.0	9.493196961916073	17.959181771496432	-1.5614120790100907	0.5555555555555556	0.0	
3.0	16.0	0.009384247784806288	0.0	0.13962634015954636	27.0	12.0	-0.5142145278134929	0.5555555555555556	0.0	15.328797974610715	15.972787847664287	-1.8232114668092398	0.2777777777777778	0.0	
3.0	16.0	0.009384247784806288	0.0	0.13962634015954636	27.0	12.0	-0.5142145278134929	0.5555555555555556	0.0	27.328797974610715	13.972787847664287	-1.9104779294089562	0.2777777777777778	0.0	
3.0	16.0	0.009384247784806288	0.0	0.13962634015954636	27.0	12.0	-0.5142145278134929	0.5555555555555556	0.0	27.493196961916073	14.959181771496432	-1.7359450042095235	0.2777777777777778	0.0	
34.0	9.0	2.604515491125853	0.0	0.17453292519943295	5.0	20.0	2.080916715527554	2.2222222222222223	0.0	17.72672882939731	9.825012368411082	1.2955185521301056	1.3888888888888888	0.0	
34.0	9.0	2.604515491125853	0.0	0.17453292519943295	5.0	20.0	2.080916715527554	2.2222222222222223	0.0	17.72672882939731	9.825012368411082	1.2082520895303892	0.8333333333333333	0.0	
34.0	9.0	2.604515491125853	0.0	0.17453292519943295	5.0	20.0	2.080916715527554	2.2222222222222223	0.0	18.436037297638386	11.69500742104665	1.382785014729822	0.5555555555555556	0.0	
34.0	9.0	2.604515491125853	0.0	0.17453292519943295	5.0	20.0	2.080916715527554	2.2222222222222223	0.0	17.72672882939731	9.825012368411082	1.2955185521301056	0.8333333333333333	0.0	
30.0	33.0	-2.4960440144030027	0.0	0.0	11.0	34.0	2.739943741579985	2.7777777777777777	0.0	25.144882333754474	31.25276434133498	1.518213265183955	0.2777777777777778	0.0	
30.0	33.0	-2.4960440144030027	0.0	0.0	11.0	34.0	2.739943741579985	2.7777777777777777	0.0	10.894882333754474	32.00276434133498	1.6054797277836714	0.2777777777777778	0.0	
30.0	33.0	-2.4960440144030027	0.0	0.0	11.0	34.0	2.739943741579985	2.7777777777777777	0.0	10.894882333754474	32.00276434133498	1.6054797277836714	0.5555555555555556	0.0	
30.0	33.0	-2.4960440144030027	0.0	0.0	11.0	34.0	2.739943741579985	2.7777777777777777	0.0	15.644882333754474	31.75276434133498	1.6054797277836714	0.2777777777777778	0.0	
32.0	18.0	2.9031840243648226	0.0	0.08726646259971647	5.0	15.0	2.990450486964539	2.7777777777777777	0.0	18.941726104299384	12.524465061305524	1.768720010568508	1.1111111111111112	0.0	
32.0	18.0	2.9031840243648226	0.0	0.08726646259971647	5.0	15.0	2.990450486964539	2.7777777777777777	0.0	25.802157630374232	12.280581326631905	1.768720010568508	0.5555555555555556	0.0	
32.0	18.0	2.9031840243648226	0.0	0.08726646259971647	5.0	15.0	2.990450486964539	2.7777777777777777	0.0	5.441726104299385	11.024465061305524	1.6814535479687915	1.1111111111111112	0.0	
32.0	18.0	2.9031840243648226	0.0	0.08726646259971647	5.0	15.0	2.990450486964539	2.7777777777777777	0.0	18.720863052149692	14.512232530652762	1.6814535479687915	0.5555555555555556	0.0	
32.0	15.0	2.356194490192345	0.0	0.13962634015954636	10.0	15.0	2.7925268031909276	0.0	0.0	15.5	12.0	1.7453292519943293	0.5555555555555556	0.0	
32.0	15.0	2.356194490192345	0.0	0.13962634015954636	10.0	15.0	2.7925268031909276	0.0	0.0	26.5	10.0	1.658062789394613	0.8333333333333333	0.0	
32.0	15.0	2.356194490192345	0.0	0.13962634015954636	10.0	15.0	2.7925268031909276	0.0	0.0	10.0	12.0	1.5707963267948966	0.2777777777777778	0.0	
32.0	15.0	2.356194490192345	0.0	0.13962634015954636	10.0	15.0	2.7925268031909276	0.0	0.0	21.0	13.0	1.658062789394613	0.2777777777777778	0.0	
11.0	37.0	-0.2612712638754182	0.0	0.13962634015954636	34.0	35.0	-0.43580418907485097	0.0	0.0	16.923259232729684	38.492481176391365	-1.7448011280705984	0.2777777777777778	0.0	
11.0	37.0	-0.2612712638754182	0.0	0.13962634015954636	34.0	35.0	-0.43580418907485097	0.0	0.0	17.009888849094526	39.48872176458705	-1.5702682028711656	0.8333333333333333	0.0	
11.0	37.0	-0.2612712638754182	0.0	0.13962634015954636	34.0	35.0	-0.43580418907485097	0.0	0.0	28.509888849094526	38.48872176458705	-1.7448011280705984	0.8333333333333333	0.0	
11.0	37.0	-0.2612712638754182	0.0	0.13962634015954636	34.0	35.0	-0.43580418907485097	0.0	0.0	34.25988884909453	37.98872176458705	-1.8320675906703148	0.5555555555555556	0.0	
22.0	37.0	-2.6179938779914944	0.0	-0.03490658503988659	5.0	20.0	-1.4835298641951802	0.0	0.0	8.535533905932738	16.464466094067262	2.443460952792061	0.2777777777777778	0.0	
22.0	37.0	-2.6179938779914944	0.0	-0.03490658503988659	5.0	20.0	-1.4835298641951802	0.0	0.0	20.57842712474619	29.92157287525381	2.181661564992912	0.8333333333333333	0.0	
22.0	37.0	-2.6179938779914944	0.0	-0.03490658503988659	5.0	20.0	-1.4835298641951802	0.0	0.0	8.535533905932738	16.464466094067262	2.443460952792061	1.1111111111111112	0.0	
22.0	37.0	-2.6179938779914944	0.0	-0.03490658503988659	5.0	20.0	-1.4835298641951802	0.0	0.0	12.07842712474619	21.42157287525381	2.2689280275926285	0.2777777777777778	0.0	
29.0	14.0	-2.659636457090082	0.0	-0.13962634015954636	5.0	15.0	3.099950074491205	0.5555555555555556	0.0	10.916738910575638	12.751733853815296	1.5291537476963084	0.2777777777777778	0.0	
29.0	14.0	-2.659636457090082	0.0	-0.13962634015954636	5.0	15.0	3.099950074491205	0.5555555555555556	0.0	10.916738910575638	12.751733853815296	1.441887285096592	0.2777777777777778	0.0	
29.0	14.0	-2.659636457090082	0.0	-0.13962634015954636	5.0	15.0	3.099950074491205	0.5555555555555556	0.0	10.791847276439094	9.754334634538239	1.3546208224968757	0.5555555555555556	0.0	
29.0	14.0	-2.659636457090082	0.0	-0.13962634015954636	5.0	15.0	3.099950074491205	0.5555555555555556	0.0	4.916738910575638	13.001733853815296	1.3546208224968757	0.2777777777777778	0.0	
3.0	33.0	-0.509910195492961	0.0	0.06981317007977318	24.0	37.0	0.27548796790448726	0.2777777777777778	0.0	18.001551568440018	39.9293542656899	-1.3825748214901257	0.2777777777777778	0.0	
3.0	33.0	-0.509910195492961	0.0	0.06981317007977318	24.0	37.0	0.27548796790448726	0.2777777777777778	0.0	18.188663676330016	38.947015699267425	-1.2953083588904093	0.8333333333333333	0.0	
3.0	33.0	-0.509910195492961	0.0	0.06981317007977318	24.0	37.0	0.27548796790448726	0.2777777777777778	0.0	18.001551568440018	39.9293542656899	-1.2953083588904093	0.2777777777777778	0.0	
3.0	33.0	-0.509910195492961	0.0	0.06981317007977318	24.0	37.0	0.27548796790448726	0.2777777777777778	0.0	23.064439460550023	41.91169283211237	-1.208041896290693	1.1111111111111112	0.0	
5.0	25.0	-1.0222469243443686	0.0	0.13962634015954636	34.0	18.0	-0.14958229834720393	2.5	0.0	34.46928106620779	19.944164417146574	-1.8076450877418164	0.2777777777777778	0.0	
5.0	25.0	-1.0222469243443686	0.0	0.13962634015954636	34.0	18.0	-0.14958229834720393	2.5	0.0	34.46928106620779	19.944164417146574	-1.9821780129412492	0.2777777777777778	0.0	
5.0	25.0	-1.0222469243443686	0.0	0.13962634015954636	34.0	18.0	-0.14958229834720393	2.5	0.0	34.70392159931169	20.91624662571986	-1.7203786251421	0.2777777777777778	0.0	
5.0	25.0	-1.0222469243443686	0.0	0.13962634015954636	34.0	18.0	-0.14958229834720393	2.5	0.0	34.70392159931169	20.91624662571986	-1.6331121625423837	0.8333333333333333	0.0	
11.0	16.0	1.8157749899217608	0.0	0.03490658503988659	6.0	36.0	1.379442676923178	1.1111111111111112	0.0	6.559714999709336	25.514928749927332	0.07044573792743147	0.2777777777777778	0.0	
11.0	16.0	1.8157749899217608	0.0	0.03490658503988659	6.0	36.0	1.379442676923178	1.1111111111111112	0.0	4.339572499564005	30.272393124891	0.15771220052714785	0.8333333333333333	0.0	
11.0	16.0	1.8157749899217608	0.0	0.03490658503988659	6.0	36.0	1.379442676923178	1.1111111111111112	0.0	4.339572499564005	30.272393124891	0.07044573792743147	0.8333333333333333	0.0	
11.0	16.0	1.8157749899217608	0.0	0.03490658503988659	6.0	36.0	1.379442676923178	1.1111111111111112	0.0	4.339572499564005	30.272393124891	0.07044573792743147	0.2777777777777778	0.0	
19.0	37.0	-1.9864303409695863	0.0	0.17453292519943295	3.0	23.0	-1.7246309531704367	2.7777777777777777	0.0	16.975513823605553	31.242269915879366	2.4641592516159534	0.8333333333333333	0.0	
19.0	37.0	-1.9864303409695863	0.0	0.17453292519943295	3.0	23.0	-1.7246309531704367	2.7777777777777777	0.0	6.292523039342591	19.237116526465613	2.376892789016237	0.5555555555555556	0.0	
19.0	37.0	-1.9864303409695863	0.0	0.17453292519943295	3.0	23.0	-1.7246309531704367	2.7777777777777777	0.0	14.29252303934259	26.237116526465613	2.2896263264165206	1.3888888888888888	0.0	
19.0	37.0	-1.9864303409695863	0.0	0.17453292519943295	3.0	23.0	-1.7246309531704367	2.7777777777777777	0.0	9.634018431474072	23.489693221172487	2.4641592516159534	1.1111111111111112	0.0	
28.0	34.0	2.440067528191033	0.0	0.017453292519943295	17.0	35.0	-2.7086537651922393	1.3888888888888888	0.0	19.56892850791496	32.758213587064596	1.4801364395941512	0.5555555555555556	0.0	
28.0	34.0	2.440067528191033	0.0	0.017453292519943295	17.0	35.0	-2.7086537651922393	1.3888888888888888	0.0	16.728392761872446	32.01232038059689	1.654669364793584	0.2777777777777778	0.0	
28.0	34.0	2.440067528191033	0.0	0.017453292519943295	17.0	35.0	-2.7086537651922393	1.3888888888888888	0.0	16.547321269787407	30.020533967661482	1.5674029021938676	1.1111111111111112	0.0	
28.0	34.0	2.440067528191033	0.0	0.017453292519943295	17.0	35.0	-2.7086537651922393	1.3888888888888888	0.0	19.478392761872446	31.76232038059689	1.3056035143947184	0.5555555555555556	0.0	
5.0	35.0	0.49375649363115093	0.0	-0.17453292519943295	22.0	33.0	-0.37890813236601373	1.9444444444444444	0.0	9.834206237836986	39.46575302161438	-1.6006386087620443	1.3888888888888888	0.0	
5.0	35.0	0.49375649363115093	0.0	-0.17453292519943295	22.0	33.0	-0.37890813236601373	1.9444444444444444	0.0	18.217364990269587	37.472602417291505	-1.513372146162328	1.1111111111111112	0.0	
5.0	35.0	0.49375649363115093	0.0	-0.17453292519943295	22.0	33.0	-0.37890813236601373	1.9444444444444444	0.0	18.334206237836987	38.46575302161438	-1.6879050713617607	1.3888888888888888	0.0	
5.0	35.0	0.49375649363115093	0.0	-0.17453292519943295	22.0	33.0	-0.37890813236601373	1.9444444444444444	0.0	17.983682495134794	35.486301208645756	-1.6006386087620443	0.5555555555555556	0.0	
29.0	35.0	-2.317751900171157	0.0	-0.06981317007977318	3.0	34.0	3.0055023184115477	2.7777777777777777	0.0	22.57686624420241	32.75147765073737	1.7837718420155166	0.5555555555555556	0.0	
29.0	35.0	-2.317751900171157	0.0	-0.06981317007977318	3.0	34.0	3.0055023184115477	2.7777777777777777	0.0	9.615299366303613	31.252216476106057	1.5219724542163675	0.5555555555555556	0.0	
29.0	35.0	-2.317751900171157	0.0	-0.06981317007977318	3.0	34.0	3.0055023184115477	2.7777777777777777	0.0	9.653732488404817	30.252955301474742	1.5219724542163675	0.8333333333333333	0.0	
29.0	35.0	-2.317751900171157	0.0	-0.06981317007977318	3.0	34.0	3.0055023184115477	2.7777777777777777	0.0	3.1921656105060214	29.003694126843428	1.6965053794158003	0.8333333333333333	0.0	
33.0	14.0	3.0177657829667632	0.0	0.0	5.0	20.0	2.494167007368464	2.5	0.0	4.3714127338073805	17.066592757767772	1.3597029935721503	0.5555555555555556	0.0	
33.0	14.0	3.0177657829667632	0.0	0.0	5.0	20.0	2.494167007368464	2.5	0.0	17.952354556345636	12.110987929612953	1.3597029935721503	0.5555555555555556	0.0	
33.0	14.0	3.0177657829667632	0.0	0.0	5.0	20.0	2.494167007368464	2.5	0.0	11.37141273380738	15.566592757767772	1.1851700683727175	0.2777777777777778	0.0	
33.0	14.0	3.0177657829667632	0.0	0.0	5.0	20.0	2.494167007368464	2.5	0.0	4.580941822538254	18.04439517184518	1.4469694561718667	0.5555555555555556	0.0	
33.0	37.0	2.862972541118358	0.0	0.0	5.0	30.0	-2.1112158270654806	2.7777777777777777	0.0	19.485071250072668	31.559714999709335	1.8157749899217608	0.5555555555555556	0.0	
33.0	37.0	2.862972541118358	0.0	0.0	5.0	30.0	-2.1112158270654806	2.7777777777777777	0.0	20.212678125181665	28.649287499273342	1.641242064722328	0.2777777777777778	0.0	
33.0	37.0	2.862972541118358	0.0	0.0	5.0	30.0	-2.1112158270654806	2.7777777777777777	0.0	5.727606875108999	27.089572499564003	1.8157749899217608	0.2777777777777778	0.0	
33.0	37.0	2.862972541118358	0.0	0.0	5.0	30.0	-2.1112158270654806	2.7777777777777777	0.0	6.212678125181665	25.149287499273342	1.9030414525214772	1.3888888888888888	0.0	
14.0	16.0	0.49394136891958107	0.0	0.08726646259971647	34.0	10.0	-0.5532561822770168	0.0	0.0	20.436739427831725	19.289131426105758	-1.9495195838724797	0.2777777777777778	0.0	
14.0	16.0	0.49394136891958107	0.0	0.08726646259971647	34.0	10.0	-0.5532561822770168	0.0	0.0	29.57469577113269	13.415652570442303	-1.6877201960733306	0.5555555555555556	0.0	
14.0	16.0	0.49394136891958107	0.0	0.08726646259971647	34.0	10.0	-0.5532561822770168	0.0	0.0	34.862043656699036	12.873478855663453	-1.9495195838724797	0.2777777777777778	0.0	
14.0	16.0	0.49394136891958107	0.0	0.08726646259971647	34.0	10.0	-0.5532561822770168	0.0	0.0	25.14939154226538	16.831305140884606	-2.036786046472196	0.2777777777777778	0.0	
35.0	3.0	1.8406454827333665	0.0	-0.08726646259971647	5.0	20.0	2.8005765713302466	0.5555555555555556	0.0	19.01397485603824	9.759955628302775	1.0552473193359173	0.2777777777777778	0.0	
35.0	3.0	1.8406454827333665	0.0	-0.08726646259971647	5.0	20.0	2.8005765713302466	0.5555555555555556	0.0	11.020962284057358	13.139933442454163	1.1425137819356337	0.8333333333333333	0.0	
35.0	3.0	1.8406454827333665	0.0	-0.08726646259971647	5.0	20.0	2.8005765713302466	0.5555555555555556	0.0	26.020962284057358	4.639933442454163	1.0552473193359173	0.8333333333333333	0.0	
35.0	3.0	1.8406454827333665	0.0	-0.08726646259971647	5.0	20.0	2.8005765713302466	0.5555555555555556	0.0	11.513974856038239	14.009955628302775	0.9679808567362009	0.5555555555555556	0.0	
7.0	32.0	-1.3655546809922114	0.0	-0.08726646259971647	3.0	15.0	-2.3254857695890925	1.1111111111111112	0.0	8.86708584166788	18.104803331372263	2.7359690611944636	1.1111111111111112	0.0	
7.0	32.0	-1.3655546809922114	0.0	-0.08726646259971647	3.0	15.0	-2.3254857695890925	1.1111111111111112	0.0	4.946834336667152	14.541921332548906	2.7359690611944636	0.5555555555555556	0.0	
7.0	32.0	-1.3655546809922114	0.0	-0.08726646259971647	3.0	15.0	-2.3254857695890925	1.1111111111111112	0.0	6.893668673334304	14.08384266509781	2.9105019863938963	0.2777777777777778	0.0	
7.0	32.0	-1.3655546809922114	0.0	-0.08726646259971647	3.0	15.0	-2.3254857695890925	1.1111111111111112	0.0	5.946834336667152	18.791921332548906	2.7359690611944636	0.5555555555555556	0.0	
14.0	14.0	0.59846304830657	0.0	0.17453292519943295	34.0	12.0	-0.27420157769059506	2.7777777777777777	0.0	19.497518595104992	18.475185951049944	-1.8449979044854912	0.2777777777777778	0.0	
14.0	14.0	0.59846304830657	0.0	0.17453292519943295	34.0	12.0	-0.27420157769059506	2.7777777777777777	0.0	29.199007438042	14.490074380419978	-1.6704649792860584	0.2777777777777778	0.0	
14.0	14.0	0.59846304830657	0.0	0.17453292519943295	34.0	12.0	-0.27420157769059506	2.7777777777777777	0.0	24.497518595104992	17.975185951049944	-1.7577314418857748	1.1111111111111112	0.0	
14.0	14.0	0.59846304830657	0.0	0.17453292519943295	34.0	12.0	-0.27420157769059506	2.7777777777777777	0.0	24.298511157062997	15.985111570629968	-1.4959320540866257	0.5555555555555556	0.0	
5.0	20.0	-0.28466202244959726	0.0	0.12217304763960307	30.0	15.0	0.41346967834813464	1.6666666666666665	0.0	24.142232270276367	18.21116135138184	-1.8554583492444934	0.2777777777777778	0.0	
5.0	20.0	-0.28466202244959726	0.0	0.12217304763960307	30.0	15.0	0.41346967834813464	1.6666666666666665	0.0	24.73058067569092	21.152903378454603	-1.6809254240450606	1.3888888888888888	0.0	
5.0	20.0	-0.28466202244959726	0.0	0.12217304763960307	30.0	15.0	0.41346967834813464	1.6666666666666665	0.0	30.392232270276367	16.96116135138184	-1.768191886644777	0.2777777777777778	0.0	
5.0	20.0	-0.28466202244959726	0.0	0.12217304763960307	30.0	15.0	0.41346967834813464	1.6666666666666665	0.0	30.98058067569092	19.902903378454603	-1.8554583492444934	1.3888888888888888	0.0	
5.0	19.0	-0.6337278728484632	0.0	-0.13962634015954636	25.0	15.0	-0.45919494764903	1.3888888888888888	0.0	10.588348405414552	20.94174202707276	-1.5936589614453442	0.5555555555555556	0.0	
5.0	19.0	-0.6337278728484632	0.0	-0.13962634015954636	25.0	15.0	-0.45919494764903	1.3888888888888888	0.0	10.588348405414552	20.94174202707276	-1.5936589614453442	0.2777777777777778	0.0	
5.0	19.0	-0.6337278728484632	0.0	-0.13962634015954636	25.0	15.0	-0.45919494764903	1.3888888888888888	0.0	25.784464540552737	18.92232270276368	-1.6809254240450606	0.8333333333333333	0.0	
5.0	19.0	-0.6337278728484632	0.0	-0.13962634015954636	25.0	15.0	-0.45919494764903	1.3888888888888888	0.0	10.784464540552735	21.92232270276368	-1.9427248118442098	0.2777777777777778	0.0	
9.0	17.0	2.4374190428138984	0.0	-0.17453292519943295	4.0	31.0	1.128422103818152	0.8333333333333333	0.0	5.866516176810325	19.827327206003687	0.5175568656201364	0.2777777777777778	0.0	
9.0	17.0	2.4374190428138984	0.0	-0.17453292519943295	4.0	31.0	1.128422103818152	0.8333333333333333	0.0	-0.7087095579741867	29.31831801500922	0.5175568656201364	0.8333333333333333	0.0	
9.0	17.0	2.4374190428138984	0.0	-0.17453292519943295	4.0	31.0	1.128422103818152	0.8333333333333333	0.0	1.4830323536206507	26.154654412007375	0.5175568656201364	0.2777777777777778	0.0	
9.0	17.0	2.4374190428138984	0.0	-0.17453292519943295	4.0	31.0	1.128422103818152	0.8333333333333333	0.0	3.9830323536206507	19.154654412007375	0.3430239404207036	0.8333333333333333	0.0	
19.0	15.0	-3.141592653589793	0.0	-0.13962634015954636	4.0	15.0	3.0543261909900767	2.5	0.0	7.75	13.0	1.7453292519943293	0.5555555555555556	0.0	
19.0	15.0	-3.141592653589793	0.0	-0.13962634015954636	4.0	15.0	3.0543261909900767	2.5	0.0	4.0	11.0	1.7453292519943293	0.2777777777777778	0.0	
19.0	15.0	-3.141592653589793	0.0	-0.13962634015954636	4.0	15.0	3.0543261909900767	2.5	0.0	15.25	12.0	1.4835298641951802	0.5555555555555556	0.0	
19.0	15.0	-3.141592653589793	0.0	-0.13962634015954636	4.0	15.0	3.0543261909900767	2.5	0.0	7.75	12.0	1.3962634015954638	0.8333333333333333	0.0	
36.0	16.0	-2.918798477004576	0.0	0.03490658503988659	14.0	13.0	-2.4824661640059937	1.9444444444444444	0.0	25.405339614199942	11.527509495867104	1.6190575781806809	0.5555555555555556	0.0	
36.0	16.0	-2.918798477004576	0.0	0.03490658503988659	14.0	13.0	-2.4824661640059937	1.9444444444444444	0.0	14.540452818933254	9.036679327822805	1.5317911155809645	0.8333333333333333	0.0	
36.0	16.0	-2.918798477004576	0.0	0.03490658503988659	14.0	13.0	-2.4824661640059937	1.9444444444444444	0.0	14.40533961419994	10.027509495867104	1.88085696597983	0.2777777777777778	0.0	
36.0	16.0	-2.918798477004576	0.0	0.03490658503988659	14.0	13.0	-2.4824661640059937	1.9444444444444444	0.0	31.17556602366657	10.295849159778506	1.88085696597983	1.1111111111111112	0.0	
21.0	17.0	-0.6543161335895462	0.0	0.03490658503988659	32.0	5.0	-1.6142472221864275	2.2222222222222223	0.0	32.19861656080297	10.702898514069386	-2.312378922984159	1.1111111111111112	0.0	
21.0	17.0	-0.6543161335895462	0.0	0.03490658503988659	32.0	5.0	-1.6142472221864275	2.2222222222222223	0.0	27.974308280401484	12.351449257034693	-2.486911848183592	0.2777777777777778	0.0	
21.0	17.0	-0.6543161335895462	0.0	0.03490658503988659	32.0	5.0	-1.6142472221864275	2.2222222222222223	0.0	25.961462420602224	16.02717388555204	-2.486911848183592	0.8333333333333333	0.0	
21.0	17.0	-0.6543161335895462	0.0	0.03490658503988659	32.0	5.0	-1.6142472221864275	2.2222222222222223	0.0	34.211462420602224	7.027173885552039	-2.5741783107833083	0.5555555555555556	0.0	
8.0	36.0	-2.323558619597076	0.0	-0.17453292519943295	5.0	15.0	-1.4508939935999112	0.2777777777777778	0.0	12.199747468305834	30.042893218813454	3.0869620615853455	0.8333333333333333	0.0	
8.0	36.0	-2.323558619597076	0.0	-0.17453292519943295	5.0	15.0	-1.4508939935999112	0.2777777777777778	0.0	9.709797974644665	19.684314575050763	-3.1089567829945244	1.1111111111111112	0.0	
8.0	36.0	-2.323558619597076	0.0	-0.17453292519943295	5.0	15.0	-1.4508939935999112	0.2777777777777778	0.0	9.949747468305834	14.292893218813452	2.8251626737861963	1.3888888888888888	0.0	
8.0	36.0	-2.323558619597076	0.0	-0.17453292519943295	5.0	15.0	-1.4508939935999112	0.2777777777777778	0.0	12.199747468305834	30.042893218813454	3.0869620615853455	1.1111111111111112	0.0	
34.0	37.0	-2.071532467742748	0.0	-0.13962634015954636	14.0	33.0	3.0771888256405244	1.9444444444444444	0.0	29.392232270276367	34.03883864861816	1.6809254240450606	0.2777777777777778	0.0	
34.0	37.0	-2.071532467742748	0.0	-0.13962634015954636	14.0	33.0	3.0771888256405244	1.9444444444444444	0.0	19.58834840541455	31.05825797292724	1.5936589614453442	0.2777777777777778	0.0	
34.0	37.0	-2.071532467742748	0.0	-0.13962634015954636	14.0	33.0	3.0771888256405244	1.9444444444444444	0.0	29.392232270276367	34.03883864861816	1.8554583492444934	0.5555555555555556	0.0	
34.0	37.0	-2.071532467742748	0.0	-0.13962634015954636	14.0	33.0	3.0771888256405244	1.9444444444444444	0.0	24.58834840541455	32.05825797292724	1.6809254240450606	0.5555555555555556	0.0	
25.0	16.0	-2.56973262660571	0.0	0.0	3.0	13.0	-2.4824661640059937	0.2777777777777778	0.0	20.040452818933254	11.286679327822805	1.5317911155809645	0.8333333333333333	0.0	
25.0	16.0	-2.56973262660571	0.0	0.0	3.0	13.0	-2.4824661640059937	0.2777777777777778	0.0	9.040452818933254	9.786679327822805	1.7063240407803972	0.8333333333333333	0.0	
25.0	16.0	-2.56973262660571	0.0	0.0	3.0	13.0	-2.4824661640059937	0.2777777777777778	0.0	9.175566023666567	8.795849159778506	1.88085696597983	0.2777777777777778	0.0	
25.0	16.0	-2.56973262660571	0.0	0.0	3.0	13.0	-2.4824661640059937	0.2777777777777778	0.0	3.540452818933254	9.036679327822805	1.7935905033801136	0.2777777777777778	0.0	
30.0	37.0	2.7437029306123986	0.0	0.03490658503988659	4.0	36.0	3.0055023184115477	0.2777777777777778	0.0	23.69216561050602	31.753694126843428	1.4347059916166511	0.5555555555555556	0.0	
30.0	37.0	2.7437029306123986	0.0	0.03490658503988659	4.0	36.0	3.0055023184115477	0.2777777777777778	0.0	4.115299366303613	33.00221647610606	1.5219724542163675	0.5555555555555556	0.0	
30.0	37.0	2.7437029306123986	0.0	0.03490658503988659	4.0	36.0	3.0055023184115477	0.2777777777777778	0.0	23.615299366303613	33.75221647610606	1.4347059916166511	0.2777777777777778	0.0	
30.0	37.0	2.7437029306123986	0.0	0.03490658503988659	4.0	36.0	3.0055023184115477	0.2777777777777778	0.0	10.615299366303613	33.25221647610606	1.6965053794158003	0.2777777777777778	0.0	
4.0	29.0	-0.05017793065267151	0.0	-0.13962634015954636	22.0	15.0	0.21162145714647806	1.6666666666666665	0.0	18.72788122702984	20.07870443475265	-2.406372420845016	0.2777777777777778	0.0	
4.0	29.0	-0.05017793065267151	0.0	-0.13962634015954636	22.0	15.0	0.21162145714647806	1.6666666666666665	0.0	20.5697030675746	22.446761086881633	-2.1445730330458668	0.2777777777777778	0.0	
4.0	29.0	-0.05017793065267151	0.0	-0.13962634015954636	22.0	15.0	0.21162145714647806	1.6666666666666665	0.0	10.95576245405968	28.657408869505307	-2.231839495645583	1.1111111111111112	0.0	
4.0	29.0	-0.05017793065267151	0.0	-0.13962634015954636	22.0	15.0	0.21162145714647806	1.6666666666666665	0.0	15.45576245405968	25.157408869505307	-2.231839495645583	0.8333333333333333	0.0	
5.0	15.0	-0.5235987755982987	0.0	-0.17453292519943295	30.0	15.0	0.6108652381980155	1.1111111111111112	0.0	30.0	18.0	-1.4835298641951802	0.8333333333333333	0.0	
5.0	15.0	-0.5235987755982987	0.0	-0.17453292519943295	30.0	15.0	0.6108652381980155	1.1111111111111112	0.0	11.25	20.0	-1.7453292519943293	1.3888888888888888	0.0	
5.0	15.0	-0.5235987755982987	0.0	-0.17453292519943295	30.0	15.0	0.6108652381980155	1.1111111111111112	0.0	11.25	17.0	-1.4835298641951802	0.2777777777777778	0.0	
5.0	15.0	-0.5235987755982987	0.0	-0.17453292519943295	30.0	15.0	0.6108652381980155	1.1111111111111112	0.0	11.25	20.0	-1.3962634015954638	0.8333333333333333	0.0	
4.0	29.0	-1.9358211750081886	0.0	0.03490658503988659	5.0	15.0	-1.1504230116107403	1.3888888888888888	0.0	7.742376099492205	18.713741149963727	-3.070285188804503	0.2777777777777778	0.0	
4.0	29.0	-1.9358211750081886	0.0	0.03490658503988659	5.0	15.0	-1.1504230116107403	1.3888888888888888	0.0	8.98983479932294	15.284988199951638	3.0383671931756506	0.8333333333333333	0.0	
4.0	29.0	-1.9358211750081886	0.0	0.03490658503988659	5.0	15.0	-1.1504230116107403	1.3888888888888888	0.0	9.737293499153676	18.856235249939548	-2.9830187262047865	1.3888888888888888	0.0	
4.0	29.0	-1.9358211750081886	0.0	0.03490658503988659	5.0	15.0	-1.1504230116107403	1.3888888888888888	0.0	6.24491739966147	25.64249409997582	3.0383671931756506	0.2777777777777778	0.0	
8.0	16.0	0.17453292519943275	0.0	-0.13962634015954636	37.0	16.0	-0.2617993877991496	2.2222222222222223	0.0	29.75	18.0	-1.7453292519943293	0.5555555555555556	0.0	
8.0	16.0	0.17453292519943275	0.0	-0.13962634015954636	37.0	16.0	-0.2617993877991496	2.2222222222222223	0.0	15.25	20.0	-1.658062789394613	0.8333333333333333	0.0	
8.0	16.0	0.17453292519943275	0.0	-0.13962634015954636	37.0	16.0	-0.2617993877991496	2.2222222222222223	0.0	29.75	18.0	-1.3962634015954638	0.2777777777777778	0.0	
8.0	16.0	0.17453292519943275	0.0	-0.13962634015954636	37.0	16.0	-0.2617993877991496	2.2222222222222223	0.0	29.75	19.0	-1.658062789394613	0.8333333333333333	0.0	
28.0	37.0	2.8889407283299153	0.0	0.017453292519943295	10.0	32.0	-2.1725141024536407	0.0	0.0	10.802931591358284	29.10944627111018	2.01627610233275	0.2777777777777778	0.0	
28.0	37.0	2.8889407283299153	0.0	0.017453292519943295	10.0	32.0	-2.1725141024536407	0.0	0.0	11.338219318930474	27.182410451850295	1.6672102519338843	1.1111111111111112	0.0	
28.0	37.0	2.8889407283299153	0.0	0.017453292519943295	10.0	32.0	-2.1725141024536407	0.0	0.0	10.802931591358284	29.10944627111018	1.6672102519338843	0.8333333333333333	0.0	
28.0	37.0	2.8889407283299153	0.0	0.017453292519943295	10.0	32.0	-2.1725141024536407	0.0	0.0	11.338219318930474	27.182410451850295	1.9290096397330334	0.5555555555555556	0.0	
3.0	29.0	-1.865231585189315	0.0	-0.15707963267948966	5.0	15.0	-0.9925669591921507	1.9444444444444444	0.0	6.979898987322333	15.282842712474618	-2.9124291363859127	0.2777777777777778	0.0	
3.0	29.0	-1.865231585189315	0.0	-0.15707963267948966	5.0	15.0	-0.9925669591921507	1.9444444444444444	0.0	7.959797974644665	22.565685424949237	-3.0869620615853455	0.5555555555555556	0.0	
3.0	29.0	-1.865231585189315	0.0	-0.15707963267948966	5.0	15.0	-0.9925669591921507	1.9444444444444444	0.0	7.969848480983499	15.42426406871193	-3.0869620615853455	0.2777777777777778	0.0	
3.0	29.0	-1.865231585189315	0.0	-0.15707963267948966	5.0	15.0	-0.9925669591921507	1.9444444444444444	0.0	8.959797974644665	15.565685424949239	-2.9124291363859127	0.2777777777777778	0.0	
32.0	35.0	-2.2304854375714407	0.0	-0.10471975511965977	6.0	34.0	3.0055023184115477	2.7777777777777777	0.0	19.153732488404817	30.502955301474742	1.4347059916166511	0.8333333333333333	0.0	
32.0	35.0	-2.2304854375714407	0.0	-0.10471975511965977	6.0	34.0	3.0055023184115477	2.7777777777777777	0.0	19.19216561050602	29.503694126843428	1.6965053794158003	1.1111111111111112	0.0	
32.0	35.0	-2.2304854375714407	0.0	-0.10471975511965977	6.0	34.0	3.0055023184115477	2.7777777777777777	0.0	6.115299366303613	31.002216476106057	1.7837718420155166	0.5555555555555556	0.0	
32.0	35.0	-2.2304854375714407	0.0	-0.10471975511965977	6.0	34.0	3.0055023184115477	2.7777777777777777	0.0	6.076866244202408	32.00147765073737	1.6092389168160839	0.2777777777777778	0.0	
27.0	14.0	2.0026759784417028	0.0	-0.05235987755982988	5.0	20.0	2.1772089036411355	2.5	0.0	9.447530376831567	14.64094471504907	1.2172778150442554	1.1111111111111112	0.0	
27.0	14.0	2.0026759784417028	0.0	-0.05235987755982988	5.0	20.0	2.1772089036411355	2.5	0.0	20.973765188415783	13.570472357524535	1.3918107402436881	0.2777777777777778	0.0	
27.0	14.0	2.0026759784417028	0.0	-0.05235987755982988	5.0	20.0	2.1772089036411355	2.5	0.0	20.18441297103946	10.676180893811338	1.130011352444539	1.3888888888888888	0.0	
27.0	14.0	2.0026759784417028	0.0	-0.05235987755982988	5.0	20.0	2.1772089036411355	2.5	0.0	20.18441297103946	10.676180893811338	1.4790772028434045	1.3888888888888888	0.0	
33.0	6.0	2.099715676986241	0.0	0.06981317007977318	20.0	15.0	-2.8744726911975977	0.8333333333333333	0.0	25.361580042339384	8.855615616712443	0.87798520059021	0.5555555555555556	0.0	
33.0	6.0	2.099715676986241	0.0	0.06981317007977318	20.0	15.0	-2.8744726911975977	0.8333333333333333	0.0	24.223160084678767	7.211231233424886	0.7907187379904936	0.2777777777777778	0.0	
33.0	6.0	2.099715676986241	0.0	0.06981317007977318	20.0	15.0	-2.8744726911975977	0.8333333333333333	0.0	26.90395010584846	4.139039041781107	1.0525181257896428	0.2777777777777778	0.0	
33.0	6.0	2.099715676986241	0.0	0.06981317007977318	20.0	15.0	-2.8744726911975977	0.8333333333333333	0.0	24.792370063509075	8.033423425068664	0.87798520059021	0.8333333333333333	0.0	
6.0	12.0	0.3416293735113869	0.0	-0.13962634015954636	31.0	14.0	-0.6183017150854946	1.1111111111111112	0.0	24.59050955543422	15.49363055707225	-1.4909663410826592	0.5555555555555556	0.0	
6.0	12.0	0.3416293735113869	0.0	-0.13962634015954636	31.0	14.0	-0.6183017150854946	1.1111111111111112	0.0	12.09050955543422	14.49363055707225	-1.665499266282092	0.5555555555555556	0.0	
6.0	12.0	0.3416293735113869	0.0	-0.13962634015954636	31.0	14.0	-0.6183017150854946	1.1111111111111112	0.0	30.76076433315133	16.990445835608377	-1.4909663410826592	0.2777777777777778	0.0	
6.0	12.0	0.3416293735113869	0.0	-0.13962634015954636	31.0	14.0	-0.6183017150854946	1.1111111111111112	0.0	12.01076433315133	15.490445835608375	-1.5782328036823756	0.8333333333333333	0.0	
4.0	16.0	0.6499860847592913	0.0	0.03490658503988659	14.0	35.0	0.4754531595598581	1.6666666666666665	0.0	6.345245332854053	26.89723929849787	-0.3099450038375906	0.5555555555555556	0.0	
4.0	16.0	0.6499860847592913	0.0	0.03490658503988659	14.0	35.0	0.4754531595598581	1.6666666666666665	0.0	2.075408888090089	23.078732164163114	-0.5717443916367397	0.2777777777777778	0.0	
4.0	16.0	0.6499860847592913	0.0	0.03490658503988659	14.0	35.0	0.4754531595598581	1.6666666666666665	0.0	11.345245332854052	36.397239298497865	-0.6590108542364561	0.5555555555555556	0.0	
4.0	16.0	0.6499860847592913	0.0	0.03490658503988659	14.0	35.0	0.4754531595598581	1.6666666666666665	0.0	9.730163555236036	31.181492865665245	-0.6590108542364561	0.5555555555555556	0.0	
22.0	36.0	2.5514257142156707	0.0	-0.10471975511965977	7.0	37.0	-2.859094966966751	0.0	0.0	6.733923957904906	33.00885936857357	1.3296952378196405	1.1111111111111112	0.0	
22.0	36.0	2.5514257142156707	0.0	-0.10471975511965977	7.0	37.0	-2.859094966966751	0.0	0.0	10.55044296842868	33.75664452643017	1.3296952378196405	0.2777777777777778	0.0	
22.0	36.0	2.5514257142156707	0.0	-0.10471975511965977	7.0	37.0	-2.859094966966751	0.0	0.0	10.417404947381133	31.761074210716956	1.3296952378196405	0.2777777777777778	0.0	
22.0	36.0	2.5514257142156707	0.0	-0.10471975511965977	7.0	37.0	-2.859094966966751	0.0	0.0	14.30044296842868	33.50664452643017	1.4169617004193569	0.2777777777777778	0.0	
4.0	32.0	-1.5672860569777427	0.0	-0.15707963267948966	12.0	15.0	-0.7818878935802944	1.6666666666666665	0.0	7.809637404401988	28.601594072659758	-2.7890165333737738	0.5555555555555556	0.0	
4.0	32.0	-1.5672860569777427	0.0	-0.15707963267948966	12.0	15.0	-0.7818878935802944	1.6666666666666665	0.0	12.714456106602983	20.52739110898964	-2.614483608174341	0.5555555555555556	0.0	
4.0	32.0	-1.5672860569777427	0.0	-0.15707963267948966	12.0	15.0	-0.7818878935802944	1.6666666666666665	0.0	11.619274808803976	25.20318814531952	-2.87628299597349	0.5555555555555556	0.0	
4.0	32.0	-1.5672860569777427	0.0	-0.15707963267948966	12.0	15.0	-0.7818878935802944	1.6666666666666665	0.0	10.52409351100497	29.878985181649398	-2.7890165333737738	1.1111111111111112	0.0	
25.0	37.0	-2.137525544318403	0.0	0.0	7.0	33.0	3.0111957490648695	2.5	0.0	16.65079137345597	32.07143881944814	1.8767317352685549	0.8333333333333333	0.0	
25.0	37.0	-2.137525544318403	0.0	0.0	7.0	33.0	3.0111957490648695	2.5	0.0	17.08465228909328	30.119064699080237	1.6149323474694057	0.5555555555555556	0.0	
25.0	37.0	-2.137525544318403	0.0	0.0	7.0	33.0	3.0111957490648695	2.5	0.0	7.867721831274625	29.09525175926419	1.8767317352685549	1.1111111111111112	0.0	
25.0	37.0	-2.137525544318403	0.0	0.0	7.0	33.0	3.0111957490648695	2.5	0.0	12.584652289093281	29.119064699080237	1.8767317352685549	0.5555555555555556	0.0	
3.0	26.0	0.9565376639958529	0.0	-0.17453292519943295	15.0	36.0	0.17113950059840422	1.6666666666666665	0.0	13.71963120067104	37.536442559194754	-0.9633245131979109	0.5555555555555556	0.0	
3.0	26.0	0.9565376639958529	0.0	-0.17453292519943295	15.0	36.0	0.17113950059840422	1.6666666666666665	0.0	7.079446801006561	33.30466383879213	-0.8760580505981928	0.2777777777777778	0.0	
3.0	26.0	0.9565376639958529	0.0	-0.17453292519943295	15.0	36.0	0.17113950059840422	1.6666666666666665	0.0	5.799078001677602	34.84110639798688	-0.9633245131979109	0.2777777777777778	0.0	
3.0	26.0	0.9565376639958529	0.0	-0.17453292519943295	15.0	36.0	0.17113950059840422	1.6666666666666665	0.0	11.799078001677602	39.84110639798688	-0.7887915879984781	1.1111111111111112	0.0	
28.0	18.0	-2.837357191234448	0.0	-0.017453292519943295	5.0	15.0	3.0094958029465557	1.6666666666666665	0.0	22.508678368135538	15.266799177627556	1.7004988639508092	0.2777777777777778	0.0	
28.0	18.0	-2.837357191234448	0.0	-0.017453292519943295	5.0	15.0	3.0094958029465557	1.6666666666666665	0.0	22.896695920338843	12.291997944068893	1.7877653265505256	1.3888888888888888	0.0	
28.0	18.0	-2.837357191234448	0.0	-0.017453292519943295	5.0	15.0	3.0094958029465557	1.6666666666666665	0.0	11.008678368135536	13.766799177627556	1.7004988639508092	0.2777777777777778	0.0	
28.0	18.0	-2.837357191234448	0.0	-0.017453292519943295	5.0	15.0	3.0094958029465557	1.6666666666666665	0.0	16.758678368135538	14.516799177627556	1.875031789150242	0.2777777777777778	0.0	
4.0	17.0	0.5340933469282372	0.0	-0.15707963267948966	30.0	15.0	-0.0767718912697779	1.1111111111111112	0.0	23.80678599553895	19.488217942006326	-1.6475682180646745	0.8333333333333333	0.0	
4.0	17.0	0.5340933469282372	0.0	-0.15707963267948966	30.0	15.0	-0.0767718912697779	1.1111111111111112	0.0	30.30678599553895	18.988217942006326	-1.560301755464958	0.2777777777777778	0.0	
4.0	17.0	0.5340933469282372	0.0	-0.15707963267948966	30.0	15.0	-0.0767718912697779	1.1111111111111112	0.0	30.230089496654212	17.991163456504744	-1.6475682180646745	0.2777777777777778	0.0	
4.0	17.0	0.5340933469282372	0.0	-0.15707963267948966	30.0	15.0	-0.0767718912697779	1.1111111111111112	0.0	10.73008949665421	19.491163456504744	-1.8221011432641072	0.5555555555555556	0.0	
19.0	33.0	0.19792368377361225	0.0	-0.03490658503988659	37.0	35.0	-0.1511421666252537	1.9444444444444444	0.0	27.558273895700612	37.97553493869447	-1.547405568220717	0.8333333333333333	0.0	
19.0	33.0	0.19792368377361225	0.0	-0.03490658503988659	37.0	35.0	-0.1511421666252537	1.9444444444444444	0.0	36.668705421775456	37.98165120402086	-1.285606180421567	0.8333333333333333	0.0	
19.0	33.0	0.19792368377361225	0.0	-0.03490658503988659	37.0	35.0	-0.1511421666252537	1.9444444444444444	0.0	36.779136947850304	36.98776746934724	-1.4601391056210007	0.2777777777777778	0.0	
19.0	33.0	0.19792368377361225	0.0	-0.03490658503988659	37.0	35.0	-0.1511421666252537	1.9444444444444444	0.0	32.279136947850304	36.48776746934724	-1.547405568220717	0.2777777777777778	0.0	
7.0	17.0	-1.0433998374724478	0.0	-0.13962634015954636	36.0	12.0	-0.3452681366747159	2.2222222222222223	0.0	22.34953458253823	19.42730057872174	-1.566998613070746	0.2777777777777778	0.0	
7.0	17.0	-1.0433998374724478	0.0	-0.13962634015954636	36.0	12.0	-0.3452681366747159	2.2222222222222223	0.0	15.09953458253823	20.67730057872174	-1.9160644634696116	0.8333333333333333	0.0	
7.0	17.0	-1.0433998374724478	0.0	-0.13962634015954636	36.0	12.0	-0.3452681366747159	2.2222222222222223	0.0	29.59953458253823	18.17730057872174	-1.7415315382701788	0.5555555555555556	0.0	
7.0	17.0	-1.0433998374724478	0.0	-0.13962634015954636	36.0	12.0	-0.3452681366747159	2.2222222222222223	0.0	36.679627666030584	15.941840462977392	-1.9160644634696116	0.8333333333333333	0.0	
3.0	16.0	-0.4950881357143051	0.0	-0.08726646259971647	20.0	15.0	0.6393758780820091	0.2777777777777778	0.0	20.23488808780588	18.993097492699984	-1.4550192243111866	0.8333333333333333	0.0	
3.0	16.0	-0.4950881357143051	0.0	-0.08726646259971647	20.0	15.0	0.6393758780820091	0.2777777777777778	0.0	15.984888087805881	19.243097492699984	-1.804085074710052	0.8333333333333333	0.0	
3.0	16.0	-0.4950881357143051	0.0	-0.08726646259971647	20.0	15.0	0.6393758780820091	0.2777777777777778	0.0	7.484888087805882	19.743097492699984	-1.542285686910903	0.5555555555555556	0.0	
3.0	16.0	-0.4950881357143051	0.0	-0.08726646259971647	20.0	15.0	0.6393758780820091	0.2777777777777778	0.0	20.117444043902942	16.99654874634999	-1.4550192243111866	0.5555555555555556	0.0	
3.0	24.0	-0.6708164047955081	0.0	-0.05235987755982988	24.0	17.0	0.28911468380137295	1.6666666666666665	0.0	25.264911064067352	20.794733192202056	-1.979813343791255	1.1111111111111112	0.0	
3.0	24.0	-0.6708164047955081	0.0	-0.05235987755982988	24.0	17.0	0.28911468380137295	1.6666666666666665	0.0	9.831138830084189	26.99341649025257	-1.979813343791255	0.2777777777777778	0.0	
3.0	24.0	-0.6708164047955081	0.0	-0.05235987755982988	24.0	17.0	0.28911468380137295	1.6666666666666665	0.0	25.58113883008419	21.74341649025257	-1.8052804185918223	0.5555555555555556	0.0	
3.0	24.0	-0.6708164047955081	0.0	-0.05235987755982988	24.0	17.0	0.28911468380137295	1.6666666666666665	0.0	25.264911064067352	20.794733192202056	-1.8052804185918223	1.1111111111111112	0.0	
29.0	35.0	2.541221986721716	0.0	-0.10471975511965977	3.0	37.0	-2.6074993066615555	0.8333333333333333	0.0	22.19321400446105	31.511782057993674	1.4940244355251187	0.8333333333333333	0.0	
29.0	35.0	2.541221986721716	0.0	-0.10471975511965977	3.0	37.0	-2.6074993066615555	0.8333333333333333	0.0	2.8466070022305265	35.005891028996835	1.581290898124835	0.2777777777777778	0.0	
29.0	35.0	2.541221986721716	0.0	-0.10471975511965977	3.0	37.0	-2.6074993066615555	0.8333333333333333	0.0	2.7699105033457894	34.008836543495256	1.581290898124835	0.8333333333333333	0.0	
29.0	35.0	2.541221986721716	0.0	-0.10471975511965977	3.0	37.0	-2.6074993066615555	0.8333333333333333	0.0	15.846607002230526	34.005891028996835	1.319491510325686	0.5555555555555556	0.0	
33.0	15.0	2.9670597283903604	0.0	-0.12217304763960307	10.0	15.0	2.7052603405912112	1.6666666666666665	0.0	15.75	12.0	1.5707963267948966	0.8333333333333333	0.0	
33.0	15.0	2.9670597283903604	0.0	-0.12217304763960307	10.0	15.0	2.7052603405912112	1.6666666666666665	0.0	10.0	13.0	1.4835298641951802	0.2777777777777778	0.0	
33.0	15.0	2.9670597283903604	0.0	-0.12217304763960307	10.0	15.0	2.7052603405912112	1.6666666666666665	0.0	10.0	12.0	1.5707963267948966	0.2777777777777778	0.0	
33.0	15.0	2.9670597283903604	0.0	-0.12217304763960307	10.0	15.0	2.7052603405912112	1.6666666666666665	0.0	10.0	13.0	1.3962634015954638	0.2777777777777778	0.0	
31.0	15.0	-2.7552187363131537	0.0	-0.12217304763960307	11.0	16.0	2.480769019669835	1.9444444444444444	0.0	10.850187149168324	13.003742983366466	1.3463050058735213	0.5555555555555556	0.0	
31.0	15.0	-2.7552187363131537	0.0	-0.12217304763960307	11.0	16.0	2.480769019669835	1.9444444444444444	0.0	15.800249532224433	11.754990644488622	1.4335714684732377	0.5555555555555556	0.0	
31.0	15.0	-2.7552187363131537	0.0	-0.12217304763960307	11.0	16.0	2.480769019669835	1.9444444444444444	0.0	10.900124766112215	14.002495322244311	1.6953708562723868	0.5555555555555556	0.0	
31.0	15.0	-2.7552187363131537	0.0	-0.12217304763960307	11.0	16.0	2.480769019669835	1.9444444444444444	0.0	25.850187149168324	12.253742983366466	1.6953708562723868	0.5555555555555556	0.0	
28.0	15.0	-2.879793265790644	0.0	-0.017453292519943295	5.0	15.0	2.879793265790644	1.9444444444444444	0.0	5.0	12.0	1.4835298641951802	0.5555555555555556	0.0	
28.0	15.0	-2.879793265790644	0.0	-0.017453292519943295	5.0	15.0	2.879793265790644	1.9444444444444444	0.0	16.5	11.0	1.3962634015954638	0.2777777777777778	0.0	
28.0	15.0	-2.879793265790644	0.0	-0.017453292519943295	5.0	15.0	2.879793265790644	1.9444444444444444	0.0	22.25	13.0	1.4835298641951802	0.2777777777777778	0.0	
28.0	15.0	-2.879793265790644	0.0	-0.017453292519943295	5.0	15.0	2.879793265790644	1.9444444444444444	0.0	10.75	10.0	1.4835298641951802	0.2777777777777778	0.0	
21.0	14.0	-0.17008026384765706	0.0	-0.017453292519943295	32.0	17.0	0.9643837499486576	2.5	0.0	30.947530376831565	20.85905528495093	-1.3918107402436881	0.8333333333333333	0.0	
21.0	14.0	-0.17008026384765706	0.0	-0.017453292519943295	32.0	17.0	0.9643837499486576	2.5	0.0	31.473765188415783	18.929527642475463	-1.2172778150442554	0.5555555555555556	0.0	
21.0	14.0	-0.17008026384765706	0.0	-0.017453292519943295	32.0	17.0	0.9643837499486576	2.5	0.0	22.697530376831565	18.60905528495093	-1.4790772028434045	0.5555555555555556	0.0	
21.0	14.0	-0.17008026384765706	0.0	-0.017453292519943295	32.0	17.0	0.9643837499486576	2.5	0.0	30.947530376831565	20.85905528495093	-1.4790772028434045	1.1111111111111112	0.0	
3.0	19.0	-0.9249305488516177	0.0	-0.03490658503988659	29.0	13.0	-0.052265922854453084	2.5	0.0	16.449719013397516	17.94878239138924	-1.9721281000482147	0.5555555555555556	0.0	
3.0	19.0	-0.9249305488516177	0.0	-0.03490658503988659	29.0	13.0	-0.052265922854453084	2.5	0.0	29.899438026795032	16.89756478277848	-1.9721281000482147	0.5555555555555556	0.0	
3.0	19.0	-0.9249305488516177	0.0	-0.03490658503988659	29.0	13.0	-0.052265922854453084	2.5	0.0	10.62429753349379	22.3719559784731	-1.9721281000482147	1.3888888888888888	0.0	
3.0	19.0	-0.9249305488516177	0.0	-0.03490658503988659	29.0	13.0	-0.052265922854453084	2.5	0.0	10.399438026795032	21.39756478277848	-1.6230622496493492	1.1111111111111112	0.0	
36.0	12.0	-3.1089567829945244	0.0	0.06981317007977318	15.0	15.0	2.6506297485867627	2.7777777777777777	0.0	25.075735931288072	10.5301515190165	1.516165734790449	0.5555555555555556	0.0	
36.0	12.0	-3.1089567829945244	0.0	0.06981317007977318	15.0	15.0	2.6506297485867627	2.7777777777777777	0.0	25.075735931288072	10.5301515190165	1.4288992721907325	0.2777777777777778	0.0	
36.0	12.0	-3.1089567829945244	0.0	0.06981317007977318	15.0	15.0	2.6506297485867627	2.7777777777777777	0.0	30.46715728752538	10.770101012677667	1.6034321973901653	0.5555555555555556	0.0	
36.0	12.0	-3.1089567829945244	0.0	0.06981317007977318	15.0	15.0	2.6506297485867627	2.7777777777777777	0.0	30.46715728752538	10.770101012677667	1.6034321973901653	0.2777777777777778	0.0	
21.0	32.0	-3.1167450009860342	0.0	0.0	5.0	33.0	2.8173744557946865	2.5	0.0	8.750486855379277	28.757789686068445	1.4211110541992227	0.2777777777777778	0.0	
21.0	32.0	-3.1167450009860342	0.0	0.0	5.0	33.0	2.8173744557946865	2.5	0.0	16.87524342768964	30.253894843034224	1.4211110541992227	0.5555555555555556	0.0	
21.0	32.0	-3.1167450009860342	0.0	0.0	5.0	33.0	2.8173744557946865	2.5	0.0	16.87524342768964	30.253894843034224	1.508377516798939	0.2777777777777778	0.0	
21.0	32.0	-3.1167450009860342	0.0	0.0	5.0	33.0	2.8173744557946865	2.5	0.0	4.688108569224097	28.009737107585558	1.4211110541992227	0.8333333333333333	0.0	
7.0	21.0	-0.6942071633696871	0.0	0.12217304763960307	20.0	15.0	0.2657239252271939	0.2777777777777778	0.0	17.588116354923493	18.315918769000902	-2.1777370275648673	0.5555555555555556	0.0	
7.0	21.0	-0.6942071633696871	0.0	0.12217304763960307	20.0	15.0	0.2657239252271939	0.2777777777777778	0.0	21.67623270984699	18.631837538001808	-2.0032041023654346	0.2777777777777778	0.0	
7.0	21.0	-0.6942071633696871	0.0	0.12217304763960307	20.0	15.0	0.2657239252271939	0.2777777777777778	0.0	22.095290887308735	19.53979692250226	-1.8286711771660018	0.2777777777777778	0.0	
7.0	21.0	-0.6942071633696871	0.0	0.12217304763960307	20.0	15.0	0.2657239252271939	0.2777777777777778	0.0	14.338116354923494	19.815918769000902	-2.090470564965151	0.5555555555555556	0.0	
4.0	14.0	0.47876838755477813	0.0	0.17453292519943295	27.0	17.0	0.7405677753539273	2.5	0.0	14.982643263728926	19.466401644744888	-1.2665608644395512	0.8333333333333333	0.0	
4.0	14.0	0.47876838755477813	0.0	0.17453292519943295	27.0	17.0	0.7405677753539273	2.5	0.0	9.491321631864462	16.733200822372442	-1.2665608644395512	0.2777777777777778	0.0	
4.0	14.0	0.47876838755477813	0.0	0.17453292519943295	27.0	17.0	0.7405677753539273	2.5	0.0	9.361982447796695	17.724801233558665	-1.5283602522387003	0.5555555555555556	0.0	
4.0	14.0	0.47876838755477813	0.0	0.17453292519943295	27.0	17.0	0.7405677753539273	2.5	0.0	26.741321631864462	18.983200822372442	-1.6156267148384167	0.2777777777777778	0.0	
24.0	13.0	-2.935619201676861	0.0	-0.05235987755982988	3.0	22.0	2.4749014795055597	1.3888888888888888	0.0	17.962161402841666	13.411709939963885	1.1659045405098132	0.2777777777777778	0.0	
24.0	13.0	-2.935619201676861	0.0	-0.05235987755982988	3.0	22.0	2.4749014795055597	1.3888888888888888	0.0	12.318242104262497	14.742564909945827	1.2531710031095296	0.2777777777777778	0.0	
24.0	13.0	-2.935619201676861	0.0	-0.05235987755982988	3.0	22.0	2.4749014795055597	1.3888888888888888	0.0	12.318242104262497	14.742564909945827	1.2531710031095296	0.2777777777777778	0.0	
24.0	13.0	-2.935619201676861	0.0	-0.05235987755982988	3.0	22.0	2.4749014795055597	1.3888888888888888	0.0	11.92432280568333	13.82341987992777	1.340437465709246	0.2777777777777778	0.0	
4.0	17.0	-1.044855440520104	0.0	0.06981317007977318	27.0	13.0	-0.2594572771226553	0.5555555555555556	0.0	27.51402352425374	15.955635264459023	-1.9175200665172678	0.8333333333333333	0.0	
4.0	17.0	-1.044855440520104	0.0	0.06981317007977318	27.0	13.0	-0.2594572771226553	0.5555555555555556	0.0	10.435364699004989	19.9408470192787	-1.6557206787181187	0.5555555555555556	0.0	
4.0	17.0	-1.044855440520104	0.0	0.06981317007977318	27.0	13.0	-0.2594572771226553	0.5555555555555556	0.0	10.435364699004989	19.9408470192787	-1.6557206787181187	0.5555555555555556	0.0	
4.0	17.0	-1.044855440520104	0.0	0.06981317007977318	27.0	13.0	-0.2594572771226553	0.5555555555555556	0.0	27.342682349502496	14.97042350963935	-1.6557206787181187	0.2777777777777778	0.0	
27.0	15.0	-2.5307274153917776	0.0	0.15707963267948966	5.0	15.0	-2.443460952792061	2.2222222222222223	0.0	5.0	11.0	1.658062789394613	0.5555555555555556	0.0	
27.0	15.0	-2.5307274153917776	0.0	0.15707963267948966	5.0	15.0	-2.443460952792061	2.2222222222222223	0.0	21.5	13.0	1.4835298641951802	0.5555555555555556	0.0	
27.0	15.0	-2.5307274153917776	0.0	0.15707963267948966	5.0	15.0	-2.443460952792061	2.2222222222222223	0.0	16.0	12.0	1.4835298641951802	0.8333333333333333	0.0	
27.0	15.0	-2.5307274153917776	0.0	0.15707963267948966	5.0	15.0	-2.443460952792061	2.2222222222222223	0.0	16.0	11.0	1.658062789394613	0.2777777777777778	0.0	
18.0	35.0	-2.7682747492727584	0.0	0.017453292519943295	6.0	13.0	-2.0701430484750265	2.7777777777777777	0.0	13.389477864571923	16.105739346597133	2.554979469309947	0.2777777777777778	0.0	
18.0	35.0	-2.7682747492727584	0.0	0.017453292519943295	6.0	13.0	-2.0701430484750265	2.7777777777777777	0.0	18.51158229165754	27.58459147727771	2.7295123945093795	0.5555555555555556	0.0	
18.0	35.0	-2.7682747492727584	0.0	0.017453292519943295	6.0	13.0	-2.0701430484750265	2.7777777777777777	0.0	16.389477864571923	21.605739346597133	2.4677130067102304	1.1111111111111112	0.0	
18.0	35.0	-2.7682747492727584	0.0	0.017453292519943295	6.0	13.0	-2.0701430484750265	2.7777777777777777	0.0	11.633686718743153	17.06344360795828	2.554979469309947	0.2777777777777778	0.0	
15.0	16.0	-0.571860026984083	0.0	0.12217304763960307	37.0	13.0	0.30080459901308165	2.7777777777777777	0.0	21.040452818933254	19.213320672177197	-1.6190575781806809	1.1111111111111112	0.0	
15.0	16.0	-0.571860026984083	0.0	0.12217304763960307	37.0	13.0	0.30080459901308165	2.7777777777777777	0.0	20.905339614199942	18.222490504132896	-1.6190575781806809	0.8333333333333333	0.0	
15.0	16.0	-0.571860026984083	0.0	0.12217304763960307	37.0	13.0	0.30080459901308165	2.7777777777777777	0.0	26.405339614199942	17.472490504132896	-1.7935905033801136	0.2777777777777778	0.0	
15.0	16.0	-0.571860026984083	0.0	0.12217304763960307	37.0	13.0	0.30080459901308165	2.7777777777777777	0.0	31.905339614199942	16.722490504132896	-1.5317911155809645	0.8333333333333333	0.0	
11.0	16.0	0.3837492513876408	0.0	-0.17453292519943295	30.0	15.0	-0.40164891200980746	0.0	0.0	20.65767649936829	18.49585348799753	-1.5361129258061217	0.8333333333333333	0.0	
11.0	16.0	0.3837492513876408	0.0	-0.17453292519943295	30.0	15.0	-0.40164891200980746	0.0	0.0	30.210235332491052	18.99447131733004	-1.7979123136052708	0.5555555555555556	0.0	
11.0	16.0	0.3837492513876408	0.0	-0.17453292519943295	30.0	15.0	-0.40164891200980746	0.0	0.0	30.210235332491052	18.99447131733004	-1.5361129258061217	0.5555555555555556	0.0	
11.0	16.0	0.3837492513876408	0.0	-0.17453292519943295	30.0	15.0	-0.40164891200980746	0.0	0.0	25.460235332491052	19.24447131733004	-1.7979123136052708	1.1111111111111112	0.0	
7.0	15.0	0.34906585039886595	0.0	-0.10471975511965977	20.0	15.0	-0.6981317007977319	1.9444444444444444	0.0	13.5	17.0	-1.4835298641951802	0.5555555555555556	0.0	
7.0	15.0	0.34906585039886595	0.0	-0.10471975511965977	20.0	15.0	-0.6981317007977319	1.9444444444444444	0.0	20.0	20.0	-1.658062789394613	1.3888888888888888	0.0	
7.0	15.0	0.34906585039886595	0.0	-0.10471975511965977	20.0	15.0	-0.6981317007977319	1.9444444444444444	0.0	10.25	18.0	-1.7453292519943293	0.5555555555555556	0.0	
7.0	15.0	0.34906585039886595	0.0	-0.10471975511965977	20.0	15.0	-0.6981317007977319	1.9444444444444444	0.0	20.0	18.0	-1.658062789394613	0.8333333333333333	0.0	
35.0	16.0	-2.4887460224890186	0.0	-0.12217304763960307	5.0	20.0	2.485442345694821	1.1111111111111112	0.0	11.839181399544913	14.043860496586827	1.5255112570979392	1.3888888888888888	0.0	
35.0	16.0	-2.4887460224890186	0.0	-0.12217304763960307	5.0	20.0	2.485442345694821	1.1111111111111112	0.0	26.97134511963593	13.035088397269462	1.26371186929879	0.8333333333333333	0.0	
35.0	16.0	-2.4887460224890186	0.0	-0.12217304763960307	5.0	20.0	2.485442345694821	1.1111111111111112	0.0	4.339181399544912	15.043860496586827	1.26371186929879	0.2777777777777778	0.0	
35.0	16.0	-2.4887460224890186	0.0	-0.12217304763960307	5.0	20.0	2.485442345694821	1.1111111111111112	0.0	27.235672559817964	15.017544198634731	1.6127777196976556	0.5555555555555556	0.0	
27.0	14.0	2.29513300004972	0.0	0.06981317007977318	4.0	24.0	2.2078665374500037	0.0	0.0	20.05382166575665	13.748789831240295	1.1606689862534054	0.5555555555555556	0.0	
27.0	14.0	2.29513300004972	0.0	0.06981317007977318	4.0	24.0	2.2078665374500037	0.0	0.0	19.25636944292775	11.914649718733825	0.9861360610539727	0.8333333333333333	0.0	
27.0	14.0	2.29513300004972	0.0	0.06981317007977318	4.0	24.0	2.2078665374500037	0.0	0.0	8.553821665756649	18.748789831240295	1.073402523653689	0.5555555555555556	0.0	
27.0	14.0	2.29513300004972	0.0	0.06981317007977318	4.0	24.0	2.2078665374500037	0.0	0.0	14.7025477771711	17.16585988749353	1.073402523653689	0.5555555555555556	0.0	
37.0	37.0	2.4149402853039037	0.0	-0.12217304763960307	3.0	32.0	-2.646514545479652	0.2777777777777778	0.0	11.790987980989662	31.271281729270292	1.8040750471058882	0.5555555555555556	0.0	
37.0	37.0	2.4149402853039037	0.0	-0.12217304763960307	3.0	32.0	-2.646514545479652	0.2777777777777778	0.0	20.727469952474156	29.553204323175734	1.8913415097056046	0.5555555555555556	0.0	
37.0	37.0	2.4149402853039037	0.0	-0.12217304763960307	3.0	32.0	-2.646514545479652	0.2777777777777778	0.0	20.727469952474156	29.553204323175734	1.6295421219064554	0.8333333333333333	0.0	
37.0	37.0	2.4149402853039037	0.0	-0.12217304763960307	3.0	32.0	-2.646514545479652	0.2777777777777778	0.0	29.227469952474156	30.803204323175734	1.542275659306739	0.2777777777777778	0.0	
31.0	32.0	2.9670597283903604	0.0	0.12217304763960307	11.0	32.0	-2.356194490192345	1.3888888888888888	0.0	11.0	27.0	1.5707963267948966	0.2777777777777778	0.0	
31.0	32.0	2.9670597283903604	0.0	0.12217304763960307	11.0	32.0	-2.356194490192345	1.3888888888888888	0.0	11.0	30.0	1.7453292519943293	0.5555555555555556	0.0	
31.0	32.0	2.9670597283903604	0.0	0.12217304763960307	11.0	32.0	-2.356194490192345	1.3888888888888888	0.0	26.0	30.0	1.4835298641951802	0.5555555555555556	0.0	
31.0	32.0	2.9670597283903604	0.0	0.12217304763960307	11.0	32.0	-2.356194490192345	1.3888888888888888	0.0	11.0	28.0	1.658062789394613	0.2777777777777778	0.0	
37.0	12.0	2.879793265790644	0.0	-0.08726646259971647	15.0	12.0	-2.879793265790644	0.0	0.0	26.0	7.0	1.7453292519943293	1.3888888888888888	0.0	
37.0	12.0	2.879793265790644	0.0	-0.08726646259971647	15.0	12.0	-2.879793265790644	0.0	0.0	15.0	8.0	1.658062789394613	1.1111111111111112	0.0	
37.0	12.0	2.879793265790644	0.0	-0.08726646259971647	15.0	12.0	-2.879793265790644	0.0	0.0	15.0	8.0	1.658062789394613	0.8333333333333333	0.0	
37.0	12.0	2.879793265790644	0.0	-0.08726646259971647	15.0	12.0	-2.879793265790644	0.0	0.0	20.5	9.0	1.658062789394613	0.5555555555555556	0.0	
33.0	33.0	-2.8447927260453802	0.0	-0.15707963267948966	20.0	36.0	2.1293956421384586	1.3888888888888888	0.0	26.050280986602484	32.55121760861076	1.4312639413407275	0.2777777777777778	0.0	
33.0	33.0	-2.8447927260453802	0.0	-0.15707963267948966	20.0	36.0	2.1293956421384586	1.3888888888888888	0.0	19.100561973204968	32.10243521722152	1.4312639413407275	1.1111111111111112	0.0	
33.0	33.0	-2.8447927260453802	0.0	-0.15707963267948966	20.0	36.0	2.1293956421384586	1.3888888888888888	0.0	18.875702466506212	31.1280440215269	1.2567310161412948	1.1111111111111112	0.0	
33.0	33.0	-2.8447927260453802	0.0	-0.15707963267948966	20.0	36.0	2.1293956421384586	1.3888888888888888	0.0	18.875702466506212	31.1280440215269	1.518530403940444	1.1111111111111112	0.0	
5.0	30.0	0.0884618064814866	0.0	-0.03490658503988659	31.0	37.0	0.0011953438817702278	2.2222222222222223	0.0	29.96010610620851	40.86246303408268	-1.3078015951139772	1.1111111111111112	0.0	
5.0	30.0	0.0884618064814866	0.0	-0.03490658503988659	31.0	37.0	0.0011953438817702278	2.2222222222222223	0.0	17.22007957965638	36.39684727556201	-1.48233452031341	0.5555555555555556	0.0	
5.0	30.0	0.0884618064814866	0.0	-0.03490658503988659	31.0	37.0	0.0011953438817702278	2.2222222222222223	0.0	23.46010610620851	39.11246303408268	-1.3078015951139772	0.8333333333333333	0.0	
5.0	30.0	0.0884618064814866	0.0	-0.03490658503988659	31.0	37.0	0.0011953438817702278	2.2222222222222223	0.0	23.46010610620851	39.11246303408268	-1.3078015951139772	0.8333333333333333	0.0	
10.0	16.0	2.662073361597197	0.0	-0.03490658503988659	4.0	35.0	1.3530764226014504	2.5	0.0	3.592834669731717	29.647737264125805	0.30587887140485215	0.5555555555555556	0.0	
10.0	16.0	2.662073361597197	0.0	-0.03490658503988659	4.0	35.0	1.3530764226014504	2.5	0.0	6.592834669731717	20.147737264125805	0.21861240880513577	0.5555555555555556	0.0	
10.0	16.0	2.662073361597197	0.0	-0.03490658503988659	4.0	35.0	1.3530764226014504	2.5	0.0	5.639252004597575	19.846605896188706	0.1313459462054194	0.8333333333333333	0.0	
10.0	16.0	2.662073361597197	0.0	-0.03490658503988659	4.0	35.0	1.3530764226014504	2.5	0.0	5.639252004597575	19.846605896188706	0.1313459462054194	0.5555555555555556	0.0	
8.0	24.0	-1.0528373528086723	0.0	-0.15707963267948966	35.0	14.0	-0.5292385772103732	0.2777777777777778	0.0	29.98657177911797	21.188743803618518	-1.8382355162061206	1.1111111111111112	0.0	
8.0	24.0	-1.0528373528086723	0.0	-0.15707963267948966	35.0	14.0	-0.5292385772103732	0.2777777777777778	0.0	29.639257423294378	20.250995042894814	-2.1000349040052697	0.2777777777777778	0.0	
8.0	24.0	-1.0528373528086723	0.0	-0.15707963267948966	35.0	14.0	-0.5292385772103732	0.2777777777777778	0.0	16.139257423294378	25.250995042894814	-1.8382355162061206	0.2777777777777778	0.0	
8.0	24.0	-1.0528373528086723	0.0	-0.15707963267948966	35.0	14.0	-0.5292385772103732	0.2777777777777778	0.0	36.389257423294374	17.750995042894814	-2.0127684414055533	0.5555555555555556	0.0	
6.0	31.0	-2.0764640541757777	0.0	-0.017453292519943295	3.0	12.0	-1.2910658907783297	2.2222222222222223	0.0	10.188814826645345	25.470187132634948	2.810457851408345	0.5555555555555556	0.0	
6.0	31.0	-2.0764640541757777	0.0	-0.017453292519943295	3.0	12.0	-1.2910658907783297	2.2222222222222223	0.0	5.963288895987207	11.532112279580968	2.8977243140080615	0.2777777777777778	0.0	
6.0	31.0	-2.0764640541757777	0.0	-0.017453292519943295	3.0	12.0	-1.2910658907783297	2.2222222222222223	0.0	8.451051861316277	20.876149706107956	2.810457851408345	0.5555555555555556	0.0	
6.0	31.0	-2.0764640541757777	0.0	-0.017453292519943295	3.0	12.0	-1.2910658907783297	2.2222222222222223	0.0	7.938814826645345	11.220187132634946	2.984990776607778	0.2777777777777778	0.0	
6.0	37.0	-0.8012133093204321	0.0	-0.15707963267948966	35.0	34.0	0.4205171670755985	2.2222222222222223	0.0	20.808697453256517	38.484075381479656	-1.5866114727178804	0.2777777777777778	0.0	
6.0	37.0	-0.8012133093204321	0.0	-0.15707963267948966	35.0	34.0	0.4205171670755985	2.2222222222222223	0.0	28.058697453256517	37.734075381479656	-1.8484108605170295	0.8333333333333333	0.0	
6.0	37.0	-0.8012133093204321	0.0	-0.15707963267948966	35.0	34.0	0.4205171670755985	2.2222222222222223	0.0	21.014495755427525	40.47345896913276	-1.5866114727178804	1.1111111111111112	0.0	
6.0	37.0	-0.8012133093204321	0.0	-0.15707963267948966	35.0	34.0	0.4205171670755985	2.2222222222222223	0.0	35.41159660434202	37.9787671753062	-1.8484108605170295	0.8333333333333333	0.0	
