400
6.0	11.0	0.46929561423435207	0.0	0.0	25.0	15.0	-0.05430316136394664	0.0	0.0	9.925958075800631	15.914199139946996	-1.5378330255591264	0.5555555555555556	0.0	
6.0	11.0	0.46929561423435207	0.0	0.0	25.0	15.0	-0.05430316136394664	0.0	0.0	24.175958075800633	18.914199139946994	-1.5378330255591264	0.5555555555555556	0.0	
6.0	11.0	0.46929561423435207	0.0	0.0	25.0	15.0	-0.05430316136394664	0.0	0.0	19.837979037900315	15.957099569973497	-1.3633001003596945	0.2777777777777778	0.0	
6.0	11.0	0.46929561423435207	0.0	0.0	25.0	15.0	-0.05430316136394664	0.0	0.0	19.631968556850474	16.935649354960248	-1.5378330255591264	0.2777777777777778	0.0	
12.0	16.0	0.2722939591290876	0.0	-0.05235987755982988	25.0	15.0	-0.3385712790689275	2.7777777777777777	0.0	25.153392997769473	16.994108971003165	-1.7348346806643908	0.5555555555555556	0.0	
12.0	16.0	0.2722939591290876	0.0	-0.05235987755982988	25.0	15.0	-0.3385712790689275	2.7777777777777777	0.0	15.403392997769474	17.744108971003165	-1.560301755464958	0.5555555555555556	0.0	
12.0	16.0	0.2722939591290876	0.0	-0.05235987755982988	25.0	15.0	-0.3385712790689275	2.7777777777777777	0.0	15.633482494423685	20.73527242750791	-1.4730352928652417	0.2777777777777778	0.0	
12.0	16.0	0.2722939591290876	0.0	-0.05235987755982988	25.0	15.0	-0.3385712790689275	2.7777777777777777	0.0	22.133482494423685	20.23527242750791	-1.8221011432641072	1.1111111111111112	0.0	
11.0	13.0	-2.9124291363859127	0.0	-0.017453292519943295	5.0	5.0	-1.7779651225895985	2.7777777777777777	0.0	6.6	3.8000000000000003	2.5853580073962252	0.5555555555555556	0.0	
11.0	13.0	-2.9124291363859127	0.0	-0.017453292519943295	5.0	5.0	-1.7779651225895985	2.7777777777777777	0.0	13.5	8.0	2.498091544796509	1.1111111111111112	0.0	
11.0	13.0	-2.9124291363859127	0.0	-0.017453292519943295	5.0	5.0	-1.7779651225895985	2.7777777777777777	0.0	12.7	8.600000000000001	2.4108250821967925	0.2777777777777778	0.0	
11.0	13.0	-2.9124291363859127	0.0	-0.017453292519943295	5.0	5.0	-1.7779651225895985	2.7777777777777777	0.0	12.0	6.000000000000001	2.4108250821967925	1.3888888888888888	0.0	
29.0	17.0	-2.687649864460693	0.0	0.017453292519943295	10.0	15.0	2.6356043541220116	2.5	0.0	15.168739138072171	11.521978188314376	1.6756732655251305	0.8333333333333333	0.0	
29.0	17.0	-2.687649864460693	0.0	0.017453292519943295	10.0	15.0	2.6356043541220116	2.5	0.0	10.523423922590215	10.02747273539297	1.6756732655251305	0.5555555555555556	0.0	
29.0	17.0	-2.687649864460693	0.0	0.017453292519943295	10.0	15.0	2.6356043541220116	2.5	0.0	10.418739138072171	11.021978188314376	1.762939728124847	0.5555555555555556	0.0	
29.0	17.0	-2.687649864460693	0.0	0.017453292519943295	10.0	15.0	2.6356043541220116	2.5	0.0	24.773423922590215	11.52747273539297	1.8502061907245633	0.5555555555555556	0.0	
34.0	31.0	-1.2049097517237455	0.0	0.017453292519943295	30.0	15.0	-1.9903079151211938	0.5555555555555556	0.0	32.91042750043599	14.272393124891002	2.722081065263496	0.5555555555555556	0.0	
34.0	31.0	-1.2049097517237455	0.0	0.017453292519943295	30.0	15.0	-1.9903079151211938	0.5555555555555556	0.0	32.940285000290665	18.514928749927336	3.0711469156623616	0.2777777777777778	0.0	
34.0	31.0	-1.2049097517237455	0.0	0.017453292519943295	30.0	15.0	-1.9903079151211938	0.5555555555555556	0.0	35.91042750043599	26.272393124891	2.722081065263496	0.5555555555555556	0.0	
34.0	31.0	-1.2049097517237455	0.0	0.017453292519943295	30.0	15.0	-1.9903079151211938	0.5555555555555556	0.0	32.940285000290665	18.514928749927336	2.722081065263496	0.5555555555555556	0.0	
37.0	31.0	-1.8959403057925674	0.0	0.12217304763960307	30.0	15.0	-2.5068055439905828	0.0	0.0	39.83078667451095	24.99590582990146	2.9037151371918384	1.3888888888888888	0.0	
37.0	31.0	-1.8959403057925674	0.0	0.12217304763960307	30.0	15.0	-2.5068055439905828	0.0	0.0	33.582314669804376	18.198362331960585	2.6419157493926892	0.5555555555555556	0.0	
37.0	31.0	-1.8959403057925674	0.0	0.12217304763960307	30.0	15.0	-2.5068055439905828	0.0	0.0	34.49847200470657	17.797543497940875	2.554649286792973	0.5555555555555556	0.0	
37.0	31.0	-1.8959403057925674	0.0	0.12217304763960307	30.0	15.0	-2.5068055439905828	0.0	0.0	39.83078667451095	24.99590582990146	2.9037151371918384	1.3888888888888888	0.0	
16.0	13.0	-0.5359898066104378	0.0	0.05235987755982988	36.0	20.0	0.5984742071858768	1.1111111111111112	0.0	19.678598301087575	18.52543342546407	-1.2341215074081688	0.2777777777777778	0.0	
16.0	13.0	-0.5359898066104378	0.0	0.05235987755982988	36.0	20.0	0.5984742071858768	1.1111111111111112	0.0	25.339299150543788	18.387716712732036	-1.1468550448084525	0.5555555555555556	0.0	
16.0	13.0	-0.5359898066104378	0.0	0.05235987755982988	36.0	20.0	0.5984742071858768	1.1111111111111112	0.0	24.348247876359466	21.219291781830087	-1.1468550448084525	1.3888888888888888	0.0	
16.0	13.0	-0.5359898066104378	0.0	0.05235987755982988	36.0	20.0	0.5984742071858768	1.1111111111111112	0.0	35.00894872581568	22.83157506909805	-1.2341215074081688	0.5555555555555556	0.0	
32.0	17.0	1.6313792294539358	0.0	-0.03490658503988659	5.0	37.0	3.0276426310493996	1.3888888888888888	0.0	2.61908979749705	33.785771226621016	1.1077804538556366	0.5555555555555556	0.0	
32.0	17.0	1.6313792294539358	0.0	-0.03490658503988659	5.0	37.0	3.0276426310493996	1.3888888888888888	0.0	3.2143173481227874	34.58932841996576	0.8459810660564875	0.5555555555555556	0.0	
32.0	17.0	1.6313792294539358	0.0	-0.03490658503988659	5.0	37.0	3.0276426310493996	1.3888888888888888	0.0	22.273862246871314	17.98221403327627	0.9332475286562039	1.1111111111111112	0.0	
32.0	17.0	1.6313792294539358	0.0	-0.03490658503988659	5.0	37.0	3.0276426310493996	1.3888888888888888	0.0	15.523862246871312	22.98221403327627	0.7587146034567711	1.1111111111111112	0.0	
6.0	36.0	-0.11012909725016407	0.0	-0.10471975511965977	26.0	32.0	-0.11012909725016407	2.7777777777777777	0.0	16.784464540552737	37.92232270276368	-1.6809254240450606	0.8333333333333333	0.0	
6.0	36.0	-0.11012909725016407	0.0	-0.10471975511965977	26.0	32.0	-0.11012909725016407	2.7777777777777777	0.0	21.98058067569092	37.9029033784546	-1.768191886644777	1.3888888888888888	0.0	
6.0	36.0	-0.11012909725016407	0.0	-0.10471975511965977	26.0	32.0	-0.11012909725016407	2.7777777777777777	0.0	16.98058067569092	38.9029033784546	-1.768191886644777	1.1111111111111112	0.0	
6.0	36.0	-0.11012909725016407	0.0	-0.10471975511965977	26.0	32.0	-0.11012909725016407	2.7777777777777777	0.0	16.98058067569092	38.9029033784546	-1.8554583492444934	0.5555555555555556	0.0	
25.0	17.0	-2.6679522737134374	0.0	-0.08726646259971647	5.0	18.0	2.3935025570701187	1.6666666666666665	0.0	9.800249532224433	13.754990644488622	1.6081043936726704	0.5555555555555556	0.0	
25.0	17.0	-2.6679522737134374	0.0	-0.08726646259971647	5.0	18.0	2.3935025570701187	1.6666666666666665	0.0	14.800249532224433	13.504990644488622	1.4335714684732377	1.1111111111111112	0.0	
25.0	17.0	-2.6679522737134374	0.0	-0.08726646259971647	5.0	18.0	2.3935025570701187	1.6666666666666665	0.0	19.80024953222443	13.254990644488622	1.6953708562723868	0.2777777777777778	0.0	
25.0	17.0	-2.6679522737134374	0.0	-0.08726646259971647	5.0	18.0	2.3935025570701187	1.6666666666666665	0.0	14.750311915280541	12.506238305610776	1.3463050058735213	0.5555555555555556	0.0	
3.0	11.0	-0.18430616114425424	0.0	0.03490658503988659	37.0	23.0	0.6883584648529109	2.5	0.0	10.834359764529726	15.885980667165779	-1.231503712340853	0.5555555555555556	0.0	
3.0	11.0	-0.18430616114425424	0.0	0.03490658503988659	37.0	23.0	0.6883584648529109	2.5	0.0	10.834359764529726	15.885980667165779	-1.3187701749405676	0.5555555555555556	0.0	
3.0	11.0	-0.18430616114425424	0.0	0.03490658503988659	37.0	23.0	0.6883584648529109	2.5	0.0	10.501539646794589	16.82897100074867	-1.0569707871414202	0.2777777777777778	0.0	
3.0	11.0	-0.18430616114425424	0.0	0.03490658503988659	37.0	23.0	0.6883584648529109	2.5	0.0	18.335899411324313	21.71495166791445	-1.4060366375402857	1.3888888888888888	0.0	
16.0	15.0	0.19938057780319207	0.0	-0.05235987755982988	32.0	14.0	-0.6732840481939726	1.9444444444444444	0.0	32.3118914307759	18.990262892414442	-1.7204815993905704	0.5555555555555556	0.0	
16.0	15.0	0.19938057780319207	0.0	-0.05235987755982988	32.0	14.0	-0.6732840481939726	1.9444444444444444	0.0	28.311891430775905	19.240262892414442	-1.7204815993905704	1.1111111111111112	0.0	
16.0	15.0	0.19938057780319207	0.0	-0.05235987755982988	32.0	14.0	-0.6732840481939726	1.9444444444444444	0.0	24.249513144620725	18.492210313931555	-1.7204815993905704	0.2777777777777778	0.0	
16.0	15.0	0.19938057780319207	0.0	-0.05235987755982988	32.0	14.0	-0.6732840481939726	1.9444444444444444	0.0	20.249513144620725	18.742210313931555	-1.8077480619902868	0.5555555555555556	0.0	
27.0	17.0	2.5603848220704952	0.0	0.0	7.0	11.0	-2.5883364713127768	0.0	0.0	12.862043656699036	9.626521144336547	1.9495195838724797	0.2777777777777778	0.0	
27.0	17.0	2.5603848220704952	0.0	0.0	7.0	11.0	-2.5883364713127768	0.0	0.0	23.14939154226538	11.668694859115394	1.9495195838724797	0.2777777777777778	0.0	
27.0	17.0	2.5603848220704952	0.0	0.0	7.0	11.0	-2.5883364713127768	0.0	0.0	7.8620436566990355	8.126521144336547	1.8622531212727633	0.2777777777777778	0.0	
27.0	17.0	2.5603848220704952	0.0	0.0	7.0	11.0	-2.5883364713127768	0.0	0.0	8.436739427831725	6.210868573894243	1.6877201960733306	0.5555555555555556	0.0	
10.0	16.0	0.48116270104210335	0.0	-0.12217304763960307	33.0	13.0	-0.7405677753539273	2.2222222222222223	0.0	16.396695920338843	20.208002055931107	-1.6132324013510928	0.5555555555555556	0.0	
10.0	16.0	0.48116270104210335	0.0	-0.12217304763960307	33.0	13.0	-0.7405677753539273	2.2222222222222223	0.0	33.38801755220331	15.974801233558665	-1.875031789150242	0.8333333333333333	0.0	
10.0	16.0	0.48116270104210335	0.0	-0.12217304763960307	33.0	13.0	-0.7405677753539273	2.2222222222222223	0.0	33.258678368135534	14.983200822372444	-1.5259659387513764	0.5555555555555556	0.0	
10.0	16.0	0.48116270104210335	0.0	-0.12217304763960307	33.0	13.0	-0.7405677753539273	2.2222222222222223	0.0	27.896695920338843	18.708002055931107	-1.875031789150242	0.8333333333333333	0.0	
12.0	17.0	-0.372456608973045	0.0	-0.017453292519943295	30.0	15.0	0.3256750918246869	1.3888888888888888	0.0	26.052157630374236	20.469418673368097	-1.6814535479687924	0.8333333333333333	0.0	
12.0	17.0	-0.372456608973045	0.0	-0.017453292519943295	30.0	15.0	0.3256750918246869	1.3888888888888888	0.0	30.441726104299388	18.975534938694476	-1.594187085369076	1.1111111111111112	0.0	
12.0	17.0	-0.372456608973045	0.0	-0.017453292519943295	30.0	15.0	0.3256750918246869	1.3888888888888888	0.0	21.552157630374236	20.969418673368097	-1.7687200105685088	0.8333333333333333	0.0	
12.0	17.0	-0.372456608973045	0.0	-0.017453292519943295	30.0	15.0	0.3256750918246869	1.3888888888888888	0.0	21.441726104299388	19.975534938694476	-1.7687200105685088	0.8333333333333333	0.0	
25.0	37.0	2.9414167508004248	0.0	-0.03490658503988659	5.0	34.0	2.5923509004015584	0.0	0.0	20.29668090586049	34.272127294263406	1.80695273700411	0.2777777777777778	0.0	
25.0	37.0	2.9414167508004248	0.0	-0.03490658503988659	5.0	34.0	2.5923509004015584	0.0	0.0	20.59336181172098	32.29425458852681	1.80695273700411	0.5555555555555556	0.0	
25.0	37.0	2.9414167508004248	0.0	-0.03490658503988659	5.0	34.0	2.5923509004015584	0.0	0.0	5.741702264651223	29.05531823565851	1.545153349204961	0.2777777777777778	0.0	
25.0	37.0	2.9414167508004248	0.0	-0.03490658503988659	5.0	34.0	2.5923509004015584	0.0	0.0	15.741702264651224	30.55531823565851	1.6324198118046773	1.3888888888888888	0.0	
34.0	16.0	-2.8401099064679105	0.0	-0.17453292519943295	13.0	17.0	2.570410774714511	0.5555555555555556	0.0	23.4048697011691	14.502263724551124	1.61047968611763	0.2777777777777778	0.0	
34.0	16.0	-2.8401099064679105	0.0	-0.17453292519943295	13.0	17.0	2.570410774714511	0.5555555555555556	0.0	18.012174252922755	11.755659311377812	1.348680298318481	0.2777777777777778	0.0	
34.0	16.0	-2.8401099064679105	0.0	-0.17453292519943295	13.0	17.0	2.570410774714511	0.5555555555555556	0.0	12.762174252922756	12.005659311377812	1.348680298318481	0.2777777777777778	0.0	
34.0	16.0	-2.8401099064679105	0.0	-0.17453292519943295	13.0	17.0	2.570410774714511	0.5555555555555556	0.0	18.107304551753653	13.753395586826688	1.6977461487173464	0.8333333333333333	0.0	
6.0	6.0	1.1741473731190473	0.0	0.10471975511965977	17.0	16.0	0.12694982192244986	1.6666666666666665	0.0	10.88663603001844	17.19970036697972	-0.6584483414749993	1.1111111111111112	0.0	
6.0	6.0	1.1741473731190473	0.0	0.10471975511965977	17.0	16.0	0.12694982192244986	1.6666666666666665	0.0	14.981981618011064	18.21982022018783	-0.6584483414749993	0.2777777777777778	0.0	
6.0	6.0	1.1741473731190473	0.0	0.10471975511965977	17.0	16.0	0.12694982192244986	1.6666666666666665	0.0	15.654654412007377	17.47988014679189	-0.6584483414749993	0.5555555555555556	0.0	
6.0	6.0	1.1741473731190473	0.0	0.10471975511965977	17.0	16.0	0.12694982192244986	1.6666666666666665	0.0	8.809308824014751	13.959760293583777	-0.7457148040747157	1.1111111111111112	0.0	
31.0	14.0	-2.927376369067627	0.0	0.17453292519943295	10.0	15.0	2.570410774714511	2.5	0.0	25.607304551753653	11.253395586826688	1.4359467609181973	0.8333333333333333	0.0	
31.0	14.0	-2.927376369067627	0.0	0.17453292519943295	10.0	15.0	2.570410774714511	2.5	0.0	20.309739402338206	10.50452744910225	1.5232132235179137	1.1111111111111112	0.0	
31.0	14.0	-2.927376369067627	0.0	0.17453292519943295	10.0	15.0	2.570410774714511	2.5	0.0	20.262174252922755	9.505659311377812	1.61047968611763	0.2777777777777778	0.0	
31.0	14.0	-2.927376369067627	0.0	0.17453292519943295	10.0	15.0	2.570410774714511	2.5	0.0	20.4048697011691	12.502263724551124	1.4359467609181973	0.2777777777777778	0.0	
34.0	17.0	-2.8095331860469077	0.0	0.12217304763960307	5.0	7.0	-2.285934410448609	1.9444444444444444	0.0	28.379953416597022	9.773135091868639	1.902855794337782	0.5555555555555556	0.0	
34.0	17.0	-2.8095331860469077	0.0	0.12217304763960307	5.0	7.0	-2.285934410448609	1.9444444444444444	0.0	13.87995341659702	4.773135091868639	1.9901222569374983	0.2777777777777778	0.0	
34.0	17.0	-2.8095331860469077	0.0	0.12217304763960307	5.0	7.0	-2.285934410448609	1.9444444444444444	0.0	5.977972049958213	4.163881055121184	1.9901222569374983	0.5555555555555556	0.0	
34.0	17.0	-2.8095331860469077	0.0	0.12217304763960307	5.0	7.0	-2.285934410448609	1.9444444444444444	0.0	28.053962733277615	10.718508073494911	1.9901222569374983	1.1111111111111112	0.0	
6.0	17.0	0.3531910811101411	0.0	0.17453292519943295	30.0	15.0	-0.4322070822873072	1.1111111111111112	0.0	24.4152273992687	20.482728791224396	-1.479404633483905	0.8333333333333333	0.0	
6.0	17.0	0.3531910811101411	0.0	0.17453292519943295	30.0	15.0	-0.4322070822873072	1.1111111111111112	0.0	30.24913643956122	17.98963727473464	-1.5666710960836214	0.8333333333333333	0.0	
6.0	17.0	0.3531910811101411	0.0	0.17453292519943295	30.0	15.0	-0.4322070822873072	1.1111111111111112	0.0	30.16609095970748	16.99309151648976	-1.7412040212830542	0.2777777777777778	0.0	
6.0	17.0	0.3531910811101411	0.0	0.17453292519943295	30.0	15.0	-0.4322070822873072	1.1111111111111112	0.0	12.4152273992687	21.482728791224396	-1.7412040212830542	1.3888888888888888	0.0	
37.0	14.0	3.059646765583121	0.0	0.13962634015954636	26.0	12.0	-2.5254068407987327	2.5	0.0	29.644427190999917	7.580650449500463	1.7506498265873747	1.1111111111111112	0.0	
37.0	14.0	3.059646765583121	0.0	0.13962634015954636	26.0	12.0	-2.5254068407987327	2.5	0.0	35.14442719099991	8.580650449500464	1.6633833639876583	0.5555555555555556	0.0	
37.0	14.0	3.059646765583121	0.0	0.13962634015954636	26.0	12.0	-2.5254068407987327	2.5	0.0	34.78665631459995	10.548390269700278	1.837916289187091	0.2777777777777778	0.0	
37.0	14.0	3.059646765583121	0.0	0.13962634015954636	26.0	12.0	-2.5254068407987327	2.5	0.0	32.21554175279993	9.06452035960037	1.6633833639876583	0.8333333333333333	0.0	
37.0	27.0	2.013170549771642	0.0	0.05235987755982988	9.0	37.0	-2.9610178184121976	0.2777777777777778	0.0	15.327327206003687	32.61651617681032	1.1405059237744766	0.2777777777777778	0.0	
37.0	27.0	2.013170549771642	0.0	0.05235987755982988	9.0	37.0	-2.9610178184121976	0.2777777777777778	0.0	21.654654412007375	28.23303235362065	1.0532394611747602	1.1111111111111112	0.0	
37.0	27.0	2.013170549771642	0.0	0.05235987755982988	9.0	37.0	-2.9610178184121976	0.2777777777777778	0.0	29.327327206003687	27.616516176810325	1.0532394611747602	0.2777777777777778	0.0	
37.0	27.0	2.013170549771642	0.0	0.05235987755982988	9.0	37.0	-2.9610178184121976	0.2777777777777778	0.0	29.327327206003687	27.616516176810325	1.0532394611747602	0.2777777777777778	0.0	
37.0	17.0	-2.369521915134121	0.0	-0.017453292519943295	10.0	15.0	-2.6313213029332707	1.6666666666666665	0.0	23.795486742061247	12.010928982173164	1.4702024392534039	0.5555555555555556	0.0	
37.0	17.0	-2.369521915134121	0.0	-0.017453292519943295	10.0	15.0	-2.6313213029332707	1.6666666666666665	0.0	23.721615056545936	13.008196736629873	1.4702024392534039	0.2777777777777778	0.0	
37.0	17.0	-2.369521915134121	0.0	-0.017453292519943295	10.0	15.0	-2.6313213029332707	1.6666666666666665	0.0	23.795486742061247	12.010928982173164	1.732001827052553	1.1111111111111112	0.0	
37.0	17.0	-2.369521915134121	0.0	-0.017453292519943295	10.0	15.0	-2.6313213029332707	1.6666666666666665	0.0	10.147743371030623	13.005464491086581	1.732001827052553	0.2777777777777778	0.0	
33.0	14.0	2.475228910146061	0.0	0.05235987755982988	15.0	15.0	-2.6734923832372113	1.6666666666666665	0.0	19.278119921509905	10.756158587178351	1.4280313589494629	0.8333333333333333	0.0	
33.0	14.0	2.475228910146061	0.0	0.05235987755982988	15.0	15.0	-2.6734923832372113	1.6666666666666665	0.0	19.222649901887383	9.757698233972938	1.6025642841488956	1.1111111111111112	0.0	
33.0	14.0	2.475228910146061	0.0	0.05235987755982988	15.0	15.0	-2.6734923832372113	1.6666666666666665	0.0	23.778119921509905	10.506158587178351	1.5152978215491792	0.2777777777777778	0.0	
33.0	14.0	2.475228910146061	0.0	0.05235987755982988	15.0	15.0	-2.6734923832372113	1.6666666666666665	0.0	14.778119921509907	11.006158587178351	1.5152978215491792	0.5555555555555556	0.0	
37.0	30.0	2.81536642636509	0.0	-0.12217304763960307	6.0	32.0	-3.0314865678159144	1.9444444444444444	0.0	13.428088610010173	26.51037345515771	1.6809024125687753	0.8333333333333333	0.0	
37.0	30.0	2.81536642636509	0.0	-0.12217304763960307	6.0	32.0	-3.0314865678159144	1.9444444444444444	0.0	21.24247088800814	27.008298764126167	1.4191030247696261	0.5555555555555556	0.0	
37.0	30.0	2.81536642636509	0.0	-0.12217304763960307	6.0	32.0	-3.0314865678159144	1.9444444444444444	0.0	13.492470888008139	27.508298764126167	1.5063694873693425	1.1111111111111112	0.0	
37.0	30.0	2.81536642636509	0.0	-0.12217304763960307	6.0	32.0	-3.0314865678159144	1.9444444444444444	0.0	28.92808861001017	25.51037345515771	1.6809024125687753	0.2777777777777778	0.0	
3.0	8.0	0.6900064091372249	0.0	0.05235987755982988	30.0	15.0	-0.18265821685993977	0.5555555555555556	0.0	21.995189206081367	18.089984490829004	-1.4916551558556863	0.5555555555555556	0.0	
3.0	8.0	0.6900064091372249	0.0	0.05235987755982988	30.0	15.0	-0.18265821685993977	0.5555555555555556	0.0	22.49711352364882	16.153990694497402	-1.229855768056538	0.5555555555555556	0.0	
3.0	8.0	0.6900064091372249	0.0	0.05235987755982988	30.0	15.0	-0.18265821685993977	0.5555555555555556	0.0	29.498075682432546	16.9359937963316	-1.4916551558556863	0.2777777777777778	0.0	
3.0	8.0	0.6900064091372249	0.0	0.05235987755982988	30.0	15.0	-0.18265821685993977	0.5555555555555556	0.0	15.245189206081369	16.339984490829004	-1.4043886932559708	0.5555555555555556	0.0	
30.0	35.0	-0.6889842382584606	0.0	0.06981317007977318	35.0	17.0	-1.5616488642556254	0.5555555555555556	0.0	39.817589548149705	18.338219318930474	-2.8706458032513726	0.8333333333333333	0.0	
30.0	35.0	-0.6889842382584606	0.0	0.06981317007977318	35.0	17.0	-1.5616488642556254	0.5555555555555556	0.0	36.64055372888982	22.302931591358284	-2.7833793406516563	0.8333333333333333	0.0	
30.0	35.0	-0.6889842382584606	0.0	0.06981317007977318	35.0	17.0	-1.5616488642556254	0.5555555555555556	0.0	37.317589548149705	27.338219318930474	-2.7833793406516563	0.2777777777777778	0.0	
30.0	35.0	-0.6889842382584606	0.0	0.06981317007977318	35.0	17.0	-1.5616488642556254	0.5555555555555556	0.0	36.64055372888982	22.302931591358284	-2.7833793406516563	0.2777777777777778	0.0	
36.0	12.0	-3.141592653589793	0.0	-0.12217304763960307	26.0	12.0	-3.141592653589793	1.1111111111111112	0.0	28.5	8.0	1.5707963267948966	0.5555555555555556	0.0	
36.0	12.0	-3.141592653589793	0.0	-0.12217304763960307	26.0	12.0	-3.141592653589793	1.1111111111111112	0.0	26.0	9.0	1.658062789394613	0.2777777777777778	0.0	
36.0	12.0	-3.141592653589793	0.0	-0.12217304763960307	26.0	12.0	-3.141592653589793	1.1111111111111112	0.0	33.5	9.0	1.4835298641951802	0.8333333333333333	0.0	
36.0	12.0	-3.141592653589793	0.0	-0.12217304763960307	26.0	12.0	-3.141592653589793	1.1111111111111112	0.0	26.0	8.0	1.7453292519943293	0.8333333333333333	0.0	
14.0	36.0	-0.7580828673952245	0.0	0.17453292519943295	26.0	32.0	0.1145817586019402	0.0	0.0	21.58113883008419	38.74341649025257	-1.8925468811915387	1.1111111111111112	0.0	
14.0	36.0	-0.7580828673952245	0.0	0.17453292519943295	26.0	32.0	0.1145817586019402	0.0	0.0	17.948683298050515	37.84604989415154	-1.8052804185918223	0.5555555555555556	0.0	
14.0	36.0	-0.7580828673952245	0.0	0.17453292519943295	26.0	32.0	0.1145817586019402	0.0	0.0	23.632455532033674	34.89736659610103	-2.0670798063909714	0.5555555555555556	0.0	
14.0	36.0	-0.7580828673952245	0.0	0.17453292519943295	26.0	32.0	0.1145817586019402	0.0	0.0	27.264911064067352	35.79473319220205	-1.8052804185918223	0.8333333333333333	0.0	
9.0	17.0	-0.6503929965624038	0.0	-0.15707963267948966	32.0	12.0	0.22227162943476086	1.1111111111111112	0.0	21.562148221655217	19.385881819614006	-1.6975905477590016	1.3888888888888888	0.0	
9.0	17.0	-0.6503929965624038	0.0	-0.15707963267948966	32.0	12.0	0.22227162943476086	1.1111111111111112	0.0	15.81214822165522	20.635881819614006	-1.6975905477590016	1.1111111111111112	0.0	
9.0	17.0	-0.6503929965624038	0.0	-0.15707963267948966	32.0	12.0	0.22227162943476086	1.1111111111111112	0.0	32.849718577324175	15.908705455691203	-1.784857010358718	0.8333333333333333	0.0	
9.0	17.0	-0.6503929965624038	0.0	-0.15707963267948966	32.0	12.0	0.22227162943476086	1.1111111111111112	0.0	26.674859288662088	15.204352727845603	-1.9593899355581508	0.5555555555555556	0.0	
35.0	16.0	2.7820322318609882	0.0	0.03490658503988659	22.0	15.0	-2.5412219867217165	2.7777777777777777	0.0	31.980089496654212	12.758836543495255	1.4730352928652417	0.8333333333333333	0.0	
35.0	16.0	2.7820322318609882	0.0	0.03490658503988659	22.0	15.0	-2.5412219867217165	2.7777777777777777	0.0	32.056785995538945	11.761782057993674	1.8221011432641072	0.5555555555555556	0.0	
35.0	16.0	2.7820322318609882	0.0	0.03490658503988659	22.0	15.0	-2.5412219867217165	2.7777777777777777	0.0	31.980089496654212	12.758836543495255	1.8221011432641072	0.5555555555555556	0.0	
35.0	16.0	2.7820322318609882	0.0	0.03490658503988659	22.0	15.0	-2.5412219867217165	2.7777777777777777	0.0	31.980089496654212	12.758836543495255	1.7348346806643908	0.8333333333333333	0.0	
3.0	15.0	0.17453292519943275	0.0	0.08726646259971647	30.0	15.0	0.2617993877991496	0.0	0.0	16.5	19.0	-1.658062789394613	0.8333333333333333	0.0	
3.0	15.0	0.17453292519943275	0.0	0.08726646259971647	30.0	15.0	0.2617993877991496	0.0	0.0	23.25	18.0	-1.3962634015954638	0.8333333333333333	0.0	
3.0	15.0	0.17453292519943275	0.0	0.08726646259971647	30.0	15.0	0.2617993877991496	0.0	0.0	30.0	18.0	-1.3962634015954638	0.8333333333333333	0.0	
3.0	15.0	0.17453292519943275	0.0	0.08726646259971647	30.0	15.0	0.2617993877991496	0.0	0.0	16.5	18.0	-1.658062789394613	0.2777777777777778	0.0	
27.0	35.0	-1.0163350872062633	0.0	-0.06981317007977318	32.0	11.0	-1.7144667880039952	0.8333333333333333	0.0	35.91592167895042	11.815817016448005	-3.110730189599458	0.5555555555555556	0.0	
27.0	35.0	-1.0163350872062633	0.0	-0.06981317007977318	32.0	11.0	-1.7144667880039952	0.8333333333333333	0.0	36.89490209868802	12.019771270560005	-3.0234637269997418	0.5555555555555556	0.0	
27.0	35.0	-1.0163350872062633	0.0	-0.06981317007977318	32.0	11.0	-1.7144667880039952	0.8333333333333333	0.0	33.95796083947521	11.407908508224002	-2.7616643392005926	0.2777777777777778	0.0	
27.0	35.0	-1.0163350872062633	0.0	-0.06981317007977318	32.0	11.0	-1.7144667880039952	0.8333333333333333	0.0	32.436941259212816	23.611862762336003	-3.0234637269997418	0.2777777777777778	0.0	
11.0	15.0	0.6108652381980155	0.0	-0.17453292519943295	30.0	15.0	-0.08726646259971638	2.7777777777777777	0.0	30.0	20.0	-1.4835298641951802	1.1111111111111112	0.0	
11.0	15.0	0.6108652381980155	0.0	-0.17453292519943295	30.0	15.0	-0.08726646259971638	2.7777777777777777	0.0	25.25	18.0	-1.4835298641951802	0.5555555555555556	0.0	
11.0	15.0	0.6108652381980155	0.0	-0.17453292519943295	30.0	15.0	-0.08726646259971638	2.7777777777777777	0.0	15.75	19.0	-1.658062789394613	1.1111111111111112	0.0	
11.0	15.0	0.6108652381980155	0.0	-0.17453292519943295	30.0	15.0	-0.08726646259971638	2.7777777777777777	0.0	15.75	20.0	-1.7453292519943293	0.2777777777777778	0.0	
11.0	35.0	0.18502749652937123	0.0	0.06981317007977318	24.0	34.0	-0.2513048164692111	1.6666666666666665	0.0	21.133482494423685	39.23527242750791	-1.6475682180646745	1.1111111111111112	0.0	
11.0	35.0	0.18502749652937123	0.0	0.06981317007977318	24.0	34.0	-0.2513048164692111	1.6666666666666665	0.0	21.133482494423685	39.23527242750791	-1.4730352928652417	1.1111111111111112	0.0	
11.0	35.0	0.18502749652937123	0.0	0.06981317007977318	24.0	34.0	-0.2513048164692111	1.6666666666666665	0.0	24.153392997769473	35.994108971003165	-1.6475682180646745	0.2777777777777778	0.0	
11.0	35.0	0.18502749652937123	0.0	0.06981317007977318	24.0	34.0	-0.2513048164692111	1.6666666666666665	0.0	24.383482494423685	38.98527242750791	-1.6475682180646745	0.5555555555555556	0.0	
7.0	35.0	-0.7496990507181245	0.0	0.03490658503988659	35.0	36.0	-0.4878996629189749	2.5	0.0	27.85723387795035	39.747451417390195	-1.360564288916141	0.2777777777777778	0.0	
7.0	35.0	-0.7496990507181245	0.0	0.03490658503988659	35.0	36.0	-0.4878996629189749	2.5	0.0	13.892925408462764	38.24808856304265	-1.5350972141155728	0.5555555555555556	0.0	
7.0	35.0	-0.7496990507181245	0.0	0.03490658503988659	35.0	36.0	-0.4878996629189749	2.5	0.0	34.892925408462766	38.99808856304265	-1.7096301393150055	0.2777777777777778	0.0	
7.0	35.0	-0.7496990507181245	0.0	0.03490658503988659	35.0	36.0	-0.4878996629189749	2.5	0.0	34.82154234743794	40.99681427173775	-1.360564288916141	0.2777777777777778	0.0	
25.0	36.0	-2.701135109879935	0.0	-0.06981317007977318	13.0	37.0	2.7093855713024855	0.2777777777777778	0.0	18.83390904029252	34.50690848351024	1.4876550949064553	0.5555555555555556	0.0	
25.0	36.0	-2.701135109879935	0.0	-0.06981317007977318	13.0	37.0	2.7093855713024855	0.2777777777777778	0.0	12.75086356043878	34.01036272526536	1.400388632306739	0.8333333333333333	0.0	
25.0	36.0	-2.701135109879935	0.0	-0.06981317007977318	13.0	37.0	2.7093855713024855	0.2777777777777778	0.0	18.66781808058504	32.51381696702048	1.5749215575061717	1.1111111111111112	0.0	
25.0	36.0	-2.701135109879935	0.0	-0.06981317007977318	13.0	37.0	2.7093855713024855	0.2777777777777778	0.0	12.66781808058504	33.01381696702048	1.662188020105888	0.5555555555555556	0.0	
32.0	15.0	1.1727868004548307	0.0	-0.017453292519943295	37.0	37.0	1.4345861882539799	1.6666666666666665	0.0	32.1243357210427	38.10810551794484	-0.3980095263400649	1.3888888888888888	0.0	
32.0	15.0	1.1727868004548307	0.0	-0.017453292519943295	37.0	37.0	1.4345861882539799	1.6666666666666665	0.0	34.07460143262562	37.664863310766904	-0.3107430637403503	0.8333333333333333	0.0	
32.0	15.0	1.1727868004548307	0.0	-0.017453292519943295	37.0	37.0	1.4345861882539799	1.6666666666666665	0.0	33.79973428841708	31.943242207177935	-0.3980095263400649	0.2777777777777778	0.0	
32.0	15.0	1.1727868004548307	0.0	-0.017453292519943295	37.0	37.0	1.4345861882539799	1.6666666666666665	0.0	32.1243357210427	38.10810551794484	-0.3980095263400649	0.5555555555555556	0.0	
28.0	14.0	2.8774511551141497	0.0	-0.05235987755982988	5.0	10.0	-2.0967372130696895	0.2777777777777778	0.0	5.685364699004991	6.0591529807213025	1.742987141317835	0.8333333333333333	0.0	
28.0	14.0	2.8774511551141497	0.0	-0.05235987755982988	5.0	10.0	-2.0967372130696895	0.2777777777777778	0.0	11.264023524253743	8.044364735540977	1.5684542161184023	0.8333333333333333	0.0	
28.0	14.0	2.8774511551141497	0.0	-0.05235987755982988	5.0	10.0	-2.0967372130696895	0.2777777777777778	0.0	11.264023524253743	8.044364735540977	1.8302536039175514	0.5555555555555556	0.0	
28.0	14.0	2.8774511551141497	0.0	-0.05235987755982988	5.0	10.0	-2.0967372130696895	0.2777777777777778	0.0	11.43536469900499	7.0591529807213025	1.5684542161184023	0.2777777777777778	0.0	
3.0	15.0	0.039683359322733036	0.0	-0.03490658503988659	24.0	14.0	-0.3093824910761329	0.5555555555555556	0.0	24.142695448246347	16.996604413173312	-1.7056458926715958	0.8333333333333333	0.0	
3.0	15.0	0.039683359322733036	0.0	-0.03490658503988659	24.0	14.0	-0.3093824910761329	0.5555555555555556	0.0	8.345130298830897	16.747736275448876	-1.7056458926715958	0.2777777777777778	0.0	
3.0	15.0	0.039683359322733036	0.0	-0.03490658503988659	24.0	14.0	-0.3093824910761329	0.5555555555555556	0.0	24.190260597661794	17.99547255089775	-1.7929123552713122	0.2777777777777778	0.0	
3.0	15.0	0.039683359322733036	0.0	-0.03490658503988659	24.0	14.0	-0.3093824910761329	0.5555555555555556	0.0	24.190260597661794	17.99547255089775	-1.4438465048724467	0.8333333333333333	0.0	
9.0	36.0	0.5150208835352474	0.0	0.13962634015954636	36.0	31.0	-0.27037727986220084	0.5555555555555556	0.0	29.614178520364614	34.21656400996892	-1.9284400692568138	0.2777777777777778	0.0	
9.0	36.0	0.5150208835352474	0.0	0.13962634015954636	36.0	31.0	-0.27037727986220084	0.5555555555555556	0.0	23.046267780546923	36.44984601495338	-1.8411736066570974	0.5555555555555556	0.0	
9.0	36.0	0.5150208835352474	0.0	0.13962634015954636	36.0	31.0	-0.27037727986220084	0.5555555555555556	0.0	36.54626778054693	33.94984601495338	-1.8411736066570974	0.8333333333333333	0.0	
9.0	36.0	0.5150208835352474	0.0	0.13962634015954636	36.0	31.0	-0.27037727986220084	0.5555555555555556	0.0	36.36417852036462	32.96656400996892	-1.6666406814576646	0.2777777777777778	0.0	
27.0	17.0	-2.7146445883760166	0.0	-0.12217304763960307	15.0	15.0	2.783142555406121	2.5	0.0	21.65759594922143	12.054424304671425	1.8232114668092398	1.1111111111111112	0.0	
27.0	17.0	-2.7146445883760166	0.0	-0.12217304763960307	15.0	15.0	2.783142555406121	2.5	0.0	15.65759594922143	11.054424304671425	1.8232114668092398	0.8333333333333333	0.0	
27.0	17.0	-2.7146445883760166	0.0	-0.12217304763960307	15.0	15.0	2.783142555406121	2.5	0.0	21.493196961916073	13.040818228503568	1.648678541609807	0.2777777777777778	0.0	
27.0	17.0	-2.7146445883760166	0.0	-0.12217304763960307	15.0	15.0	2.783142555406121	2.5	0.0	24.82199493652679	11.568030380839282	1.9104779294089562	0.2777777777777778	0.0	
30.0	15.0	3.0543261909900767	0.0	0.03490658503988659	5.0	15.0	-2.879793265790644	0.2777777777777778	0.0	11.25	13.0	1.5707963267948966	0.5555555555555556	0.0	
30.0	15.0	3.0543261909900767	0.0	0.03490658503988659	5.0	15.0	-2.879793265790644	0.2777777777777778	0.0	5.0	11.0	1.7453292519943293	0.5555555555555556	0.0	
30.0	15.0	3.0543261909900767	0.0	0.03490658503988659	5.0	15.0	-2.879793265790644	0.2777777777777778	0.0	5.0	12.0	1.7453292519943293	0.5555555555555556	0.0	
30.0	15.0	3.0543261909900767	0.0	0.03490658503988659	5.0	15.0	-2.879793265790644	0.2777777777777778	0.0	23.75	13.0	1.658062789394613	0.2777777777777778	0.0	
33.0	27.0	-1.7771202208246142	0.0	-0.13962634015954636	7.0	10.0	-2.5625183842220625	1.3888888888888888	0.0	28.14174808894811	20.23909115807936	2.0626041335629104	0.5555555555555556	0.0	
33.0	27.0	-1.7771202208246142	0.0	-0.13962634015954636	7.0	10.0	-2.5625183842220625	1.3888888888888888	0.0	22.736246814913514	14.315151930132272	2.3244035213620595	0.2777777777777778	0.0	
33.0	27.0	-1.7771202208246142	0.0	-0.13962634015954636	7.0	10.0	-2.5625183842220625	1.3888888888888888	0.0	22.736246814913514	14.315151930132272	2.1498705961626268	0.5555555555555556	0.0	
33.0	27.0	-1.7771202208246142	0.0	-0.13962634015954636	7.0	10.0	-2.5625183842220625	1.3888888888888888	0.0	8.641748088948109	7.489091158079363	2.237137058762343	0.8333333333333333	0.0	
31.0	16.0	0.5478508295164679	0.0	-0.03490658503988659	37.0	27.0	1.5950483807130649	0.0	0.0	32.244208854171234	22.457704261361148	-0.5866131842798463	0.2777777777777778	0.0	
31.0	16.0	0.5478508295164679	0.0	-0.03490658503988659	37.0	27.0	1.5950483807130649	0.0	0.0	29.866313281256847	20.18655639204172	-0.49934672168012995	0.5555555555555556	0.0	
31.0	16.0	0.5478508295164679	0.0	-0.03490658503988659	37.0	27.0	1.5950483807130649	0.0	0.0	35.244208854171234	27.957704261361148	-0.41208025908041357	0.5555555555555556	0.0	
31.0	16.0	0.5478508295164679	0.0	-0.03490658503988659	37.0	27.0	1.5950483807130649	0.0	0.0	29.610522135428077	23.894260653402867	-0.5866131842798463	0.5555555555555556	0.0	
37.0	27.0	-2.01627610233275	0.0	-0.06981317007977318	14.0	14.0	-2.4526084153313326	1.6666666666666665	0.0	27.96028628333951	16.147185806399328	2.259780565053357	0.2777777777777778	0.0	
37.0	27.0	-2.01627610233275	0.0	-0.06981317007977318	14.0	14.0	-2.4526084153313326	1.6666666666666665	0.0	26.484114513335804	18.75887432255973	1.997981177254208	0.5555555555555556	0.0	
37.0	27.0	-2.01627610233275	0.0	-0.06981317007977318	14.0	14.0	-2.4526084153313326	1.6666666666666665	0.0	16.46028628333951	9.647185806399328	2.259780565053357	1.1111111111111112	0.0	
37.0	27.0	-2.01627610233275	0.0	-0.06981317007977318	14.0	14.0	-2.4526084153313326	1.6666666666666665	0.0	21.718229026671608	13.767748645119463	2.0852476398539244	0.8333333333333333	0.0	
18.0	14.0	0.776013915612642	0.0	0.12217304763960307	36.0	17.0	-0.4457165607833886	0.5555555555555556	0.0	21.678005063473215	19.681969619160718	-1.492914111979986	0.5555555555555556	0.0	
18.0	14.0	0.776013915612642	0.0	0.12217304763960307	36.0	17.0	-0.4457165607833886	0.5555555555555556	0.0	26.506803038083927	18.459181771496432	-1.5801805745797024	0.2777777777777778	0.0	
18.0	14.0	0.776013915612642	0.0	0.12217304763960307	36.0	17.0	-0.4457165607833886	0.5555555555555556	0.0	35.50680303808393	19.959181771496432	-1.3183811867805524	0.8333333333333333	0.0	
18.0	14.0	0.776013915612642	0.0	0.12217304763960307	36.0	17.0	-0.4457165607833886	0.5555555555555556	0.0	31.171202025389285	18.222787847664286	-1.3183811867805524	0.5555555555555556	0.0	
3.0	9.0	0.2715042076708558	0.0	0.15707963267948966	19.0	15.0	0.44603713287028857	2.7777777777777777	0.0	13.595506233646434	17.245316710276178	-1.0374927313248925	0.8333333333333333	0.0	
3.0	9.0	0.2715042076708558	0.0	0.15707963267948966	19.0	15.0	0.44603713287028857	2.7777777777777777	0.0	9.946629675234824	14.808987532707134	-1.124759193924607	0.8333333333333333	0.0	
3.0	9.0	0.2715042076708558	0.0	0.15707963267948966	19.0	15.0	0.44603713287028857	2.7777777777777777	0.0	9.244382792058042	16.68164588784522	-1.386558581723758	0.5555555555555556	0.0	
3.0	9.0	0.2715042076708558	0.0	0.15707963267948966	19.0	15.0	0.44603713287028857	2.7777777777777777	0.0	13.244382792058042	18.18164588784522	-1.124759193924607	0.2777777777777778	0.0	
37.0	30.0	2.699939765998165	0.0	-0.17453292519943295	15.0	34.0	2.7872062285978823	0.8333333333333333	0.0	30.605572809000087	26.08065044950046	1.2164099018029857	0.2777777777777778	0.0	
37.0	30.0	2.699939765998165	0.0	-0.17453292519943295	15.0	34.0	2.7872062285978823	0.8333333333333333	0.0	25.284458247200067	28.06452035960037	1.4782092896021348	1.1111111111111112	0.0	
37.0	30.0	2.699939765998165	0.0	-0.17453292519943295	15.0	34.0	2.7872062285978823	0.8333333333333333	0.0	30.784458247200067	27.06452035960037	1.2164099018029857	1.1111111111111112	0.0	
37.0	30.0	2.699939765998165	0.0	-0.17453292519943295	15.0	34.0	2.7872062285978823	0.8333333333333333	0.0	19.605572809000087	28.08065044950046	1.303676364402702	1.1111111111111112	0.0	
8.0	12.0	-0.2319571058320018	0.0	0.03490658503988659	25.0	14.0	0.20437520716658053	0.2777777777777778	0.0	15.915793762163014	17.965753021614383	-1.5409540448277488	0.5555555555555556	0.0	
8.0	12.0	-0.2319571058320018	0.0	0.03490658503988659	25.0	14.0	0.20437520716658053	0.2777777777777778	0.0	16.14947625729781	15.979451812968628	-1.5409540448277488	0.8333333333333333	0.0	
8.0	12.0	-0.2319571058320018	0.0	0.03490658503988659	25.0	14.0	0.20437520716658053	0.2777777777777778	0.0	12.016317504865206	14.486301208645752	-1.2791546570285988	0.2777777777777778	0.0	
8.0	12.0	-0.2319571058320018	0.0	0.03490658503988659	25.0	14.0	0.20437520716658053	0.2777777777777778	0.0	20.282635009730413	17.472602417291505	-1.5409540448277488	0.5555555555555556	0.0	
35.0	12.0	3.1119352469110755	0.0	-0.12217304763960307	25.0	15.0	2.6756029339124936	1.3888888888888888	0.0	23.85060845773462	11.168694859115394	1.1920730697173134	1.1111111111111112	0.0	
35.0	12.0	3.1119352469110755	0.0	-0.12217304763960307	25.0	15.0	2.6756029339124936	1.3888888888888888	0.0	28.85060845773462	9.668694859115394	1.2793395323170298	1.1111111111111112	0.0	
35.0	12.0	3.1119352469110755	0.0	-0.12217304763960307	25.0	15.0	2.6756029339124936	1.3888888888888888	0.0	28.563260572168275	8.710868573894242	1.4538724575164625	1.1111111111111112	0.0	
35.0	12.0	3.1119352469110755	0.0	-0.12217304763960307	25.0	15.0	2.6756029339124936	1.3888888888888888	0.0	31.92530422886731	10.834347429557697	1.1920730697173134	0.5555555555555556	0.0	
14.0	36.0	-0.47586007136297104	0.0	-0.15707963267948966	37.0	31.0	-0.824925921761837	1.9444444444444444	0.0	32.31214822165522	37.135881819614006	-1.8721234729584344	1.3888888888888888	0.0	
14.0	36.0	-0.47586007136297104	0.0	-0.15707963267948966	37.0	31.0	-0.824925921761837	1.9444444444444444	0.0	37.849718577324175	34.908705455691205	-1.6103240851592853	0.8333333333333333	0.0	
14.0	36.0	-0.47586007136297104	0.0	-0.15707963267948966	37.0	31.0	-0.824925921761837	1.9444444444444444	0.0	32.31214822165522	37.135881819614006	-1.6103240851592853	1.1111111111111112	0.0	
14.0	36.0	-0.47586007136297104	0.0	-0.15707963267948966	37.0	31.0	-0.824925921761837	1.9444444444444444	0.0	32.099718577324175	36.158705455691205	-1.9593899355581508	0.2777777777777778	0.0	
26.0	13.0	2.631682458096831	0.0	0.12217304763960307	5.0	9.0	-2.429772372686724	1.1111111111111112	0.0	15.87422421577999	9.03532286715505	1.9335507572991002	0.5555555555555556	0.0	
26.0	13.0	2.631682458096831	0.0	0.12217304763960307	5.0	9.0	-2.429772372686724	1.1111111111111112	0.0	5.935560539449975	4.088307167887626	1.7590178320996674	0.2777777777777778	0.0	
26.0	13.0	2.631682458096831	0.0	0.12217304763960307	5.0	9.0	-2.429772372686724	1.1111111111111112	0.0	21.49844843155998	8.070645734310101	1.671751369499951	0.5555555555555556	0.0	
26.0	13.0	2.631682458096831	0.0	0.12217304763960307	5.0	9.0	-2.429772372686724	1.1111111111111112	0.0	5.935560539449975	4.088307167887626	1.9335507572991002	1.1111111111111112	0.0	
6.0	8.0	1.4464413322481349	0.0	-0.12217304763960307	15.0	15.0	0.13744439325238833	1.6666666666666665	0.0	7.022118772970158	11.328704434752652	-0.8224866953444927	0.2777777777777778	0.0	
6.0	8.0	1.4464413322481349	0.0	-0.12217304763960307	15.0	15.0	0.13744439325238833	1.6666666666666665	0.0	5.794237545940316	12.907408869505304	-0.7352202327447763	1.1111111111111112	0.0	
6.0	8.0	1.4464413322481349	0.0	-0.12217304763960307	15.0	15.0	0.13744439325238833	1.6666666666666665	0.0	7.430296932425396	15.44676108688163	-0.9097531579442091	0.8333333333333333	0.0	
6.0	8.0	1.4464413322481349	0.0	-0.12217304763960307	15.0	15.0	0.13744439325238833	1.6666666666666665	0.0	13.158178159455238	17.368056652128978	-0.8224866953444927	0.5555555555555556	0.0	
21.0	18.0	-3.027010894987853	0.0	0.05235987755982988	5.0	10.0	-2.2416127315904046	2.5	0.0	11.23606797749979	7.52786404500042	2.2089768609951355	1.1111111111111112	0.0	
21.0	18.0	-3.027010894987853	0.0	0.05235987755982988	5.0	10.0	-2.2416127315904046	2.5	0.0	18.341640786499873	13.316718427000252	2.121710398395419	0.5555555555555556	0.0	
21.0	18.0	-3.027010894987853	0.0	0.05235987755982988	5.0	10.0	-2.2416127315904046	2.5	0.0	15.23606797749979	9.52786404500042	2.121710398395419	1.3888888888888888	0.0	
21.0	18.0	-3.027010894987853	0.0	0.05235987755982988	5.0	10.0	-2.2416127315904046	2.5	0.0	18.788854381999833	12.422291236000337	2.121710398395419	0.5555555555555556	0.0	
12.0	16.0	0.46810027035258184	0.0	0.10471975511965977	30.0	15.0	-0.666363743443732	2.2222222222222223	0.0	21.16641005886757	18.495381059616236	-1.8008277572400466	0.8333333333333333	0.0	
12.0	16.0	0.46810027035258184	0.0	0.10471975511965977	30.0	15.0	-0.666363743443732	2.2222222222222223	0.0	16.66641005886757	18.745381059616236	-1.4517619068411811	0.5555555555555556	0.0	
12.0	16.0	0.46810027035258184	0.0	0.10471975511965977	30.0	15.0	-0.666363743443732	2.2222222222222223	0.0	25.721880078490095	19.24384141282165	-1.6262948320406139	1.1111111111111112	0.0	
12.0	16.0	0.46810027035258184	0.0	0.10471975511965977	30.0	15.0	-0.666363743443732	2.2222222222222223	0.0	30.221880078490095	18.99384141282165	-1.6262948320406139	1.1111111111111112	0.0	
27.0	15.0	3.0543261909900767	0.0	0.017453292519943295	5.0	15.0	-3.141592653589793	2.2222222222222223	0.0	16.0	12.0	1.4835298641951802	0.2777777777777778	0.0	
27.0	15.0	3.0543261909900767	0.0	0.017453292519943295	5.0	15.0	-3.141592653589793	2.2222222222222223	0.0	5.0	11.0	1.658062789394613	0.2777777777777778	0.0	
27.0	15.0	3.0543261909900767	0.0	0.017453292519943295	5.0	15.0	-3.141592653589793	2.2222222222222223	0.0	21.5	13.0	1.5707963267948966	0.5555555555555556	0.0	
27.0	15.0	3.0543261909900767	0.0	0.017453292519943295	5.0	15.0	-3.141592653589793	2.2222222222222223	0.0	21.5	13.0	1.3962634015954638	0.2777777777777778	0.0	
14.0	17.0	-0.31175778352109207	0.0	0.017453292519943295	34.0	16.0	0.7354397676755058	0.2777777777777778	0.0	34.099875233887786	17.99750467775569	-1.620754722516839	0.5555555555555556	0.0	
14.0	17.0	-0.31175778352109207	0.0	0.017453292519943295	34.0	16.0	0.7354397676755058	0.2777777777777778	0.0	29.099875233887783	18.24750467775569	-1.5334882599171227	0.2777777777777778	0.0	
14.0	17.0	-0.31175778352109207	0.0	0.017453292519943295	34.0	16.0	0.7354397676755058	0.2777777777777778	0.0	24.099875233887783	18.49750467775569	-1.4462217973174063	0.2777777777777778	0.0	
14.0	17.0	-0.31175778352109207	0.0	0.017453292519943295	34.0	16.0	0.7354397676755058	0.2777777777777778	0.0	19.099875233887783	18.74750467775569	-1.5334882599171227	0.5555555555555556	0.0	
32.0	12.0	-3.0629040830531276	0.0	0.13962634015954636	5.0	17.0	2.347616598129294	1.6666666666666665	0.0	17.589553699088462	9.5835899750777	1.5622184347318449	1.1111111111111112	0.0	
32.0	12.0	-3.0629040830531276	0.0	0.13962634015954636	5.0	17.0	2.347616598129294	1.6666666666666665	0.0	17.771642959270768	10.56687198006216	1.3004190469326957	1.1111111111111112	0.0	
32.0	12.0	-3.0629040830531276	0.0	0.13962634015954636	5.0	17.0	2.347616598129294	1.6666666666666665	0.0	24.885821479635386	11.28343599003108	1.5622184347318449	0.5555555555555556	0.0	
32.0	12.0	-3.0629040830531276	0.0	0.13962634015954636	5.0	17.0	2.347616598129294	1.6666666666666665	0.0	17.771642959270768	10.56687198006216	1.2131525843329793	0.2777777777777778	0.0	
12.0	15.0	-0.2617993877991496	0.0	0.0	30.0	15.0	0.5235987755982987	0.0	0.0	30.0	18.0	-1.3962634015954638	0.8333333333333333	0.0	
12.0	15.0	-0.2617993877991496	0.0	0.0	30.0	15.0	0.5235987755982987	0.0	0.0	25.5	19.0	-1.3962634015954638	0.5555555555555556	0.0	
12.0	15.0	-0.2617993877991496	0.0	0.0	30.0	15.0	0.5235987755982987	0.0	0.0	30.0	19.0	-1.4835298641951802	0.5555555555555556	0.0	
12.0	15.0	-0.2617993877991496	0.0	0.0	30.0	15.0	0.5235987755982987	0.0	0.0	16.5	18.0	-1.7453292519943293	0.8333333333333333	0.0	
13.0	33.0	0.5971766580926774	0.0	0.12217304763960307	34.0	29.0	-0.7118202809030696	1.9444444444444444	0.0	29.12422421577999	31.96467713284495	-1.671751369499951	0.5555555555555556	0.0	
13.0	33.0	0.5971766580926774	0.0	0.12217304763960307	34.0	29.0	-0.7118202809030696	1.9444444444444444	0.0	19.185560539449977	36.91169283211237	-1.7590178320996674	0.5555555555555556	0.0	
13.0	33.0	0.5971766580926774	0.0	0.12217304763960307	34.0	29.0	-0.7118202809030696	1.9444444444444444	0.0	34.93556053944998	33.91169283211237	-1.8462842946993838	1.1111111111111112	0.0	
13.0	33.0	0.5971766580926774	0.0	0.12217304763960307	34.0	29.0	-0.7118202809030696	1.9444444444444444	0.0	24.435560539449977	35.91169283211237	-1.5844849069002347	1.1111111111111112	0.0	
30.0	34.0	-2.5725705985699174	0.0	0.17453292519943295	8.0	33.0	2.925216545212221	2.7777777777777777	0.0	19.22703830459325	28.505157298948504	1.6162196062164735	1.1111111111111112	0.0	
30.0	34.0	-2.5725705985699174	0.0	0.17453292519943295	8.0	33.0	2.925216545212221	2.7777777777777777	0.0	8.090815321837301	31.0020629195794	1.70348606881619	0.5555555555555556	0.0	
30.0	34.0	-2.5725705985699174	0.0	0.17453292519943295	8.0	33.0	2.925216545212221	2.7777777777777777	0.0	19.22703830459325	28.505157298948504	1.70348606881619	1.3888888888888888	0.0	
30.0	34.0	-2.5725705985699174	0.0	0.17453292519943295	8.0	33.0	2.925216545212221	2.7777777777777777	0.0	24.681630643674602	29.754125839158803	1.5289531436167572	0.2777777777777778	0.0	
31.0	13.0	2.3980376733704842	0.0	0.06981317007977318	9.0	14.0	2.572570598569918	2.2222222222222223	0.0	25.36377701724405	10.253094379369102	1.612639509973036	0.8333333333333333	0.0	
31.0	13.0	2.3980376733704842	0.0	0.06981317007977318	9.0	14.0	2.572570598569918	2.2222222222222223	0.0	8.9091846781627	12.002062919579402	1.5253730473733196	0.2777777777777778	0.0	
31.0	13.0	2.3980376733704842	0.0	0.06981317007977318	9.0	14.0	2.572570598569918	2.2222222222222223	0.0	14.4091846781627	11.752062919579402	1.6999059725727523	0.5555555555555556	0.0	
31.0	13.0	2.3980376733704842	0.0	0.06981317007977318	9.0	14.0	2.572570598569918	2.2222222222222223	0.0	19.8183693563254	9.504125839158801	1.6999059725727523	0.8333333333333333	0.0	
10.0	16.0	-0.9292223679936287	0.0	-0.06981317007977318	27.0	12.0	0.2052416458026851	2.2222222222222223	0.0	28.145196668627737	16.86708584166788	-1.6273540687913606	0.8333333333333333	0.0	
10.0	16.0	-0.9292223679936287	0.0	-0.06981317007977318	27.0	12.0	0.2052416458026851	2.2222222222222223	0.0	23.208078667451094	14.946834336667152	-1.8018869939907933	0.5555555555555556	0.0	
10.0	16.0	-0.9292223679936287	0.0	-0.06981317007977318	27.0	12.0	0.2052416458026851	2.2222222222222223	0.0	19.645196668627737	18.86708584166788	-1.6273540687913606	0.5555555555555556	0.0	
10.0	16.0	-0.9292223679936287	0.0	-0.06981317007977318	27.0	12.0	0.2052416458026851	2.2222222222222223	0.0	28.145196668627737	16.86708584166788	-1.714620531391077	1.3888888888888888	0.0	
11.0	36.0	-0.11012909725016407	0.0	0.10471975511965977	31.0	32.0	-0.6337278728484632	1.6666666666666665	0.0	26.98058067569092	37.9029033784546	-1.6809254240450606	1.1111111111111112	0.0	
11.0	36.0	-0.11012909725016407	0.0	0.10471975511965977	31.0	32.0	-0.6337278728484632	1.6666666666666665	0.0	16.58834840541455	37.94174202707276	-1.768191886644777	0.2777777777777778	0.0	
11.0	36.0	-0.11012909725016407	0.0	0.10471975511965977	31.0	32.0	-0.6337278728484632	1.6666666666666665	0.0	21.58834840541455	36.94174202707276	-1.8554583492444934	0.2777777777777778	0.0	
11.0	36.0	-0.11012909725016407	0.0	0.10471975511965977	31.0	32.0	-0.6337278728484632	1.6666666666666665	0.0	16.784464540552737	38.92232270276368	-1.768191886644777	0.2777777777777778	0.0	
24.0	16.0	2.7765678053765015	0.0	-0.017453292519943295	10.0	15.0	-2.6339528758059205	1.6666666666666665	0.0	10.21374114996373	12.007623900507795	1.8166367167796196	0.5555555555555556	0.0	
24.0	16.0	2.7765678053765015	0.0	-0.017453292519943295	10.0	15.0	-2.6339528758059205	1.6666666666666665	0.0	10.356235249939548	10.012706500846324	1.467570866380754	0.5555555555555556	0.0	
24.0	16.0	2.7765678053765015	0.0	-0.017453292519943295	10.0	15.0	-2.6339528758059205	1.6666666666666665	0.0	17.213741149963727	12.507623900507795	1.7293702541799032	0.2777777777777778	0.0	
24.0	16.0	2.7765678053765015	0.0	-0.017453292519943295	10.0	15.0	-2.6339528758059205	1.6666666666666665	0.0	20.713741149963727	12.757623900507795	1.5548373289804704	0.2777777777777778	0.0	
32.0	18.0	-2.1108953735991576	0.0	0.08726646259971647	23.0	13.0	3.0378259197841144	0.0	0.0	32.17821465589316	12.37921361939231	1.9033619059878006	0.5555555555555556	0.0	
32.0	18.0	-2.1108953735991576	0.0	0.08726646259971647	23.0	13.0	3.0378259197841144	0.0	0.0	29.44257172471453	12.003370895513848	1.9033619059878006	0.5555555555555556	0.0	
32.0	18.0	-2.1108953735991576	0.0	0.08726646259971647	23.0	13.0	3.0378259197841144	0.0	0.0	30.721285862357263	15.001685447756925	1.9033619059878006	0.5555555555555556	0.0	
32.0	18.0	-2.1108953735991576	0.0	0.08726646259971647	23.0	13.0	3.0378259197841144	0.0	0.0	30.721285862357263	15.001685447756925	1.9033619059878006	0.5555555555555556	0.0	
35.0	19.0	-3.0053825150488764	0.0	0.03490658503988659	13.0	14.0	-2.91811605244916	0.2777777777777778	0.0	30.164863310766904	14.82460143262562	1.7942729279355296	0.2777777777777778	0.0	
35.0	19.0	-3.0053825150488764	0.0	0.03490658503988659	13.0	14.0	-2.91811605244916	0.2777777777777778	0.0	19.386484414355873	11.34946857683416	1.7942729279355296	0.8333333333333333	0.0	
35.0	19.0	-3.0053825150488764	0.0	0.03490658503988659	13.0	14.0	-2.91811605244916	0.2777777777777778	0.0	25.108105517944843	11.624335721042701	1.9688058531349624	0.8333333333333333	0.0	
35.0	19.0	-3.0053825150488764	0.0	0.03490658503988659	13.0	14.0	-2.91811605244916	0.2777777777777778	0.0	13.664863310766904	11.07460143262562	1.6197400027360969	0.8333333333333333	0.0	
37.0	15.0	-3.0543261909900767	0.0	0.08726646259971647	25.0	15.0	-3.0543261909900767	1.9444444444444444	0.0	28.0	11.0	1.658062789394613	0.2777777777777778	0.0	
37.0	15.0	-3.0543261909900767	0.0	0.08726646259971647	25.0	15.0	-3.0543261909900767	1.9444444444444444	0.0	34.0	10.0	1.658062789394613	1.1111111111111112	0.0	
37.0	15.0	-3.0543261909900767	0.0	0.08726646259971647	25.0	15.0	-3.0543261909900767	1.9444444444444444	0.0	31.0	13.0	1.3962634015954638	0.2777777777777778	0.0	
37.0	15.0	-3.0543261909900767	0.0	0.08726646259971647	25.0	15.0	-3.0543261909900767	1.9444444444444444	0.0	28.0	11.0	1.5707963267948966	0.2777777777777778	0.0	
18.0	16.0	0.28675001465137884	0.0	-0.10471975511965977	36.0	27.0	1.3339475658479767	2.7777777777777777	0.0	28.892749952730128	28.5164091682598	-0.9349804617446527	1.1111111111111112	0.0	
18.0	16.0	0.28675001465137884	0.0	-0.10471975511965977	36.0	27.0	1.3339475658479767	2.7777777777777777	0.0	25.95709998109205	23.206563667303918	-1.1967798495438018	0.5555555555555556	0.0	
18.0	16.0	0.28675001465137884	0.0	-0.10471975511965977	36.0	27.0	1.3339475658479767	2.7777777777777777	0.0	33.9141999621841	30.413127334607836	-1.022246924344369	1.1111111111111112	0.0	
18.0	16.0	0.28675001465137884	0.0	-0.10471975511965977	36.0	27.0	1.3339475658479767	2.7777777777777777	0.0	21.45709998109205	20.456563667303918	-1.022246924344369	0.2777777777777778	0.0	
13.0	35.0	-0.48195619649971055	0.0	0.15707963267948966	37.0	36.0	0.5652413546968873	2.7777777777777777	0.0	30.91673891057564	37.748266146184704	-1.3546208224968765	0.5555555555555556	0.0	
13.0	35.0	-0.48195619649971055	0.0	0.15707963267948966	37.0	36.0	0.5652413546968873	2.7777777777777777	0.0	30.875108365863458	38.74739921927706	-1.5291537476963084	0.2777777777777778	0.0	
13.0	35.0	-0.48195619649971055	0.0	0.15707963267948966	37.0	36.0	0.5652413546968873	2.7777777777777777	0.0	36.83347782115128	39.99653229236941	-1.6164202102960248	0.2777777777777778	0.0	
13.0	35.0	-0.48195619649971055	0.0	0.15707963267948966	37.0	36.0	0.5652413546968873	2.7777777777777777	0.0	30.91673891057564	37.748266146184704	-1.5291537476963084	0.2777777777777778	0.0	
3.0	16.0	0.052797361600208426	0.0	0.03490658503988659	32.0	15.0	-0.12173556359922433	1.6666666666666665	0.0	24.853386827519337	18.248217998060763	-1.6052654277944045	0.2777777777777778	0.0	
3.0	16.0	0.052797361600208426	0.0	0.03490658503988659	32.0	15.0	-0.12173556359922433	1.6666666666666665	0.0	24.887849103359116	19.24762399741435	-1.7797983529938373	1.1111111111111112	0.0	
3.0	16.0	0.052797361600208426	0.0	0.03490658503988659	32.0	15.0	-0.12173556359922433	1.6666666666666665	0.0	32.06892455167956	16.998811998707176	-1.7797983529938373	0.5555555555555556	0.0	
3.0	16.0	0.052797361600208426	0.0	0.03490658503988659	32.0	15.0	-0.12173556359922433	1.6666666666666665	0.0	10.353386827519337	18.748217998060763	-1.6925318903941209	0.2777777777777778	0.0	
32.0	18.0	-2.6215041478086483	0.0	0.12217304763960307	7.0	9.0	-2.2724382974097823	1.9444444444444444	0.0	13.927438936545483	9.368225176262547	1.7418189821771755	0.2777777777777778	0.0	
32.0	18.0	-2.6215041478086483	0.0	0.12217304763960307	7.0	9.0	-2.2724382974097823	1.9444444444444444	0.0	8.69359734136371	4.295562940656366	1.8290854447768918	0.5555555555555556	0.0	
32.0	18.0	-2.6215041478086483	0.0	0.12217304763960307	7.0	9.0	-2.2724382974097823	1.9444444444444444	0.0	8.69359734136371	4.295562940656366	1.7418189821771755	0.8333333333333333	0.0	
32.0	18.0	-2.6215041478086483	0.0	0.12217304763960307	7.0	9.0	-2.2724382974097823	1.9444444444444444	0.0	26.427438936545485	13.868225176262547	2.0036183699763246	0.2777777777777778	0.0	
35.0	37.0	-0.959931088596881	0.0	-0.06981317007977318	35.0	11.0	-1.9198621771937625	0.0	0.0	38.0	17.5	3.0543261909900767	0.8333333333333333	0.0	
35.0	37.0	-0.959931088596881	0.0	-0.06981317007977318	35.0	11.0	-1.9198621771937625	0.0	0.0	39.0	24.0	2.9670597283903604	0.5555555555555556	0.0	
35.0	37.0	-0.959931088596881	0.0	-0.06981317007977318	35.0	11.0	-1.9198621771937625	0.0	0.0	39.0	24.0	-3.141592653589793	0.5555555555555556	0.0	
35.0	37.0	-0.959931088596881	0.0	-0.06981317007977318	35.0	11.0	-1.9198621771937625	0.0	0.0	39.0	17.5	2.9670597283903604	0.8333333333333333	0.0	
9.0	14.0	-0.4048917862850834	0.0	-0.017453292519943295	19.0	18.0	0.904105152710664	0.5555555555555556	0.0	15.014437294583585	20.713906763541036	-1.3648228748819644	0.5555555555555556	0.0	
9.0	14.0	-0.4048917862850834	0.0	-0.017453292519943295	19.0	18.0	0.904105152710664	0.5555555555555556	0.0	9.643046618229482	19.642383454426295	-1.1902899496825317	0.8333333333333333	0.0	
9.0	14.0	-0.4048917862850834	0.0	-0.017453292519943295	19.0	18.0	0.904105152710664	0.5555555555555556	0.0	15.385827970937688	19.785430072655778	-1.3648228748819644	0.5555555555555556	0.0	
9.0	14.0	-0.4048917862850834	0.0	-0.017453292519943295	19.0	18.0	0.904105152710664	0.5555555555555556	0.0	15.385827970937688	19.785430072655778	-1.3648228748819644	0.8333333333333333	0.0	
27.0	36.0	2.505084437801842	0.0	0.05235987755982988	7.0	33.0	-2.818169780780863	0.8333333333333333	0.0	17.445021358790733	31.53319094139511	1.80695273700411	0.8333333333333333	0.0	
27.0	36.0	2.505084437801842	0.0	0.05235987755982988	7.0	33.0	-2.818169780780863	0.8333333333333333	0.0	7.445021358790734	30.03319094139511	1.80695273700411	0.2777777777777778	0.0	
27.0	36.0	2.505084437801842	0.0	0.05235987755982988	7.0	33.0	-2.818169780780863	0.8333333333333333	0.0	17.741702264651224	29.55531823565851	1.7196862744043937	0.2777777777777778	0.0	
27.0	36.0	2.505084437801842	0.0	0.05235987755982988	7.0	33.0	-2.818169780780863	0.8333333333333333	0.0	12.593361811720978	29.79425458852681	1.8942191996038265	0.2777777777777778	0.0	
25.0	37.0	-1.0584068664841588	0.0	0.017453292519943295	34.0	21.0	-1.843805029881607	2.2222222222222223	0.0	32.9863021484982	30.961044958530238	-2.7164696558787718	0.5555555555555556	0.0	
25.0	37.0	-1.0584068664841588	0.0	0.017453292519943295	34.0	21.0	-1.843805029881607	2.2222222222222223	0.0	33.857877685622746	31.451306198162797	-2.803736118478488	0.5555555555555556	0.0	
25.0	37.0	-1.0584068664841588	0.0	0.017453292519943295	34.0	21.0	-1.843805029881607	2.2222222222222223	0.0	34.36472661137365	26.47078371889768	-2.7164696558787718	0.8333333333333333	0.0	
25.0	37.0	-1.0584068664841588	0.0	0.017453292519943295	34.0	21.0	-1.843805029881607	2.2222222222222223	0.0	38.357877685622746	23.451306198162797	-2.4546702680796226	1.3888888888888888	0.0	
31.0	15.0	-2.3666890615222833	0.0	0.017453292519943295	5.0	13.0	-2.8030213745208656	2.7777777777777777	0.0	5.230089496654211	10.008836543495255	1.560301755464958	0.2777777777777778	0.0	
31.0	15.0	-2.3666890615222833	0.0	0.017453292519943295	5.0	13.0	-2.8030213745208656	2.7777777777777777	0.0	18.230089496654212	11.008836543495255	1.4730352928652417	0.2777777777777778	0.0	
31.0	15.0	-2.3666890615222833	0.0	0.017453292519943295	5.0	13.0	-2.8030213745208656	2.7777777777777777	0.0	24.883482494423685	9.514727572492092	1.7348346806643908	0.2777777777777778	0.0	
31.0	15.0	-2.3666890615222833	0.0	0.017453292519943295	5.0	13.0	-2.8030213745208656	2.7777777777777777	0.0	5.230089496654211	10.008836543495255	1.560301755464958	0.5555555555555556	0.0	
12.0	13.0	0.2271159868103747	0.0	0.10471975511965977	31.0	14.0	-0.64554863918679	0.0	0.0	26.144882333754474	15.74723565866502	-1.3436803399845232	0.5555555555555556	0.0	
12.0	13.0	0.2271159868103747	0.0	0.10471975511965977	31.0	14.0	-0.64554863918679	0.0	0.0	16.487205834386184	18.243089146662548	-1.6054797277836714	0.5555555555555556	0.0	
12.0	13.0	0.2271159868103747	0.0	0.10471975511965977	31.0	14.0	-0.64554863918679	0.0	0.0	16.59232350063171	16.24585348799753	-1.6054797277836714	0.8333333333333333	0.0	
12.0	13.0	0.2271159868103747	0.0	0.10471975511965977	31.0	14.0	-0.64554863918679	0.0	0.0	25.987205834386184	18.743089146662548	-1.3436803399845232	1.3888888888888888	0.0	
3.0	18.0	-0.02286263465044769	0.0	0.17453292519943295	28.0	13.0	-0.6337278728484632	2.5	0.0	10.034464540552735	20.67232270276368	-1.9427248118442098	0.8333333333333333	0.0	
3.0	18.0	-0.02286263465044769	0.0	0.17453292519943295	28.0	13.0	-0.6337278728484632	2.5	0.0	10.034464540552735	20.67232270276368	-1.6809254240450606	0.2777777777777778	0.0	
3.0	18.0	-0.02286263465044769	0.0	0.17453292519943295	28.0	13.0	-0.6337278728484632	2.5	0.0	9.838348405414552	19.69174202707276	-1.5936589614453442	0.8333333333333333	0.0	
3.0	18.0	-0.02286263465044769	0.0	0.17453292519943295	28.0	13.0	-0.6337278728484632	2.5	0.0	28.784464540552737	16.92232270276368	-1.9427248118442098	0.5555555555555556	0.0	
6.0	15.0	0.8726646259971647	0.0	0.10471975511965977	30.0	15.0	0.08726646259971638	2.5	0.0	30.0	17.0	-1.5707963267948966	0.5555555555555556	0.0	
6.0	15.0	0.8726646259971647	0.0	0.10471975511965977	30.0	15.0	0.08726646259971638	2.5	0.0	18.0	17.0	-1.3962634015954638	0.2777777777777778	0.0	
6.0	15.0	0.8726646259971647	0.0	0.10471975511965977	30.0	15.0	0.08726646259971638	2.5	0.0	24.0	17.0	-1.4835298641951802	0.5555555555555556	0.0	
6.0	15.0	0.8726646259971647	0.0	0.10471975511965977	30.0	15.0	0.08726646259971638	2.5	0.0	18.0	17.0	-1.5707963267948966	0.5555555555555556	0.0	
33.0	15.0	-2.617993877991495	0.0	-0.08726646259971647	16.0	15.0	2.879793265790644	1.9444444444444444	0.0	24.5	12.0	1.4835298641951802	0.5555555555555556	0.0	
33.0	15.0	-2.617993877991495	0.0	-0.08726646259971647	16.0	15.0	2.879793265790644	1.9444444444444444	0.0	20.25	10.0	1.7453292519943293	0.8333333333333333	0.0	
33.0	15.0	-2.617993877991495	0.0	-0.08726646259971647	16.0	15.0	2.879793265790644	1.9444444444444444	0.0	24.5	11.0	1.4835298641951802	1.1111111111111112	0.0	
33.0	15.0	-2.617993877991495	0.0	-0.08726646259971647	16.0	15.0	2.879793265790644	1.9444444444444444	0.0	16.0	13.0	1.5707963267948966	0.5555555555555556	0.0	
10.0	35.0	-0.12435499454676124	0.0	-0.08726646259971647	34.0	32.0	-0.03708853194704487	0.8333333333333333	0.0	34.496138938356836	35.969111506854674	-1.6078848587419419	1.1111111111111112	0.0	
10.0	35.0	-0.12435499454676124	0.0	-0.08726646259971647	34.0	32.0	-0.03708853194704487	0.8333333333333333	0.0	16.496138938356836	38.219111506854674	-1.869684246541091	0.2777777777777778	0.0	
10.0	35.0	-0.12435499454676124	0.0	-0.08726646259971647	34.0	32.0	-0.03708853194704487	0.8333333333333333	0.0	16.372104203767627	37.226833630141	-1.5206183961422255	0.5555555555555556	0.0	
10.0	35.0	-0.12435499454676124	0.0	-0.08726646259971647	34.0	32.0	-0.03708853194704487	0.8333333333333333	0.0	22.496138938356836	37.469111506854674	-1.6078848587419419	0.8333333333333333	0.0	
36.0	37.0	-2.461870926090733	0.0	-0.10471975511965977	7.0	35.0	-2.54913738869045	0.5555555555555556	0.0	21.706406274846135	33.00710901473105	1.7269192786956573	0.5555555555555556	0.0	
36.0	37.0	-2.461870926090733	0.0	-0.10471975511965977	7.0	35.0	-2.54913738869045	0.5555555555555556	0.0	7.34401045807689	30.011848357885086	1.7269192786956573	0.2777777777777778	0.0	
36.0	37.0	-2.461870926090733	0.0	-0.10471975511965977	7.0	35.0	-2.54913738869045	0.5555555555555556	0.0	29.025208366461513	32.509478686308064	1.4651198908965082	1.1111111111111112	0.0	
36.0	37.0	-2.461870926090733	0.0	-0.10471975511965977	7.0	35.0	-2.54913738869045	0.5555555555555556	0.0	29.09401045807689	31.511848357885086	1.639652816095941	0.5555555555555556	0.0	
5.0	16.0	-0.2615045409841903	0.0	0.06981317007977318	16.0	12.0	-0.2615045409841903	0.8333333333333333	0.0	12.208715315433524	18.698967117442184	-2.094100255578237	0.2777777777777778	0.0	
5.0	16.0	-0.2615045409841903	0.0	0.06981317007977318	16.0	12.0	-0.2615045409841903	0.8333333333333333	0.0	12.208715315433524	18.698967117442184	-2.0068337929785205	1.3888888888888888	0.0	
5.0	16.0	-0.2615045409841903	0.0	0.06981317007977318	16.0	12.0	-0.2615045409841903	0.8333333333333333	0.0	17.025229189260116	14.81938027046531	-2.094100255578237	0.2777777777777778	0.0	
5.0	16.0	-0.2615045409841903	0.0	0.06981317007977318	16.0	12.0	-0.2615045409841903	0.8333333333333333	0.0	16.68348612617341	13.879586846976874	-2.0068337929785205	0.5555555555555556	0.0	
35.0	27.0	-0.6857295109062864	0.0	-0.06981317007977318	36.0	17.0	-1.9947264499020334	0.0	0.0	39.73014876083996	19.898014876083995	-2.954657538498915	0.2777777777777778	0.0	
35.0	27.0	-0.6857295109062864	0.0	-0.06981317007977318	36.0	17.0	-1.9947264499020334	0.0	0.0	37.990074380419976	17.199007438042	3.066728380881522	0.2777777777777778	0.0	
35.0	27.0	-0.6857295109062864	0.0	-0.06981317007977318	36.0	17.0	-1.9947264499020334	0.0	0.0	38.23511157062997	24.798511157062997	-2.954657538498915	0.2777777777777778	0.0	
35.0	27.0	-0.6857295109062864	0.0	-0.06981317007977318	36.0	17.0	-1.9947264499020334	0.0	0.0	38.23511157062997	24.798511157062997	-3.0419240010986313	0.2777777777777778	0.0	
36.0	20.0	-2.1662062022736293	0.0	-0.06981317007977318	10.0	15.0	-2.9516043656710775	0.8333333333333333	0.0	23.755389574600496	13.57197421207741	1.6735181521138962	1.1111111111111112	0.0	
36.0	20.0	-2.1662062022736293	0.0	-0.06981317007977318	10.0	15.0	-2.9516043656710775	0.8333333333333333	0.0	23.94423696825062	12.589967765096763	1.6735181521138962	1.3888888888888888	0.0	
36.0	20.0	-2.1662062022736293	0.0	-0.06981317007977318	10.0	15.0	-2.9516043656710775	0.8333333333333333	0.0	17.255389574600496	12.32197421207741	1.5862516895141798	1.1111111111111112	0.0	
36.0	20.0	-2.1662062022736293	0.0	-0.06981317007977318	10.0	15.0	-2.9516043656710775	0.8333333333333333	0.0	23.94423696825062	12.589967765096763	1.7607846147136126	0.5555555555555556	0.0	
36.0	20.0	-2.5273339907907495	0.0	-0.03490658503988659	3.0	17.0	2.5341208399928057	2.2222222222222223	0.0	11.702678730212591	12.770533967661482	1.4869232887962092	0.8333333333333333	0.0	
36.0	20.0	-2.5273339907907495	0.0	-0.03490658503988659	3.0	17.0	2.5341208399928057	2.2222222222222223	0.0	28.202678730212593	14.270533967661482	1.5741897513959255	1.1111111111111112	0.0	
36.0	20.0	-2.5273339907907495	0.0	-0.03490658503988659	3.0	17.0	2.5341208399928057	2.2222222222222223	0.0	19.862142984170074	14.516427174129184	1.7487226765953583	0.5555555555555556	0.0	
36.0	20.0	-2.5273339907907495	0.0	-0.03490658503988659	3.0	17.0	2.5341208399928057	2.2222222222222223	0.0	3.181071492085037	15.008213587064592	1.4869232887962092	0.2777777777777778	0.0	
37.0	19.0	-2.082027039072686	0.0	-0.08726646259971647	5.0	10.0	-2.8674252024701343	1.9444444444444444	0.0	29.81223673075485	13.862047179538303	1.8449637779145558	0.8333333333333333	0.0	
37.0	19.0	-2.082027039072686	0.0	-0.08726646259971647	5.0	10.0	-2.8674252024701343	1.9444444444444444	0.0	30.35372788459142	11.936745299230505	1.670430852715123	0.2777777777777778	0.0	
37.0	19.0	-2.082027039072686	0.0	-0.08726646259971647	5.0	10.0	-2.8674252024701343	1.9444444444444444	0.0	29.541491153836567	14.824698119692203	1.9322302405142722	0.2777777777777778	0.0	
37.0	19.0	-2.082027039072686	0.0	-0.08726646259971647	5.0	10.0	-2.8674252024701343	1.9444444444444444	0.0	21.81223673075485	11.612047179538303	1.670430852715123	0.5555555555555556	0.0	
33.0	33.0	-2.859094966966751	0.0	0.06981317007977318	18.0	34.0	2.900491564614537	2.5	0.0	25.366961978952453	31.504429684286784	1.4169617004193569	0.2777777777777778	0.0	
33.0	33.0	-2.859094966966751	0.0	0.06981317007977318	18.0	34.0	2.900491564614537	2.5	0.0	17.733923957904906	30.008859368573564	1.5042281630190732	0.8333333333333333	0.0	
33.0	33.0	-2.859094966966751	0.0	0.06981317007977318	18.0	34.0	2.900491564614537	2.5	0.0	25.30044296842868	30.506644526430172	1.4169617004193569	0.2777777777777778	0.0	
33.0	33.0	-2.859094966966751	0.0	0.06981317007977318	18.0	34.0	2.900491564614537	2.5	0.0	21.417404947381133	28.761074210716956	1.5914946256187896	0.2777777777777778	0.0	
37.0	15.0	-2.2689280275926285	0.0	-0.15707963267948966	25.0	15.0	2.617993877991495	2.5	0.0	25.0	13.0	1.5707963267948966	0.5555555555555556	0.0	
37.0	15.0	-2.2689280275926285	0.0	-0.15707963267948966	25.0	15.0	2.617993877991495	2.5	0.0	34.0	12.0	1.658062789394613	0.5555555555555556	0.0	
37.0	15.0	-2.2689280275926285	0.0	-0.15707963267948966	25.0	15.0	2.617993877991495	2.5	0.0	34.0	13.0	1.7453292519943293	0.5555555555555556	0.0	
37.0	15.0	-2.2689280275926285	0.0	-0.15707963267948966	25.0	15.0	2.617993877991495	2.5	0.0	28.0	12.0	1.4835298641951802	0.8333333333333333	0.0	
13.0	36.0	-0.2617993877991496	0.0	-0.06981317007977318	36.0	36.0	0.6108652381980155	0.0	0.0	18.75	38.0	-1.5707963267948966	0.2777777777777778	0.0	
13.0	36.0	-0.2617993877991496	0.0	-0.06981317007977318	36.0	36.0	0.6108652381980155	0.0	0.0	18.75	38.0	-1.3962634015954638	0.5555555555555556	0.0	
13.0	36.0	-0.2617993877991496	0.0	-0.06981317007977318	36.0	36.0	0.6108652381980155	0.0	0.0	24.5	40.0	-1.658062789394613	1.1111111111111112	0.0	
13.0	36.0	-0.2617993877991496	0.0	-0.06981317007977318	36.0	36.0	0.6108652381980155	0.0	0.0	36.0	39.0	-1.7453292519943293	0.8333333333333333	0.0	
25.0	18.0	-2.971512389742136	0.0	-0.03490658503988659	4.0	6.0	-1.7497819133461054	0.5555555555555556	0.0	22.23069469178417	10.658784289377705	2.089942441041419	0.8333333333333333	0.0	
25.0	18.0	-2.971512389742136	0.0	-0.03490658503988659	4.0	6.0	-1.7497819133461054	0.5555555555555556	0.0	21.734555753427337	11.527027431502164	1.9154095158419864	0.5555555555555556	0.0	
25.0	18.0	-2.971512389742136	0.0	-0.03490658503988659	4.0	6.0	-1.7497819133461054	0.5555555555555556	0.0	4.9922778767136675	4.263513715751082	2.1772089036411355	0.2777777777777778	0.0	
25.0	18.0	-2.971512389742136	0.0	-0.03490658503988659	4.0	6.0	-1.7497819133461054	0.5555555555555556	0.0	4.9922778767136675	4.263513715751082	2.1772089036411355	0.5555555555555556	0.0	
13.0	13.0	-0.3192235684317182	0.0	0.0	30.0	15.0	0.5534410575654469	1.9444444444444444	0.0	16.665793762163016	18.465753021614383	-1.366421119628317	0.8333333333333333	0.0	
13.0	13.0	-0.3192235684317182	0.0	0.0	30.0	15.0	0.5534410575654469	1.9444444444444444	0.0	25.165793762163016	19.465753021614383	-1.5409540448277488	1.1111111111111112	0.0	
13.0	13.0	-0.3192235684317182	0.0	0.0	30.0	15.0	0.5534410575654469	1.9444444444444444	0.0	25.516317504865206	16.486301208645752	-1.4536875822280324	0.5555555555555556	0.0	
13.0	13.0	-0.3192235684317182	0.0	0.0	30.0	15.0	0.5534410575654469	1.9444444444444444	0.0	21.032635009730413	17.972602417291505	-1.5409540448277488	0.2777777777777778	0.0	
10.0	33.0	0.0	0.0	0.03490658503988659	26.0	33.0	-0.08726646259971638	0.2777777777777778	0.0	14.0	36.0	-1.658062789394613	0.5555555555555556	0.0	
10.0	33.0	0.0	0.0	0.03490658503988659	26.0	33.0	-0.08726646259971638	0.2777777777777778	0.0	26.0	38.0	-1.5707963267948966	1.3888888888888888	0.0	
10.0	33.0	0.0	0.0	0.03490658503988659	26.0	33.0	-0.08726646259971638	0.2777777777777778	0.0	18.0	37.0	-1.658062789394613	0.8333333333333333	0.0	
10.0	33.0	0.0	0.0	0.03490658503988659	26.0	33.0	-0.08726646259971638	0.2777777777777778	0.0	14.0	35.0	-1.7453292519943293	0.2777777777777778	0.0	
36.0	21.0	-2.7445132083648107	0.0	0.10471975511965977	5.0	8.0	-2.1336479701667956	1.9444444444444444	0.0	29.02345335250135	15.905611236342938	2.055142234619595	0.5555555555555556	0.0	
36.0	21.0	-2.7445132083648107	0.0	0.10471975511965977	5.0	8.0	-2.1336479701667956	1.9444444444444444	0.0	13.523453352501349	9.405611236342938	2.1424086972193113	0.5555555555555556	0.0	
36.0	21.0	-2.7445132083648107	0.0	0.10471975511965977	5.0	8.0	-2.1336479701667956	1.9444444444444444	0.0	21.27345335250135	12.655611236342938	1.8806093094201621	0.5555555555555556	0.0	
36.0	21.0	-2.7445132083648107	0.0	0.10471975511965977	5.0	8.0	-2.1336479701667956	1.9444444444444444	0.0	29.02345335250135	15.905611236342938	1.9678757720198785	0.5555555555555556	0.0	
3.0	14.0	0.26711996239219493	0.0	-0.06981317007977318	36.0	20.0	0.1798534997924781	2.7777777777777777	0.0	18.605572809000087	21.91934955049954	-1.2164099018029866	0.2777777777777778	0.0	
3.0	14.0	0.26711996239219493	0.0	-0.06981317007977318	36.0	20.0	0.1798534997924781	2.7777777777777777	0.0	35.28445824720007	23.93547964039963	-1.4782092896021348	1.1111111111111112	0.0	
3.0	14.0	0.26711996239219493	0.0	-0.06981317007977318	36.0	20.0	0.1798534997924781	2.7777777777777777	0.0	27.034458247200067	22.43547964039963	-1.5654757522018512	0.5555555555555556	0.0	
3.0	14.0	0.26711996239219493	0.0	-0.06981317007977318	36.0	20.0	0.1798534997924781	2.7777777777777777	0.0	35.10557280900009	24.91934955049954	-1.2164099018029866	1.1111111111111112	0.0	
16.0	34.0	3.0637104387748826	0.0	0.17453292519943295	4.0	36.0	2.714644588376016	2.7777777777777777	0.0	9.506803038083929	32.04081822850357	1.3183811867805533	0.2777777777777778	0.0	
16.0	34.0	3.0637104387748826	0.0	0.17453292519943295	4.0	36.0	2.714644588376016	2.7777777777777777	0.0	12.671202025389285	32.527212152335714	1.3183811867805533	0.2777777777777778	0.0	
16.0	34.0	3.0637104387748826	0.0	0.17453292519943295	4.0	36.0	2.714644588376016	2.7777777777777777	0.0	3.6712020253892854	34.027212152335714	1.231114724180837	0.5555555555555556	0.0	
16.0	34.0	3.0637104387748826	0.0	0.17453292519943295	4.0	36.0	2.714644588376016	2.7777777777777777	0.0	12.671202025389285	32.527212152335714	1.4056476493802696	0.5555555555555556	0.0	
35.0	15.0	2.0442171717405238	0.0	0.08726646259971647	33.0	31.0	1.6078848587419419	1.9444444444444444	0.0	32.01544424657266	22.751930530821582	0.03708853194704531	0.5555555555555556	0.0	
35.0	15.0	2.0442171717405238	0.0	0.08726646259971647	33.0	31.0	1.6078848587419419	1.9444444444444444	0.0	32.01544424657266	22.751930530821582	0.12435499454676169	0.5555555555555556	0.0	
35.0	15.0	2.0442171717405238	0.0	0.08726646259971647	33.0	31.0	1.6078848587419419	1.9444444444444444	0.0	29.53861061643166	18.379826327053955	0.12435499454676169	0.2777777777777778	0.0	
35.0	15.0	2.0442171717405238	0.0	0.08726646259971647	33.0	31.0	1.6078848587419419	1.9444444444444444	0.0	31.023166369859	22.627895796232373	0.12435499454676169	0.5555555555555556	0.0	
