400
14.0	30.0	-0.7396728940965529	0.0	0.03490658503988659	31.0	23.0	0.04572526930089538	0.2777777777777778	0.0	20.153749026271473	32.87339049237358	-1.961403370492583	0.2777777777777778	0.0	
14.0	30.0	-0.7396728940965529	0.0	0.03490658503988659	31.0	23.0	0.04572526930089538	0.2777777777777778	0.0	19.77299922101718	31.948712393898866	-1.961403370492583	1.1111111111111112	0.0	
14.0	30.0	-0.7396728940965529	0.0	0.03490658503988659	31.0	23.0	0.04572526930089538	0.2777777777777778	0.0	19.392249415762883	31.024034295424148	-1.8741369078928667	0.2777777777777778	0.0	
14.0	30.0	-0.7396728940965529	0.0	0.03490658503988659	31.0	23.0	0.04572526930089538	0.2777777777777778	0.0	28.27299922101718	28.448712393898866	-2.0486698330922994	1.1111111111111112	0.0	
24.0	33.0	3.1234846701704395	0.0	-0.17453292519943295	6.0	25.0	2.8616852823712904	1.1111111111111112	0.0	16.218415398160342	26.25856535413923	2.076287118973842	0.2777777777777778	0.0	
24.0	33.0	3.1234846701704395	0.0	-0.17453292519943295	6.0	25.0	2.8616852823712904	1.1111111111111112	0.0	7.624553864213791	21.344753805518973	2.1635535815735585	0.2777777777777778	0.0	
24.0	33.0	3.1234846701704395	0.0	-0.17453292519943295	6.0	25.0	2.8616852823712904	1.1111111111111112	0.0	21.12455386421379	27.344753805518973	1.814487731174693	0.5555555555555556	0.0	
24.0	33.0	3.1234846701704395	0.0	-0.17453292519943295	6.0	25.0	2.8616852823712904	1.1111111111111112	0.0	11.312276932106895	25.172376902759485	2.076287118973842	0.2777777777777778	0.0	
4.0	26.0	0.02731529600222382	0.0	-0.13962634015954636	20.0	34.0	0.8999799219993889	1.1111111111111112	0.0	6.2111456180001685	31.577708763999663	-1.2816816429935223	0.5555555555555556	0.0	
4.0	26.0	0.02731529600222382	0.0	-0.13962634015954636	20.0	34.0	0.8999799219993889	1.1111111111111112	0.0	14.658359213500127	34.683281572999746	-1.1944151803938077	0.5555555555555556	0.0	
4.0	26.0	0.02731529600222382	0.0	-0.13962634015954636	20.0	34.0	0.8999799219993889	1.1111111111111112	0.0	15.105572809000083	33.78885438199983	-1.2816816429935223	0.2777777777777778	0.0	
4.0	26.0	0.02731529600222382	0.0	-0.13962634015954636	20.0	34.0	0.8999799219993889	1.1111111111111112	0.0	6.2111456180001685	31.577708763999663	-1.019882255194375	0.5555555555555556	0.0	
20.0	25.0	-2.7052603405912112	0.0	-0.03490658503988659	10.0	25.0	2.7052603405912112	1.3888888888888888	0.0	10.0	22.0	1.5707963267948966	0.5555555555555556	0.0	
20.0	25.0	-2.7052603405912112	0.0	-0.03490658503988659	10.0	25.0	2.7052603405912112	1.3888888888888888	0.0	12.5	20.0	1.658062789394613	1.3888888888888888	0.0	
20.0	25.0	-2.7052603405912112	0.0	-0.03490658503988659	10.0	25.0	2.7052603405912112	1.3888888888888888	0.0	17.5	23.0	1.658062789394613	0.5555555555555556	0.0	
20.0	25.0	-2.7052603405912112	0.0	-0.03490658503988659	10.0	25.0	2.7052603405912112	1.3888888888888888	0.0	10.0	21.0	1.5707963267948966	0.5555555555555556	0.0	
9.0	27.0	-0.2694846315421895	0.0	-0.03490658503988659	30.0	25.0	0.34138060665582604	1.1111111111111112	0.0	19.68961818525599	27.990990945187903	-1.7530144957373697	0.2777777777777778	0.0	
9.0	27.0	-0.2694846315421895	0.0	-0.03490658503988659	30.0	25.0	0.34138060665582604	1.1111111111111112	0.0	14.534427277883987	29.486486417781855	-1.6657480331376533	0.2777777777777778	0.0	
9.0	27.0	-0.2694846315421895	0.0	-0.03490658503988659	30.0	25.0	0.34138060665582604	1.1111111111111112	0.0	30.47404546313998	29.97747736296976	-1.578481570537937	1.1111111111111112	0.0	
9.0	27.0	-0.2694846315421895	0.0	-0.03490658503988659	30.0	25.0	0.34138060665582604	1.1111111111111112	0.0	30.47404546313998	29.97747736296976	-1.578481570537937	1.3888888888888888	0.0	
26.0	26.0	-2.73010799319497	0.0	-0.15707963267948966	10.0	25.0	2.593146225387735	2.2222222222222223	0.0	10.249513144620721	21.007789686068445	1.4586822115914213	0.2777777777777778	0.0	
26.0	26.0	-2.73010799319497	0.0	-0.15707963267948966	10.0	25.0	2.593146225387735	2.2222222222222223	0.0	22.18713485846554	22.755842264551333	1.8077480619902868	0.5555555555555556	0.0	
26.0	26.0	-2.73010799319497	0.0	-0.15707963267948966	10.0	25.0	2.593146225387735	2.2222222222222223	0.0	10.249513144620721	21.007789686068445	1.5459486741911377	0.8333333333333333	0.0	
26.0	26.0	-2.73010799319497	0.0	-0.15707963267948966	10.0	25.0	2.593146225387735	2.2222222222222223	0.0	14.12475657231036	23.253894843034224	1.8077480619902868	0.5555555555555556	0.0	
17.0	23.0	0.44078497435035846	0.0	0.03490658503988659	28.0	26.0	0.1789855865512089	2.7777777777777777	0.0	23.93441297103946	30.07381910618866	-1.130011352444539	0.8333333333333333	0.0	
17.0	23.0	0.44078497435035846	0.0	0.03490658503988659	28.0	26.0	0.1789855865512089	2.7777777777777777	0.0	21.973765188415783	26.429527642475463	-1.3045442776439717	0.5555555555555556	0.0	
17.0	23.0	0.44078497435035846	0.0	0.03490658503988659	28.0	26.0	0.1789855865512089	2.7777777777777777	0.0	19.223765188415783	25.679527642475463	-1.4790772028434045	0.5555555555555556	0.0	
17.0	23.0	0.44078497435035846	0.0	0.03490658503988659	28.0	26.0	0.1789855865512089	2.7777777777777777	0.0	24.460647782623674	28.144291463713195	-1.3918107402436881	0.5555555555555556	0.0	
36.0	5.0	2.617993877991495	0.0	-0.08726646259971647	11.0	5.0	-2.879793265790644	1.9444444444444444	0.0	11.0	1.0	1.3962634015954638	0.8333333333333333	0.0	
36.0	5.0	2.617993877991495	0.0	-0.08726646259971647	11.0	5.0	-2.879793265790644	1.9444444444444444	0.0	11.0	2.0	1.5707963267948966	0.2777777777777778	0.0	
36.0	5.0	2.617993877991495	0.0	-0.08726646259971647	11.0	5.0	-2.879793265790644	1.9444444444444444	0.0	17.25	3.0	1.7453292519943293	0.2777777777777778	0.0	
36.0	5.0	2.617993877991495	0.0	-0.08726646259971647	11.0	5.0	-2.879793265790644	1.9444444444444444	0.0	23.5	1.0	1.5707963267948966	0.5555555555555556	0.0	
25.0	37.0	-1.5707963267948966	0.0	0.0	25.0	25.0	-1.658062789394613	1.3888888888888888	0.0	27.0	25.0	3.0543261909900767	0.5555555555555556	0.0	
25.0	37.0	-1.5707963267948966	0.0	0.0	25.0	25.0	-1.658062789394613	1.3888888888888888	0.0	27.0	34.0	2.9670597283903604	0.2777777777777778	0.0	
25.0	37.0	-1.5707963267948966	0.0	0.0	25.0	25.0	-1.658062789394613	1.3888888888888888	0.0	29.0	31.0	2.9670597283903604	1.1111111111111112	0.0	
25.0	37.0	-1.5707963267948966	0.0	0.0	25.0	25.0	-1.658062789394613	1.3888888888888888	0.0	30.0	34.0	3.0543261909900767	0.8333333333333333	0.0	
30.0	27.0	2.239270620913911	0.0	-0.05235987755982988	20.0	30.0	-2.9094506724693616	1.6666666666666665	0.0	24.42530422886731	26.584347429557695	1.2793395323170298	0.2777777777777778	0.0	
30.0	27.0	2.239270620913911	0.0	-0.05235987755982988	20.0	30.0	-2.9094506724693616	1.6666666666666665	0.0	26.35060845773462	23.918694859115394	1.3666059949167462	1.1111111111111112	0.0	
30.0	27.0	2.239270620913911	0.0	-0.05235987755982988	20.0	30.0	-2.9094506724693616	1.6666666666666665	0.0	26.063260572168275	22.960868573894242	1.1920730697173134	1.1111111111111112	0.0	
30.0	27.0	2.239270620913911	0.0	-0.05235987755982988	20.0	30.0	-2.9094506724693616	1.6666666666666665	0.0	24.42530422886731	26.584347429557695	1.4538724575164625	0.5555555555555556	0.0	
23.0	26.0	-2.628488449321433	0.0	-0.05235987755982988	10.0	25.0	2.520232844061839	0.5555555555555556	0.0	10.306785995538949	21.011782057993674	1.7348346806643908	1.1111111111111112	0.0	
23.0	26.0	-2.628488449321433	0.0	-0.05235987755982988	10.0	25.0	2.520232844061839	0.5555555555555556	0.0	10.23008949665421	22.008836543495256	1.8221011432641072	0.2777777777777778	0.0	
23.0	26.0	-2.628488449321433	0.0	-0.05235987755982988	10.0	25.0	2.520232844061839	0.5555555555555556	0.0	10.23008949665421	22.008836543495256	1.4730352928652417	0.2777777777777778	0.0	
23.0	26.0	-2.628488449321433	0.0	-0.05235987755982988	10.0	25.0	2.520232844061839	0.5555555555555556	0.0	16.883482494423685	20.51472757249209	1.560301755464958	0.2777777777777778	0.0	
11.0	24.0	0.13984952421065833	0.0	-0.017453292519943295	30.0	25.0	-0.03468340098877487	2.5	0.0	20.34232350063171	27.49585348799753	-1.518213265183955	0.8333333333333333	0.0	
11.0	24.0	0.13984952421065833	0.0	-0.017453292519943295	30.0	25.0	-0.03468340098877487	2.5	0.0	15.59232350063171	27.24585348799753	-1.3436803399845232	0.8333333333333333	0.0	
11.0	24.0	0.13984952421065833	0.0	-0.017453292519943295	30.0	25.0	-0.03468340098877487	2.5	0.0	15.487205834386183	29.243089146662548	-1.6927461903833878	1.1111111111111112	0.0	
11.0	24.0	0.13984952421065833	0.0	-0.017453292519943295	30.0	25.0	-0.03468340098877487	2.5	0.0	29.789764667508948	28.99447131733004	-1.6927461903833878	0.2777777777777778	0.0	
36.0	3.0	2.4707762487942855	0.0	-0.15707963267948966	21.0	8.0	2.9943750243925837	0.5555555555555556	0.0	24.117544467966326	4.852633403898972	1.2490457723982544	0.5555555555555556	0.0	
36.0	3.0	2.4707762487942855	0.0	-0.15707963267948966	21.0	8.0	2.9943750243925837	0.5555555555555556	0.0	20.367544467966326	6.102633403898972	1.2490457723982544	0.5555555555555556	0.0	
36.0	3.0	2.4707762487942855	0.0	-0.15707963267948966	21.0	8.0	2.9943750243925837	0.5555555555555556	0.0	19.41886116991581	3.256583509747431	1.4235786975976872	1.1111111111111112	0.0	
36.0	3.0	2.4707762487942855	0.0	-0.15707963267948966	21.0	8.0	2.9943750243925837	0.5555555555555556	0.0	27.867544467966326	3.602633403898972	1.161779309798538	0.5555555555555556	0.0	
27.0	23.0	3.137116980761732	0.0	0.15707963267948966	15.0	30.0	1.915386504365701	0.2777777777777778	0.0	13.488386923427743	27.4086632973047	0.8681889531691045	0.8333333333333333	0.0	
27.0	23.0	3.137116980761732	0.0	0.15707963267948966	15.0	30.0	1.915386504365701	0.2777777777777778	0.0	16.488386923427743	25.6586632973047	1.21725480356797	0.8333333333333333	0.0	
27.0	23.0	3.137116980761732	0.0	0.15707963267948966	15.0	30.0	1.915386504365701	0.2777777777777778	0.0	15.984515897903657	24.794884396406264	1.1299883409682536	0.8333333333333333	0.0	
27.0	23.0	3.137116980761732	0.0	0.15707963267948966	15.0	30.0	1.915386504365701	0.2777777777777778	0.0	22.992257948951828	23.022442198203134	1.0427218783685372	0.5555555555555556	0.0	
12.0	6.0	0.2063008825534327	0.0	0.05235987755982988	30.0	5.0	-0.31729789304486644	0.0	0.0	16.610940039245047	7.746920706410824	-1.8008277572400466	0.5555555555555556	0.0	
12.0	6.0	0.2063008825534327	0.0	0.05235987755982988	30.0	5.0	-0.31729789304486644	0.0	0.0	16.721880078490095	9.743841412821649	-1.8008277572400466	0.8333333333333333	0.0	
12.0	6.0	0.2063008825534327	0.0	0.05235987755982988	30.0	5.0	-0.31729789304486644	0.0	0.0	16.610940039245047	7.746920706410824	-1.6262948320406139	0.2777777777777778	0.0	
12.0	6.0	0.2063008825534327	0.0	0.05235987755982988	30.0	5.0	-0.31729789304486644	0.0	0.0	16.610940039245047	7.746920706410824	-1.5390283694408975	0.5555555555555556	0.0	
11.0	23.0	0.571181878875282	0.0	0.12217304763960307	32.0	24.0	-0.1269498219224494	1.6666666666666665	0.0	16.059739402338206	27.24547255089775	-1.4359467609181973	1.1111111111111112	0.0	
11.0	23.0	0.571181878875282	0.0	0.12217304763960307	32.0	24.0	-0.1269498219224494	1.6666666666666665	0.0	21.4048697011691	25.497736275448876	-1.6977461487173464	0.5555555555555556	0.0	
11.0	23.0	0.571181878875282	0.0	0.12217304763960307	32.0	24.0	-0.1269498219224494	1.6666666666666665	0.0	31.809739402338206	27.99547255089775	-1.61047968611763	0.8333333333333333	0.0	
11.0	23.0	0.571181878875282	0.0	0.12217304763960307	32.0	24.0	-0.1269498219224494	1.6666666666666665	0.0	16.107304551753653	26.246604413173312	-1.5232132235179137	0.8333333333333333	0.0	
36.0	3.0	2.4357757090490217	0.0	0.017453292519943295	15.0	5.0	3.1339074098467528	1.1111111111111112	0.0	25.31038181474401	2.009009054812096	1.301311695252707	0.2777777777777778	0.0	
36.0	3.0	2.4357757090490217	0.0	0.017453292519943295	15.0	5.0	3.1339074098467528	1.1111111111111112	0.0	30.370763629488017	-0.4819818903758084	1.5631110830518562	1.1111111111111112	0.0	
36.0	3.0	2.4357757090490217	0.0	0.017453292519943295	15.0	5.0	3.1339074098467528	1.1111111111111112	0.0	19.870763629488017	0.5180181096241916	1.4758446204521398	0.8333333333333333	0.0	
36.0	3.0	2.4357757090490217	0.0	0.017453292519943295	15.0	5.0	3.1339074098467528	1.1111111111111112	0.0	14.810381814744009	3.009009054812096	1.6503775456515726	0.2777777777777778	0.0	
28.0	26.0	3.109824696235794	0.0	-0.03490658503988659	10.0	25.0	-2.9115612231446435	2.5	0.0	10.16641005886757	22.004618940383764	1.6262948320406139	0.2777777777777778	0.0	
28.0	26.0	3.109824696235794	0.0	-0.03490658503988659	10.0	25.0	-2.9115612231446435	2.5	0.0	19.277350098112613	20.50769823397294	1.7135612946403302	0.8333333333333333	0.0	
28.0	26.0	3.109824696235794	0.0	-0.03490658503988659	10.0	25.0	-2.9115612231446435	2.5	0.0	23.72188007849009	21.75615858717835	1.7135612946403302	0.2777777777777778	0.0	
28.0	26.0	3.109824696235794	0.0	-0.03490658503988659	10.0	25.0	-2.9115612231446435	2.5	0.0	19.277350098112613	20.50769823397294	1.4517619068411811	1.1111111111111112	0.0	
8.0	24.0	-0.6393758780820091	0.0	0.13962634015954636	25.0	25.0	0.3205552105148719	2.2222222222222223	0.0	16.32383393414559	27.494823119524987	-1.4247740414794574	0.8333333333333333	0.0	
8.0	24.0	-0.6393758780820091	0.0	0.13962634015954636	25.0	25.0	0.3205552105148719	2.2222222222222223	0.0	12.073833934145588	27.244823119524987	-1.6865734292786065	0.5555555555555556	0.0	
8.0	24.0	-0.6393758780820091	0.0	0.13962634015954636	25.0	25.0	0.3205552105148719	2.2222222222222223	0.0	16.32383393414559	27.494823119524987	-1.6865734292786065	0.2777777777777778	0.0	
8.0	24.0	-0.6393758780820091	0.0	0.13962634015954636	25.0	25.0	0.3205552105148719	2.2222222222222223	0.0	20.57383393414559	27.744823119524987	-1.4247740414794574	0.5555555555555556	0.0	
6.0	8.0	0.05017793065267151	0.0	-0.13962634015954636	30.0	5.0	-0.7352202327447768	0.8333333333333333	0.0	24.372104203767627	8.726833630141003	-1.6078848587419419	0.2777777777777778	0.0	
6.0	8.0	0.05017793065267151	0.0	-0.13962634015954636	30.0	5.0	-0.7352202327447768	0.8333333333333333	0.0	12.496138938356836	11.21911150685467	-1.5206183961422255	1.1111111111111112	0.0	
6.0	8.0	0.05017793065267151	0.0	-0.13962634015954636	30.0	5.0	-0.7352202327447768	0.8333333333333333	0.0	12.496138938356836	11.21911150685467	-1.869684246541091	1.1111111111111112	0.0	
6.0	8.0	0.05017793065267151	0.0	-0.13962634015954636	30.0	5.0	-0.7352202327447768	0.8333333333333333	0.0	30.496138938356836	8.96911150685467	-1.869684246541091	0.5555555555555556	0.0	
17.0	7.0	-2.6182887248064537	0.0	0.15707963267948966	6.0	3.0	-2.7928216500058864	2.5	0.0	6.683486126173408	1.1204131530231258	1.7450344051793705	0.2777777777777778	0.0	
17.0	7.0	-2.6182887248064537	0.0	0.15707963267948966	6.0	3.0	-2.7928216500058864	2.5	0.0	6.683486126173408	1.1204131530231258	1.9195673303788032	0.5555555555555556	0.0	
17.0	7.0	-2.6182887248064537	0.0	0.15707963267948966	6.0	3.0	-2.7928216500058864	2.5	0.0	7.708715315433521	-1.6989671174421854	1.9195673303788032	0.8333333333333333	0.0	
17.0	7.0	-2.6182887248064537	0.0	0.15707963267948966	6.0	3.0	-2.7928216500058864	2.5	0.0	9.775229189260113	1.1806197295346887	1.8323008677790869	0.5555555555555556	0.0	
32.0	4.0	2.310771210770768	0.0	-0.12217304763960307	10.0	5.0	2.834369986369067	0.8333333333333333	0.0	26.3183693563254	0.2541258391588017	1.5253730473733196	0.5555555555555556	0.0	
32.0	4.0	2.310771210770768	0.0	-0.12217304763960307	10.0	5.0	2.834369986369067	0.8333333333333333	0.0	15.36377701724405	1.7530943793691014	1.612639509973036	0.2777777777777778	0.0	
32.0	4.0	2.310771210770768	0.0	-0.12217304763960307	10.0	5.0	2.834369986369067	0.8333333333333333	0.0	20.9091846781627	2.5020629195794006	1.4381065847736032	0.2777777777777778	0.0	
32.0	4.0	2.310771210770768	0.0	-0.12217304763960307	10.0	5.0	2.834369986369067	0.8333333333333333	0.0	26.27296169540675	-0.744842701051498	1.3508401221738868	0.8333333333333333	0.0	
29.0	4.0	-2.9670597283903604	0.0	-0.017453292519943295	10.0	4.0	3.0543261909900767	0.5555555555555556	0.0	14.75	1.0	1.7453292519943293	0.2777777777777778	0.0	
29.0	4.0	-2.9670597283903604	0.0	-0.017453292519943295	10.0	4.0	3.0543261909900767	0.5555555555555556	0.0	10.0	2.0	1.3962634015954638	0.5555555555555556	0.0	
29.0	4.0	-2.9670597283903604	0.0	-0.017453292519943295	10.0	4.0	3.0543261909900767	0.5555555555555556	0.0	10.0	-1.0	1.5707963267948966	1.1111111111111112	0.0	
29.0	4.0	-2.9670597283903604	0.0	-0.017453292519943295	10.0	4.0	3.0543261909900767	0.5555555555555556	0.0	24.25	1.0	1.3962634015954638	0.2777777777777778	0.0	
25.0	25.0	2.7052603405912112	0.0	0.06981317007977318	9.0	25.0	-2.9670597283903604	0.8333333333333333	0.0	9.0	23.0	1.7453292519943293	0.2777777777777778	0.0	
25.0	25.0	2.7052603405912112	0.0	0.06981317007977318	9.0	25.0	-2.9670597283903604	0.8333333333333333	0.0	13.0	22.0	1.7453292519943293	0.5555555555555556	0.0	
25.0	25.0	2.7052603405912112	0.0	0.06981317007977318	9.0	25.0	-2.9670597283903604	0.8333333333333333	0.0	17.0	22.0	1.4835298641951802	0.2777777777777778	0.0	
25.0	25.0	2.7052603405912112	0.0	0.06981317007977318	9.0	25.0	-2.9670597283903604	0.8333333333333333	0.0	21.0	20.0	1.7453292519943293	1.3888888888888888	0.0	
19.0	27.0	2.2730532583039036	0.0	0.03490658503988659	7.0	28.0	2.4475861835033363	0.0	0.0	6.83390904029252	26.00690848351024	1.5749215575061717	0.2777777777777778	0.0	
19.0	27.0	2.2730532583039036	0.0	0.03490658503988659	7.0	28.0	2.4475861835033363	0.0	0.0	12.75086356043878	24.51036272526536	1.400388632306739	0.8333333333333333	0.0	
19.0	27.0	2.2730532583039036	0.0	0.03490658503988659	7.0	28.0	2.4475861835033363	0.0	0.0	9.83390904029252	25.75690848351024	1.400388632306739	0.2777777777777778	0.0	
19.0	27.0	2.2730532583039036	0.0	0.03490658503988659	7.0	28.0	2.4475861835033363	0.0	0.0	6.83390904029252	26.00690848351024	1.662188020105888	0.2777777777777778	0.0	
17.0	37.0	-0.22211602847641654	0.0	-0.17453292519943295	27.0	26.0	-1.3565800422727305	1.3888888888888888	0.0	20.97988014679189	35.595345587992625	-2.229244668269896	0.5555555555555556	0.0	
17.0	37.0	-0.22211602847641654	0.0	-0.17453292519943295	27.0	26.0	-1.3565800422727305	1.3888888888888888	0.0	20.97988014679189	35.595345587992625	-2.229244668269896	0.5555555555555556	0.0	
17.0	37.0	-0.22211602847641654	0.0	-0.17453292519943295	27.0	26.0	-1.3565800422727305	1.3888888888888888	0.0	23.19970036697972	37.61336396998156	-2.3165111308696122	0.8333333333333333	0.0	
17.0	37.0	-0.22211602847641654	0.0	-0.17453292519943295	27.0	26.0	-1.3565800422727305	1.3888888888888888	0.0	29.21982022018783	28.018018381988938	-2.5783105186687614	0.8333333333333333	0.0	
18.0	29.0	0.02731529600222382	0.0	-0.10471975511965977	33.0	24.0	-0.6708164047955081	2.5	0.0	33.94868329805051	26.84604989415154	-2.0670798063909714	0.5555555555555556	0.0	
18.0	29.0	0.02731529600222382	0.0	-0.10471975511965977	33.0	24.0	-0.6708164047955081	2.5	0.0	30.83113883008419	29.99341649025257	-1.718013955992106	1.1111111111111112	0.0	
18.0	29.0	0.02731529600222382	0.0	-0.10471975511965977	33.0	24.0	-0.6708164047955081	2.5	0.0	30.514911064067352	29.044733192202056	-2.0670798063909714	0.5555555555555556	0.0	
18.0	29.0	0.02731529600222382	0.0	-0.10471975511965977	33.0	24.0	-0.6708164047955081	2.5	0.0	22.382455532033674	29.647366596101026	-1.718013955992106	0.2777777777777778	0.0	
3.0	3.0	-0.7559948751934433	0.0	-0.15707963267948966	37.0	4.0	0.20393621340343815	0.8333333333333333	0.0	11.353004741990537	8.247838772321765	-1.628659501190608	1.1111111111111112	0.0	
3.0	3.0	-0.7559948751934433	0.0	-0.15707963267948966	37.0	4.0	0.20393621340343815	0.8333333333333333	0.0	19.911802845194323	6.498703263393059	-1.3668601133914589	0.8333333333333333	0.0	
3.0	3.0	-0.7559948751934433	0.0	-0.15707963267948966	37.0	4.0	0.20393621340343815	0.8333333333333333	0.0	11.38240379359243	7.248271017857412	-1.3668601133914589	0.2777777777777778	0.0	
3.0	3.0	-0.7559948751934433	0.0	-0.15707963267948966	37.0	4.0	0.20393621340343815	0.8333333333333333	0.0	11.38240379359243	7.248271017857412	-1.5413930385908916	0.2777777777777778	0.0	
4.0	3.0	-0.16684768145639328	0.0	0.0	25.0	5.0	-0.07958121885667646	0.2777777777777778	0.0	19.370763629488017	8.481981890375808	-1.301311695252707	0.5555555555555556	0.0	
4.0	3.0	-0.16684768145639328	0.0	0.0	25.0	5.0	-0.07958121885667646	0.2777777777777778	0.0	19.27595453686002	9.477477362969761	-1.3885781578524234	0.2777777777777778	0.0	
4.0	3.0	-0.16684768145639328	0.0	0.0	25.0	5.0	-0.07958121885667646	0.2777777777777778	0.0	14.310381814744009	5.990990945187904	-1.6503775456515726	0.2777777777777778	0.0	
4.0	3.0	-0.16684768145639328	0.0	0.0	25.0	5.0	-0.07958121885667646	0.2777777777777778	0.0	14.310381814744009	5.990990945187904	-1.3885781578524234	0.2777777777777778	0.0	
4.0	8.0	-0.26625204915092526	0.0	-0.017453292519943295	15.0	5.0	-0.09171912395149251	0.8333333333333333	0.0	13.039352217376324	8.644291463713197	-1.749781913346105	0.5555555555555556	0.0	
4.0	8.0	-0.26625204915092526	0.0	-0.017453292519943295	15.0	5.0	-0.09171912395149251	0.8333333333333333	0.0	7.802469623168433	11.10905528495093	-1.6625154507463886	0.8333333333333333	0.0	
4.0	8.0	-0.26625204915092526	0.0	-0.017453292519943295	15.0	5.0	-0.09171912395149251	0.8333333333333333	0.0	13.039352217376324	8.644291463713197	-1.9243148385455378	0.2777777777777778	0.0	
4.0	8.0	-0.26625204915092526	0.0	-0.017453292519943295	15.0	5.0	-0.09171912395149251	0.8333333333333333	0.0	15.789352217376324	7.894291463713197	-1.749781913346105	0.8333333333333333	0.0	
17.0	32.0	-1.2424287752199232	0.0	0.06981317007977318	25.0	25.0	-0.10796476142360945	0.8333333333333333	0.0	22.29252303934259	34.01288347353439	-2.4641592516159534	0.8333333333333333	0.0	
17.0	32.0	-1.2424287752199232	0.0	0.06981317007977318	25.0	25.0	-0.10796476142360945	0.8333333333333333	0.0	22.317009215737038	30.005153389413756	-2.376892789016237	0.5555555555555556	0.0	
17.0	32.0	-1.2424287752199232	0.0	0.06981317007977318	25.0	25.0	-0.10796476142360945	0.8333333333333333	0.0	20.975513823605553	32.50773008412063	-2.115093401217088	0.8333333333333333	0.0	
17.0	32.0	-1.2424287752199232	0.0	0.06981317007977318	25.0	25.0	-0.10796476142360945	0.8333333333333333	0.0	28.29252303934259	28.762883473534387	-2.376892789016237	1.1111111111111112	0.0	
8.0	27.0	0.25840596319812104	0.0	0.017453292519943295	30.0	25.0	-0.5269922001993272	0.2777777777777778	0.0	24.862142984170074	29.483572825870816	-1.5741897513959255	0.2777777777777778	0.0	
8.0	27.0	0.25840596319812104	0.0	0.017453292519943295	30.0	25.0	-0.5269922001993272	0.2777777777777778	0.0	30.18107149208504	26.991786412935408	-1.5741897513959255	0.2777777777777778	0.0	
8.0	27.0	0.25840596319812104	0.0	0.017453292519943295	30.0	25.0	-0.5269922001993272	0.2777777777777778	0.0	13.681071492085037	28.491786412935408	-1.5741897513959255	0.2777777777777778	0.0	
8.0	27.0	0.25840596319812104	0.0	0.017453292519943295	30.0	25.0	-0.5269922001993272	0.2777777777777778	0.0	19.271607238127558	28.98767961940311	-1.4869232887962092	0.8333333333333333	0.0	
14.0	3.0	-0.43101173840553697	0.0	0.017453292519943295	25.0	5.0	0.9652516631899264	2.7777777777777777	0.0	24.642229123600035	6.9677398201998155	-1.2164099018029866	0.5555555555555556	0.0	
14.0	3.0	-0.43101173840553697	0.0	0.017453292519943295	25.0	5.0	0.9652516631899264	2.7777777777777777	0.0	21.71334368540005	7.451609730299722	-1.4782092896021348	0.5555555555555556	0.0	
14.0	3.0	-0.43101173840553697	0.0	0.017453292519943295	25.0	5.0	0.9652516631899264	2.7777777777777777	0.0	18.605572809000087	8.919349550499538	-1.4782092896021348	1.3888888888888888	0.0	
14.0	3.0	-0.43101173840553697	0.0	0.017453292519943295	25.0	5.0	0.9652516631899264	2.7777777777777777	0.0	21.71334368540005	7.451609730299722	-1.3909428270024193	0.2777777777777778	0.0	
12.0	5.0	0.30177807492243947	0.0	0.017453292519943295	37.0	6.0	0.1272451497230067	0.0	0.0	36.84012784660451	9.996803834887157	-1.6180841022713226	1.1111111111111112	0.0	
12.0	5.0	0.30177807492243947	0.0	0.017453292519943295	37.0	6.0	0.1272451497230067	0.0	0.0	30.670063923302255	7.748401917443578	-1.705350564871039	0.2777777777777778	0.0	
12.0	5.0	0.30177807492243947	0.0	0.017453292519943295	37.0	6.0	0.1272451497230067	0.0	0.0	18.050159808255643	10.246004793608947	-1.6180841022713226	1.3888888888888888	0.0	
12.0	5.0	0.30177807492243947	0.0	0.017453292519943295	37.0	6.0	0.1272451497230067	0.0	0.0	24.380095884953384	8.497602876165368	-1.6180841022713226	0.8333333333333333	0.0	
21.0	25.0	-3.0543261909900767	0.0	-0.13962634015954636	3.0	25.0	-2.9670597283903604	1.1111111111111112	0.0	3.0	23.0	1.7453292519943293	0.2777777777777778	0.0	
21.0	25.0	-3.0543261909900767	0.0	-0.13962634015954636	3.0	25.0	-2.9670597283903604	1.1111111111111112	0.0	12.0	21.0	1.5707963267948966	1.1111111111111112	0.0	
21.0	25.0	-3.0543261909900767	0.0	-0.13962634015954636	3.0	25.0	-2.9670597283903604	1.1111111111111112	0.0	16.5	23.0	1.658062789394613	0.5555555555555556	0.0	
21.0	25.0	-3.0543261909900767	0.0	-0.13962634015954636	3.0	25.0	-2.9670597283903604	1.1111111111111112	0.0	12.0	22.0	1.7453292519943293	0.5555555555555556	0.0	
27.0	6.0	2.803021374520865	0.0	-0.15707963267948966	14.0	7.0	-2.8692986944607046	0.0	0.0	13.76991050334579	4.008836543495255	1.4067579729254023	0.5555555555555556	0.0	
27.0	6.0	2.803021374520865	0.0	-0.15707963267948966	14.0	7.0	-2.8692986944607046	0.0	0.0	20.116517505576315	1.5147275724920917	1.4940244355251187	0.8333333333333333	0.0	
27.0	6.0	2.803021374520865	0.0	-0.15707963267948966	14.0	7.0	-2.8692986944607046	0.0	0.0	17.096607002230527	4.755891028996837	1.319491510325686	0.2777777777777778	0.0	
27.0	6.0	2.803021374520865	0.0	-0.15707963267948966	14.0	7.0	-2.8692986944607046	0.0	0.0	23.44321400446105	2.2617820579936736	1.4940244355251187	0.8333333333333333	0.0	
33.0	27.0	2.5100291165678854	0.0	-0.10471975511965977	3.0	25.0	3.0336278921661837	1.9444444444444444	0.0	10.633038021047549	23.504429684286784	1.7246309531704362	0.5555555555555556	0.0	
33.0	27.0	2.5100291165678854	0.0	-0.10471975511965977	3.0	25.0	3.0336278921661837	1.9444444444444444	0.0	18.33259505261887	21.011074210716956	1.6373644905707199	1.1111111111111112	0.0	
33.0	27.0	2.5100291165678854	0.0	-0.10471975511965977	3.0	25.0	3.0336278921661837	1.9444444444444444	0.0	25.633038021047547	24.504429684286784	1.5500980279710035	0.2777777777777778	0.0	
33.0	27.0	2.5100291165678854	0.0	-0.10471975511965977	3.0	25.0	3.0336278921661837	1.9444444444444444	0.0	18.33259505261887	21.011074210716956	1.6373644905707199	1.1111111111111112	0.0	
4.0	23.0	0.28675001465137884	0.0	-0.13962634015954636	22.0	34.0	0.548549402450528	1.9444444444444444	0.0	6.414199962184102	29.163127334607836	-0.9349804617446527	0.2777777777777778	0.0	
4.0	23.0	0.28675001465137884	0.0	-0.13962634015954636	22.0	34.0	0.548549402450528	1.9444444444444444	0.0	15.935649971638076	33.80984550095588	-0.9349804617446527	0.5555555555555556	0.0	
4.0	23.0	0.28675001465137884	0.0	-0.13962634015954636	22.0	34.0	0.548549402450528	1.9444444444444444	0.0	6.935649971638076	28.309845500955877	-1.1967798495438018	0.2777777777777778	0.0	
4.0	23.0	0.28675001465137884	0.0	-0.13962634015954636	22.0	34.0	0.548549402450528	1.9444444444444444	0.0	7.4570999810920515	27.456563667303918	-0.9349804617446527	0.2777777777777778	0.0	
8.0	27.0	0.6048233282198527	0.0	-0.15707963267948966	22.0	32.0	0.08122455262155404	0.0	0.0	17.154654412007375	34.51696764637935	-1.3150388489739093	1.1111111111111112	0.0	
8.0	27.0	0.6048233282198527	0.0	-0.15707963267948966	22.0	32.0	0.08122455262155404	0.0	0.0	17.49099080900553	33.57522573478451	-1.1405059237744766	0.8333333333333333	0.0	
8.0	27.0	0.6048233282198527	0.0	-0.15707963267948966	22.0	32.0	0.08122455262155404	0.0	0.0	21.327327206003687	33.88348382318968	-1.3150388489739093	0.5555555555555556	0.0	
8.0	27.0	0.6048233282198527	0.0	-0.15707963267948966	22.0	32.0	0.08122455262155404	0.0	0.0	16.81831801500922	35.45870955797419	-1.4023053115736257	0.8333333333333333	0.0	
20.0	31.0	0.07044573792743103	0.0	0.017453292519943295	30.0	25.0	-1.1512847384685996	0.5555555555555556	0.0	24.04348726628258	32.07247877713763	-2.2857487522649134	0.8333333333333333	0.0	
20.0	31.0	0.07044573792743103	0.0	0.017453292519943295	30.0	25.0	-1.1512847384685996	0.5555555555555556	0.0	27.057983021710108	31.429971702850178	-2.2857487522649134	0.2777777777777778	0.0	
20.0	31.0	0.07044573792743103	0.0	0.017453292519943295	30.0	25.0	-1.1512847384685996	0.5555555555555556	0.0	27.572478777137633	32.287464628562724	-2.1112158270654806	1.1111111111111112	0.0	
20.0	31.0	0.07044573792743103	0.0	0.017453292519943295	30.0	25.0	-1.1512847384685996	0.5555555555555556	0.0	26.54348726628258	30.572478777137633	-2.1112158270654806	0.5555555555555556	0.0	
35.0	23.0	2.759890932595658	0.0	-0.10471975511965977	19.0	35.0	2.1490256943976433	0.2777777777777778	0.0	16.0	31.0	1.0145616806013287	0.8333333333333333	0.0	
35.0	23.0	2.759890932595658	0.0	-0.10471975511965977	19.0	35.0	2.1490256943976433	0.2777777777777778	0.0	28.0	22.0	1.101828143201045	0.5555555555555556	0.0	
35.0	23.0	2.759890932595658	0.0	-0.10471975511965977	19.0	35.0	2.1490256943976433	0.2777777777777778	0.0	25.8	27.4	1.101828143201045	0.5555555555555556	0.0	
35.0	23.0	2.759890932595658	0.0	-0.10471975511965977	19.0	35.0	2.1490256943976433	0.2777777777777778	0.0	16.0	31.0	1.0145616806013287	0.2777777777777778	0.0	
27.0	25.0	2.921334459089465	0.0	0.13962634015954636	15.0	30.0	2.659535071290316	0.8333333333333333	0.0	14.230769230769232	28.153846153846153	1.0887387444954193	0.5555555555555556	0.0	
27.0	25.0	2.921334459089465	0.0	0.13962634015954636	15.0	30.0	2.659535071290316	0.8333333333333333	0.0	16.461538461538463	25.057692307692307	1.0887387444954193	0.2777777777777778	0.0	
27.0	25.0	2.921334459089465	0.0	0.13962634015954636	15.0	30.0	2.659535071290316	0.8333333333333333	0.0	22.461538461538463	22.557692307692307	1.1760052070951357	0.5555555555555556	0.0	
27.0	25.0	2.921334459089465	0.0	0.13962634015954636	15.0	30.0	2.659535071290316	0.8333333333333333	0.0	19.846153846153847	24.73076923076923	1.001472281895703	0.5555555555555556	0.0	
7.0	25.0	0.6813109761254466	0.0	0.0	27.0	30.0	-0.4531530376708677	2.2222222222222223	0.0	21.514928749927336	30.690285000290665	-1.1512847384686005	0.2777777777777778	0.0	
7.0	25.0	0.6813109761254466	0.0	0.0	27.0	30.0	-0.4531530376708677	2.2222222222222223	0.0	21.029857499854668	32.63057000058133	-1.1512847384686005	0.8333333333333333	0.0	
7.0	25.0	0.6813109761254466	0.0	0.0	27.0	30.0	-0.4531530376708677	2.2222222222222223	0.0	16.029857499854668	31.38057000058133	-1.1512847384686005	0.8333333333333333	0.0	
7.0	25.0	0.6813109761254466	0.0	0.0	27.0	30.0	-0.4531530376708677	2.2222222222222223	0.0	26.272393124891	32.91042750043599	-1.3258176636680332	0.8333333333333333	0.0	
35.0	7.0	3.0543261909900767	0.0	-0.12217304763960307	11.0	7.0	2.7052603405912112	1.1111111111111112	0.0	17.0	5.0	1.7453292519943293	0.5555555555555556	0.0	
35.0	7.0	3.0543261909900767	0.0	-0.12217304763960307	11.0	7.0	2.7052603405912112	1.1111111111111112	0.0	29.0	2.0	1.7453292519943293	1.3888888888888888	0.0	
35.0	7.0	3.0543261909900767	0.0	-0.12217304763960307	11.0	7.0	2.7052603405912112	1.1111111111111112	0.0	29.0	4.0	1.3962634015954638	0.5555555555555556	0.0	
35.0	7.0	3.0543261909900767	0.0	-0.12217304763960307	11.0	7.0	2.7052603405912112	1.1111111111111112	0.0	23.0	4.0	1.658062789394613	0.2777777777777778	0.0	
25.0	22.0	3.024668784311359	0.0	-0.17453292519943295	15.0	25.0	2.6756029339124936	0.0	0.0	19.42530422886731	21.584347429557695	1.104806607117597	0.5555555555555556	0.0	
25.0	22.0	3.024668784311359	0.0	-0.17453292519943295	15.0	25.0	2.6756029339124936	0.0	0.0	21.637956343300964	19.876521144336547	1.104806607117597	0.8333333333333333	0.0	
25.0	22.0	3.024668784311359	0.0	-0.17453292519943295	15.0	25.0	2.6756029339124936	0.0	0.0	14.42530422886731	23.084347429557695	1.1920730697173134	0.2777777777777778	0.0	
25.0	22.0	3.024668784311359	0.0	-0.17453292519943295	15.0	25.0	2.6756029339124936	0.0	0.0	21.92530422886731	20.834347429557695	1.2793395323170298	0.2777777777777778	0.0	
9.0	7.0	-0.03216246341862217	0.0	0.12217304763960307	34.0	4.0	-0.3812283138174877	1.1111111111111112	0.0	22.095726103092154	10.46438419243461	-1.8647581780126679	0.5555555555555556	0.0	
9.0	7.0	-0.03216246341862217	0.0	0.12217304763960307	34.0	4.0	-0.3812283138174877	1.1111111111111112	0.0	34.595726103092154	8.96438419243461	-1.5156923276138023	0.2777777777777778	0.0	
9.0	7.0	-0.03216246341862217	0.0	0.12217304763960307	34.0	4.0	-0.3812283138174877	1.1111111111111112	0.0	34.595726103092154	8.96438419243461	-1.690225252813235	1.3888888888888888	0.0	
9.0	7.0	-0.03216246341862217	0.0	0.12217304763960307	34.0	4.0	-0.3812283138174877	1.1111111111111112	0.0	27.988290441236863	6.735753676973844	-1.8647581780126679	0.5555555555555556	0.0	
7.0	28.0	0.0	0.0	-0.03490658503988659	31.0	28.0	0.17453292519943275	1.9444444444444444	0.0	13.0	32.0	-1.7453292519943293	0.5555555555555556	0.0	
7.0	28.0	0.0	0.0	-0.03490658503988659	31.0	28.0	0.17453292519943275	1.9444444444444444	0.0	13.0	32.0	-1.4835298641951802	1.1111111111111112	0.0	
7.0	28.0	0.0	0.0	-0.03490658503988659	31.0	28.0	0.17453292519943275	1.9444444444444444	0.0	31.0	33.0	-1.5707963267948966	0.5555555555555556	0.0	
7.0	28.0	0.0	0.0	-0.03490658503988659	31.0	28.0	0.17453292519943275	1.9444444444444444	0.0	31.0	33.0	-1.658062789394613	0.8333333333333333	0.0	
36.0	23.0	-3.018627078310753	0.0	-0.15707963267948966	8.0	22.0	-2.4077618401127374	0.0	0.0	8.14276612204965	18.0025485826098	1.6937619020739367	0.5555555555555556	0.0	
36.0	23.0	-3.018627078310753	0.0	-0.15707963267948966	8.0	22.0	-2.4077618401127374	0.0	0.0	15.178457652562061	17.253185728262252	1.6064954394742204	1.1111111111111112	0.0	
36.0	23.0	-3.018627078310753	0.0	-0.15707963267948966	8.0	22.0	-2.4077618401127374	0.0	0.0	29.178457652562063	17.753185728262252	1.781028364673653	0.8333333333333333	0.0	
36.0	23.0	-3.018627078310753	0.0	-0.15707963267948966	8.0	22.0	-2.4077618401127374	0.0	0.0	29.071383061024825	20.751274291304902	1.781028364673653	0.5555555555555556	0.0	
16.0	29.0	-2.880088112605603	0.0	-0.17453292519943295	5.0	25.0	-2.6182887248064537	0.0	0.0	11.183486126173408	25.120413153023126	1.9195673303788032	0.5555555555555556	0.0	
16.0	29.0	-2.880088112605603	0.0	-0.17453292519943295	5.0	25.0	-2.6182887248064537	0.0	0.0	5.683486126173408	23.120413153023126	2.0068337929785196	0.2777777777777778	0.0	
16.0	29.0	-2.880088112605603	0.0	-0.17453292519943295	5.0	25.0	-2.6182887248064537	0.0	0.0	8.775229189260113	23.18061972953469	1.8323008677790869	0.2777777777777778	0.0	
16.0	29.0	-2.880088112605603	0.0	-0.17453292519943295	5.0	25.0	-2.6182887248064537	0.0	0.0	11.866972252346816	23.24082630604625	2.0068337929785196	0.8333333333333333	0.0	
34.0	25.0	-2.2689280275926285	0.0	0.12217304763960307	10.0	25.0	2.7052603405912112	1.3888888888888888	0.0	10.0	21.0	1.4835298641951802	0.5555555555555556	0.0	
34.0	25.0	-2.2689280275926285	0.0	0.12217304763960307	10.0	25.0	2.7052603405912112	1.3888888888888888	0.0	10.0	21.0	1.7453292519943293	0.8333333333333333	0.0	
34.0	25.0	-2.2689280275926285	0.0	0.12217304763960307	10.0	25.0	2.7052603405912112	1.3888888888888888	0.0	28.0	22.0	1.658062789394613	0.5555555555555556	0.0	
34.0	25.0	-2.2689280275926285	0.0	0.12217304763960307	10.0	25.0	2.7052603405912112	1.3888888888888888	0.0	22.0	21.0	1.7453292519943293	1.1111111111111112	0.0	
28.0	5.0	2.443460952792061	0.0	0.03490658503988659	5.0	5.0	-2.5307274153917776	0.8333333333333333	0.0	16.5	2.0	1.3962634015954638	0.8333333333333333	0.0	
28.0	5.0	2.443460952792061	0.0	0.03490658503988659	5.0	5.0	-2.5307274153917776	0.8333333333333333	0.0	10.75	3.0	1.4835298641951802	0.2777777777777778	0.0	
28.0	5.0	2.443460952792061	0.0	0.03490658503988659	5.0	5.0	-2.5307274153917776	0.8333333333333333	0.0	10.75	1.0	1.7453292519943293	1.1111111111111112	0.0	
28.0	5.0	2.443460952792061	0.0	0.03490658503988659	5.0	5.0	-2.5307274153917776	0.8333333333333333	0.0	22.25	3.0	1.7453292519943293	0.2777777777777778	0.0	
10.0	26.0	0.642305764911514	0.0	0.017453292519943295	20.0	30.0	0.03144052671349895	0.5555555555555556	0.0	19.257218647291793	31.85695338177052	-1.277556412282248	0.2777777777777778	0.0	
10.0	26.0	0.642305764911514	0.0	0.017453292519943295	20.0	30.0	0.03144052671349895	0.5555555555555556	0.0	18.14304661822948	34.642383454426295	-1.3648228748819644	1.1111111111111112	0.0	
10.0	26.0	0.642305764911514	0.0	0.017453292519943295	20.0	30.0	0.03144052671349895	0.5555555555555556	0.0	16.757218647291793	30.85695338177052	-1.1902899496825317	0.5555555555555556	0.0	
10.0	26.0	0.642305764911514	0.0	0.017453292519943295	20.0	30.0	0.03144052671349895	0.5555555555555556	0.0	11.385827970937688	29.785430072655778	-1.1030234870828153	0.2777777777777778	0.0	
37.0	6.0	-3.141592653589793	0.0	0.0	5.0	6.0	2.7052603405912112	2.2222222222222223	0.0	13.0	2.0	1.3962634015954638	1.1111111111111112	0.0	
37.0	6.0	-3.141592653589793	0.0	0.0	5.0	6.0	2.7052603405912112	2.2222222222222223	0.0	5.0	1.0	1.3962634015954638	0.8333333333333333	0.0	
37.0	6.0	-3.141592653589793	0.0	0.0	5.0	6.0	2.7052603405912112	2.2222222222222223	0.0	29.0	3.0	1.5707963267948966	0.8333333333333333	0.0	
37.0	6.0	-3.141592653589793	0.0	0.0	5.0	6.0	2.7052603405912112	2.2222222222222223	0.0	29.0	4.0	1.4835298641951802	0.2777777777777778	0.0	
20.0	36.0	-1.4835298641951802	0.0	0.10471975511965977	20.0	25.0	-1.658062789394613	0.0	0.0	24.0	33.25	2.9670597283903604	0.2777777777777778	0.0	
20.0	36.0	-1.4835298641951802	0.0	0.10471975511965977	20.0	25.0	-1.658062789394613	0.0	0.0	22.0	27.75	-3.141592653589793	0.5555555555555556	0.0	
20.0	36.0	-1.4835298641951802	0.0	0.10471975511965977	20.0	25.0	-1.658062789394613	0.0	0.0	22.0	30.5	-3.0543261909900767	0.2777777777777778	0.0	
20.0	36.0	-1.4835298641951802	0.0	0.10471975511965977	20.0	25.0	-1.658062789394613	0.0	0.0	23.0	25.0	2.9670597283903604	0.2777777777777778	0.0	
19.0	37.0	-1.400388632306739	0.0	0.03490658503988659	20.0	25.0	-1.7494544827056047	1.3888888888888888	0.0	22.98963727473464	25.24913643956122	-2.9711849591016355	0.8333333333333333	0.0	
19.0	37.0	-1.400388632306739	0.0	0.03490658503988659	20.0	25.0	-1.7494544827056047	1.3888888888888888	0.0	24.7327287912244	28.4152273992687	-2.883918496501919	1.1111111111111112	0.0	
19.0	37.0	-1.400388632306739	0.0	0.03490658503988659	20.0	25.0	-1.7494544827056047	1.3888888888888888	0.0	22.23963727473464	34.24913643956122	3.0502009602788016	0.2777777777777778	0.0	
19.0	37.0	-1.400388632306739	0.0	0.03490658503988659	20.0	25.0	-1.7494544827056047	1.3888888888888888	0.0	22.48963727473464	31.24913643956122	3.0502009602788016	0.5555555555555556	0.0	
28.0	5.0	2.7925268031909276	0.0	-0.08726646259971647	15.0	5.0	-2.9670597283903604	0.5555555555555556	0.0	15.0	2.0	1.4835298641951802	0.2777777777777778	0.0	
28.0	5.0	2.7925268031909276	0.0	-0.08726646259971647	15.0	5.0	-2.9670597283903604	0.5555555555555556	0.0	15.0	0.0	1.7453292519943293	1.1111111111111112	0.0	
28.0	5.0	2.7925268031909276	0.0	-0.08726646259971647	15.0	5.0	-2.9670597283903604	0.5555555555555556	0.0	21.5	0.0	1.3962634015954638	1.1111111111111112	0.0	
28.0	5.0	2.7925268031909276	0.0	-0.08726646259971647	15.0	5.0	-2.9670597283903604	0.5555555555555556	0.0	15.0	3.0	1.3962634015954638	0.2777777777777778	0.0	
26.0	24.0	-2.593146225387735	0.0	-0.06981317007977318	10.0	25.0	2.73010799319497	0.5555555555555556	0.0	21.75048685537928	20.257789686068445	1.6829104419983718	0.8333333333333333	0.0	
26.0	24.0	-2.593146225387735	0.0	-0.06981317007977318	10.0	25.0	2.73010799319497	0.5555555555555556	0.0	9.750486855379277	21.007789686068445	1.5956439793986554	0.5555555555555556	0.0	
26.0	24.0	-2.593146225387735	0.0	-0.06981317007977318	10.0	25.0	2.73010799319497	0.5555555555555556	0.0	17.87524342768964	22.503894843034224	1.6829104419983718	0.2777777777777778	0.0	
26.0	24.0	-2.593146225387735	0.0	-0.06981317007977318	10.0	25.0	2.73010799319497	0.5555555555555556	0.0	13.812865141534457	21.755842264551333	1.508377516798939	0.5555555555555556	0.0	
34.0	28.0	-2.8432328577673305	0.0	-0.15707963267948966	20.0	25.0	3.003620136413673	1.9444444444444444	0.0	20.419058177461746	23.04439517184518	1.6946231974179264	0.2777777777777778	0.0	
34.0	28.0	-2.8432328577673305	0.0	-0.15707963267948966	20.0	25.0	3.003620136413673	1.9444444444444444	0.0	24.338116354923493	21.838790343690363	1.9564225852170756	1.1111111111111112	0.0	
34.0	28.0	-2.8432328577673305	0.0	-0.15707963267948966	20.0	25.0	3.003620136413673	1.9444444444444444	0.0	31.547645443654368	22.360987929612953	1.9564225852170756	0.2777777777777778	0.0	
34.0	28.0	-2.8432328577673305	0.0	-0.15707963267948966	20.0	25.0	3.003620136413673	1.9444444444444444	0.0	31.338116354923493	23.338790343690363	1.60735673481821	1.1111111111111112	0.0	
14.0	31.0	-2.291790662243076	0.0	0.10471975511965977	5.0	25.0	-2.9026559004410917	1.1111111111111112	0.0	6.664100588675687	22.50384911698647	2.3333318555418963	0.2777777777777778	0.0	
14.0	31.0	-2.291790662243076	0.0	0.10471975511965977	5.0	25.0	-2.9026559004410917	1.1111111111111112	0.0	6.109400392450458	23.335899411324313	2.071532467742747	0.5555555555555556	0.0	
14.0	31.0	-2.291790662243076	0.0	0.10471975511965977	5.0	25.0	-2.9026559004410917	1.1111111111111112	0.0	6.109400392450458	23.335899411324313	2.24606539294218	0.5555555555555556	0.0	
14.0	31.0	-2.291790662243076	0.0	0.10471975511965977	5.0	25.0	-2.9026559004410917	1.1111111111111112	0.0	10.023500981126144	22.339748528310782	2.24606539294218	0.5555555555555556	0.0	
10.0	24.0	0.5550393023117977	0.0	0.05235987755982988	25.0	30.0	-0.055825935886217426	2.2222222222222223	0.0	23.88582797093769	32.78543007265578	-1.277556412282248	0.2777777777777778	0.0	
10.0	24.0	0.5550393023117977	0.0	0.05235987755982988	25.0	30.0	-0.055825935886217426	2.2222222222222223	0.0	12.635827970937688	28.285430072655778	-1.3648228748819644	0.5555555555555556	0.0	
10.0	24.0	0.5550393023117977	0.0	0.05235987755982988	25.0	30.0	-0.055825935886217426	2.2222222222222223	0.0	16.757218647291793	28.85695338177052	-1.1902899496825317	0.5555555555555556	0.0	
10.0	24.0	0.5550393023117977	0.0	0.05235987755982988	25.0	30.0	-0.055825935886217426	2.2222222222222223	0.0	23.88582797093769	32.78543007265578	-1.3648228748819644	0.5555555555555556	0.0	
15.0	24.0	1.303676364402702	0.0	0.12217304763960307	28.0	33.0	-0.005320574593045357	2.5	0.0	25.723160084678767	36.28876876657512	-1.0525181257896428	0.5555555555555556	0.0	
15.0	24.0	1.303676364402702	0.0	0.12217304763960307	28.0	33.0	-0.005320574593045357	2.5	0.0	26.292370063509075	35.46657657493134	-0.7907187379904936	0.8333333333333333	0.0	
15.0	24.0	1.303676364402702	0.0	0.12217304763960307	28.0	33.0	-0.005320574593045357	2.5	0.0	15.403950105848459	30.360960958218893	-0.87798520059021	1.1111111111111112	0.0	
15.0	24.0	1.303676364402702	0.0	0.12217304763960307	28.0	33.0	-0.005320574593045357	2.5	0.0	17.111580042339384	27.89438438328756	-0.7907187379904936	0.2777777777777778	0.0	
13.0	28.0	-1.0303768265243125	0.0	-0.017453292519943295	25.0	25.0	0.2786201124714349	0.5555555555555556	0.0	16.970142500145332	31.13057000058133	-1.9903079151211935	1.1111111111111112	0.0	
13.0	28.0	-1.0303768265243125	0.0	-0.017453292519943295	25.0	25.0	0.2786201124714349	0.5555555555555556	0.0	23.212678125181665	30.600712500726658	-1.641242064722328	0.5555555555555556	0.0	
13.0	28.0	-1.0303768265243125	0.0	-0.017453292519943295	25.0	25.0	0.2786201124714349	0.5555555555555556	0.0	20.212678125181665	31.350712500726658	-1.9903079151211935	1.3888888888888888	0.0	
13.0	28.0	-1.0303768265243125	0.0	-0.017453292519943295	25.0	25.0	0.2786201124714349	0.5555555555555556	0.0	16.970142500145332	31.13057000058133	-1.9030414525214772	1.1111111111111112	0.0	
17.0	36.0	-0.9370684539464333	0.0	-0.12217304763960307	19.0	26.0	-2.1587989303424644	0.0	0.0	20.94174202707276	31.58834840541455	-3.031463556339629	0.2777777777777778	0.0	
17.0	36.0	-0.9370684539464333	0.0	-0.12217304763960307	19.0	26.0	-2.1587989303424644	0.0	0.0	20.44174202707276	34.08834840541455	-3.1187300189393454	0.5555555555555556	0.0	
17.0	36.0	-0.9370684539464333	0.0	-0.12217304763960307	19.0	26.0	-2.1587989303424644	0.0	0.0	22.92232270276368	26.784464540552733	-2.76966416854048	0.8333333333333333	0.0	
17.0	36.0	-0.9370684539464333	0.0	-0.12217304763960307	19.0	26.0	-2.1587989303424644	0.0	0.0	21.92232270276368	31.784464540552733	-2.9441970937399127	0.8333333333333333	0.0	
17.0	25.0	-0.23893675314870144	0.0	-0.06981317007977318	27.0	27.0	1.070060185847046	2.5	0.0	19.107767729723633	27.46116135138184	-1.3734007669450161	0.2777777777777778	0.0	
17.0	25.0	-0.23893675314870144	0.0	-0.06981317007977318	27.0	27.0	1.070060185847046	2.5	0.0	26.41165159458545	29.94174202707276	-1.4606672295447325	0.2777777777777778	0.0	
17.0	25.0	-0.23893675314870144	0.0	-0.06981317007977318	27.0	27.0	1.070060185847046	2.5	0.0	26.01941932430908	31.902903378454603	-1.4606672295447325	1.3888888888888888	0.0	
17.0	25.0	-0.23893675314870144	0.0	-0.06981317007977318	27.0	27.0	1.070060185847046	2.5	0.0	26.01941932430908	31.902903378454603	-1.5479336921444489	1.1111111111111112	0.0	
16.0	32.0	-1.1659045405098132	0.0	0.017453292519943295	36.0	24.0	-0.4677728397120813	2.7777777777777777	0.0	37.856953381770516	28.642383454426295	-2.125835629106694	1.1111111111111112	0.0	
16.0	32.0	-1.1659045405098132	0.0	0.017453292519943295	36.0	24.0	-0.4677728397120813	2.7777777777777777	0.0	27.11417202906231	30.785430072655778	-1.864036241307545	0.5555555555555556	0.0	
16.0	32.0	-1.1659045405098132	0.0	0.017453292519943295	36.0	24.0	-0.4677728397120813	2.7777777777777777	0.0	22.11417202906231	32.78543007265578	-1.7767697787078287	0.5555555555555556	0.0	
16.0	32.0	-1.1659045405098132	0.0	0.017453292519943295	36.0	24.0	-0.4677728397120813	2.7777777777777777	0.0	37.856953381770516	28.642383454426295	-2.038569166506978	1.1111111111111112	0.0	
17.0	30.0	-0.018107983419353157	0.0	-0.017453292519943295	30.0	25.0	-0.9780390720162346	0.2777777777777778	0.0	20.967958158617737	30.61669121240612	-2.025236623212832	0.5555555555555556	0.0	
17.0	30.0	-0.018107983419353157	0.0	-0.017453292519943295	30.0	25.0	-0.9780390720162346	0.2777777777777778	0.0	24.576937237926607	30.30003681860918	-2.025236623212832	0.8333333333333333	0.0	
17.0	30.0	-0.018107983419353157	0.0	-0.017453292519943295	30.0	25.0	-0.9780390720162346	0.2777777777777778	0.0	27.467958158617737	28.11669121240612	-1.8507036980133993	0.5555555555555556	0.0	
17.0	30.0	-0.018107983419353157	0.0	-0.017453292519943295	30.0	25.0	-0.9780390720162346	0.2777777777777778	0.0	31.794895396544344	29.666728031015296	-1.763437235413683	0.8333333333333333	0.0	
13.0	35.0	-1.0427448898448217	0.0	0.017453292519943295	27.0	27.0	0.0044526613517756886	2.2222222222222223	0.0	20.99227787671367	32.73648628424892	-2.0026759784417028	0.5555555555555556	0.0	
13.0	35.0	-1.0427448898448217	0.0	0.017453292519943295	27.0	27.0	0.0044526613517756886	2.2222222222222223	0.0	17.9884168150705	35.604729426373375	-2.264475366240852	0.5555555555555556	0.0	
13.0	35.0	-1.0427448898448217	0.0	0.017453292519943295	27.0	27.0	0.0044526613517756886	2.2222222222222223	0.0	29.480694691784166	31.341215710622297	-2.089942441041419	0.5555555555555556	0.0	
13.0	35.0	-1.0427448898448217	0.0	0.017453292519943295	27.0	27.0	0.0044526613517756886	2.2222222222222223	0.0	20.99227787671367	32.73648628424892	-2.1772089036411355	0.5555555555555556	0.0	
33.0	24.0	2.1102727654062274	0.0	0.03490658503988659	8.0	28.0	2.3720721532053766	1.9444444444444444	0.0	25.960047494466632	20.062796840416475	1.499407527208211	1.3888888888888888	0.0	
33.0	24.0	2.1102727654062274	0.0	0.03490658503988659	8.0	28.0	2.3720721532053766	1.9444444444444444	0.0	13.77602849667998	24.037678104249885	1.499407527208211	0.2777777777777778	0.0	
33.0	24.0	2.1102727654062274	0.0	0.03490658503988659	8.0	28.0	2.3720721532053766	1.9444444444444444	0.0	25.960047494466632	20.062796840416475	1.3248746020087783	1.1111111111111112	0.0	
33.0	24.0	2.1102727654062274	0.0	0.03490658503988659	8.0	28.0	2.3720721532053766	1.9444444444444444	0.0	13.460047494466634	22.062796840416475	1.5866739898079274	0.2777777777777778	0.0	
21.0	37.0	-2.0715324677427476	0.0	-0.017453292519943295	23.0	27.0	-0.6752690661472842	1.9444444444444444	0.0	26.402903378454603	35.480580675690916	-3.031463556339629	0.8333333333333333	0.0	
21.0	37.0	-2.0715324677427476	0.0	-0.017453292519943295	23.0	27.0	-0.6752690661472842	1.9444444444444444	0.0	26.902903378454603	32.980580675690916	-2.76966416854048	1.3888888888888888	0.0	
21.0	37.0	-2.0715324677427476	0.0	-0.017453292519943295	23.0	27.0	-0.6752690661472842	1.9444444444444444	0.0	25.94174202707276	27.58834840541455	-2.8569306311401963	0.5555555555555556	0.0	
21.0	37.0	-2.0715324677427476	0.0	-0.017453292519943295	23.0	27.0	-0.6752690661472842	1.9444444444444444	0.0	25.94174202707276	27.58834840541455	-3.031463556339629	0.5555555555555556	0.0	
8.0	5.0	0.941521115298209	0.0	0.0	37.0	7.0	0.33065587710019395	0.0	0.0	14.974791633538489	9.490521313691932	-1.4146733748941358	1.1111111111111112	0.0	
8.0	5.0	0.941521115298209	0.0	0.0	37.0	7.0	0.33065587710019395	0.0	0.0	22.293593725153865	8.99289098526895	-1.3274069122944194	0.2777777777777778	0.0	
8.0	5.0	0.941521115298209	0.0	0.0	37.0	7.0	0.33065587710019395	0.0	0.0	22.293593725153865	8.99289098526895	-1.4146733748941358	0.8333333333333333	0.0	
8.0	5.0	0.941521115298209	0.0	0.0	37.0	7.0	0.33065587710019395	0.0	0.0	36.79359372515387	9.99289098526895	-1.5019398374938522	0.2777777777777778	0.0	
22.0	37.0	-0.6708164047955081	0.0	-0.05235987755982988	29.0	23.0	-1.4562145681929564	0.5555555555555556	0.0	27.327708763999663	35.28885438199983	-2.5906785819892706	0.8333333333333333	0.0	
22.0	37.0	-0.6708164047955081	0.0	-0.05235987755982988	29.0	23.0	-1.4562145681929564	0.5555555555555556	0.0	26.433281572999746	34.84164078649987	-2.5906785819892706	0.8333333333333333	0.0	
22.0	37.0	-0.6708164047955081	0.0	-0.05235987755982988	29.0	23.0	-1.4562145681929564	0.5555555555555556	0.0	27.288854381999833	30.894427190999917	-2.8524779697884197	0.2777777777777778	0.0	
22.0	37.0	-0.6708164047955081	0.0	-0.05235987755982988	29.0	23.0	-1.4562145681929564	0.5555555555555556	0.0	28.22213595499958	35.736067977499786	-2.7652115071887033	1.1111111111111112	0.0	
29.0	24.0	-2.602034880177068	0.0	-0.017453292519943295	15.0	25.0	2.4594199506064873	1.9444444444444444	0.0	25.286258850036273	21.257623900507795	1.41222239940989	0.8333333333333333	0.0	
29.0	24.0	-2.602034880177068	0.0	-0.017453292519943295	15.0	25.0	2.4594199506064873	1.9444444444444444	0.0	18.35750590002418	22.75508260033853	1.4994888620096063	0.2777777777777778	0.0	
29.0	24.0	-2.602034880177068	0.0	-0.017453292519943295	15.0	25.0	2.4594199506064873	1.9444444444444444	0.0	18.286258850036273	21.757623900507795	1.5867553246093227	0.8333333333333333	0.0	
29.0	24.0	-2.602034880177068	0.0	-0.017453292519943295	15.0	25.0	2.4594199506064873	1.9444444444444444	0.0	21.715011800048362	20.51016520067706	1.41222239940989	1.1111111111111112	0.0	
18.0	6.0	0.07645143780345443	0.0	0.08726646259971647	34.0	3.0	-0.4471473377948443	0.5555555555555556	0.0	34.36857707010037	4.9657443738686435	-1.5816113515911585	0.5555555555555556	0.0	
18.0	6.0	0.07645143780345443	0.0	0.08726646259971647	34.0	3.0	-0.4471473377948443	0.5555555555555556	0.0	26.368577070100372	6.4657443738686435	-1.7561442767905913	0.2777777777777778	0.0	
18.0	6.0	0.07645143780345443	0.0	0.08726646259971647	34.0	3.0	-0.4471473377948443	0.5555555555555556	0.0	26.552865605150558	7.448616560802966	-1.6688778141908749	0.2777777777777778	0.0	
18.0	6.0	0.07645143780345443	0.0	0.08726646259971647	34.0	3.0	-0.4471473377948443	0.5555555555555556	0.0	26.73715414020074	8.431488747737287	-1.6688778141908749	0.2777777777777778	0.0	
22.0	31.0	-2.7150335765360323	0.0	-0.15707963267948966	5.0	25.0	2.9572864924455384	1.3888888888888888	0.0	6.664100588675686	20.28504833208555	1.7355560160495083	1.3888888888888888	0.0	
22.0	31.0	-2.7150335765360323	0.0	-0.15707963267948966	5.0	25.0	2.9572864924455384	1.3888888888888888	0.0	6.331280470940549	21.228038665668443	2.0846218664483738	1.1111111111111112	0.0	
22.0	31.0	-2.7150335765360323	0.0	-0.15707963267948966	5.0	25.0	2.9572864924455384	1.3888888888888888	0.0	18.415640235470274	27.61401933283422	1.910088941248941	0.2777777777777778	0.0	
22.0	31.0	-2.7150335765360323	0.0	-0.15707963267948966	5.0	25.0	2.9572864924455384	1.3888888888888888	0.0	15.164100588675687	23.28504833208555	1.9973554038486574	1.1111111111111112	0.0	
24.0	37.0	-2.36031972090362	0.0	-0.15707963267948966	25.0	25.0	-1.400388632306739	0.8333333333333333	0.0	27.98963727473464	25.24913643956122	3.0502009602788016	0.5555555555555556	0.0	
24.0	37.0	-2.36031972090362	0.0	-0.15707963267948966	25.0	25.0	-1.400388632306739	0.8333333333333333	0.0	29.9827287912244	25.4152273992687	-2.9711849591016355	0.2777777777777778	0.0	
24.0	37.0	-2.36031972090362	0.0	-0.15707963267948966	25.0	25.0	-1.400388632306739	0.8333333333333333	0.0	28.48618303297952	31.33218191941496	3.0502009602788016	0.2777777777777778	0.0	
24.0	37.0	-2.36031972090362	0.0	-0.15707963267948966	25.0	25.0	-1.400388632306739	0.8333333333333333	0.0	27.73963727473464	28.24913643956122	-3.058451421701352	0.2777777777777778	0.0	
11.0	3.0	-0.33537727029352826	0.0	-0.17453292519943295	32.0	7.0	0.8863532061025028	0.8333333333333333	0.0	26.37577578422001	7.964677132844949	-1.2953083588904093	0.5555555555555556	0.0	
11.0	3.0	-0.33537727029352826	0.0	-0.17453292519943295	32.0	7.0	0.8863532061025028	0.8333333333333333	0.0	31.438663676330016	9.947015699267425	-1.3825748214901257	0.8333333333333333	0.0	
11.0	3.0	-0.33537727029352826	0.0	-0.17453292519943295	32.0	7.0	0.8863532061025028	0.8333333333333333	0.0	31.62577578422001	8.96467713284495	-1.5571077466895584	0.2777777777777778	0.0	
11.0	3.0	-0.33537727029352826	0.0	-0.17453292519943295	32.0	7.0	0.8863532061025028	0.8333333333333333	0.0	25.814439460550023	10.911692832112374	-1.3825748214901257	1.1111111111111112	0.0	
21.0	37.0	-2.6526772789802693	0.0	0.13962634015954636	12.0	27.0	-1.692746190383388	0.0	0.0	18.729882438741498	29.99310580513265	2.4960440144030027	0.2777777777777778	0.0	
21.0	37.0	-2.6526772789802693	0.0	0.13962634015954636	12.0	27.0	-1.692746190383388	0.0	0.0	19.473176584988664	29.3241410735102	2.4960440144030027	0.2777777777777778	0.0	
21.0	37.0	-2.6526772789802693	0.0	0.13962634015954636	12.0	27.0	-1.692746190383388	0.0	0.0	20.236588292494332	33.1620705367551	2.32151108920357	0.5555555555555556	0.0	
21.0	37.0	-2.6526772789802693	0.0	0.13962634015954636	12.0	27.0	-1.692746190383388	0.0	0.0	16.479882438741498	27.49310580513265	2.32151108920357	0.8333333333333333	0.0	
28.0	24.0	2.5745429825999633	0.0	-0.10471975511965977	5.0	25.0	-2.748711235982741	2.2222222222222223	0.0	22.032813878618466	19.254719208224703	1.7018783566027986	0.5555555555555556	0.0	
28.0	24.0	2.5745429825999633	0.0	-0.10471975511965977	5.0	25.0	-2.748711235982741	2.2222222222222223	0.0	22.076251102894773	20.253775366579763	1.6146118940030822	0.2777777777777778	0.0	
28.0	24.0	2.5745429825999633	0.0	-0.10471975511965977	5.0	25.0	-2.748711235982741	2.2222222222222223	0.0	16.36968832717108	21.50283152493482	1.6146118940030822	0.2777777777777778	0.0	
28.0	24.0	2.5745429825999633	0.0	-0.10471975511965977	5.0	25.0	-2.748711235982741	2.2222222222222223	0.0	4.782813878618466	20.004719208224703	1.4400789688036495	1.3888888888888888	0.0	
7.0	5.0	0.048823872578528604	0.0	-0.17453292519943295	33.0	4.0	0.39788972297739456	1.9444444444444444	0.0	20.192165610506024	9.496305873156572	-1.7837718420155175	0.5555555555555556	0.0	
7.0	5.0	0.048823872578528604	0.0	-0.17453292519943295	33.0	4.0	0.39788972297739456	1.9444444444444444	0.0	26.65373248840482	8.247044698525258	-1.5219724542163684	0.8333333333333333	0.0	
7.0	5.0	0.048823872578528604	0.0	-0.17453292519943295	33.0	4.0	0.39788972297739456	1.9444444444444444	0.0	33.15373248840482	7.997044698525257	-1.6092389168160848	0.8333333333333333	0.0	
7.0	5.0	0.048823872578528604	0.0	-0.17453292519943295	33.0	4.0	0.39788972297739456	1.9444444444444444	0.0	13.653732488404819	8.747044698525258	-1.6965053794158012	0.2777777777777778	0.0	
32.0	3.0	2.7925268031909276	0.0	0.10471975511965977	10.0	3.0	-2.879793265790644	2.2222222222222223	0.0	15.5	1.0	1.658062789394613	0.2777777777777778	0.0	
32.0	3.0	2.7925268031909276	0.0	0.10471975511965977	10.0	3.0	-2.879793265790644	2.2222222222222223	0.0	26.5	1.0	1.3962634015954638	0.2777777777777778	0.0	
32.0	3.0	2.7925268031909276	0.0	0.10471975511965977	10.0	3.0	-2.879793265790644	2.2222222222222223	0.0	15.5	1.0	1.4835298641951802	0.5555555555555556	0.0	
32.0	3.0	2.7925268031909276	0.0	0.10471975511965977	10.0	3.0	-2.879793265790644	2.2222222222222223	0.0	15.5	-2.0	1.3962634015954638	0.5555555555555556	0.0	
9.0	24.0	-0.43633231299858233	0.0	0.13962634015954636	32.0	24.0	-0.08726646259971638	1.3888888888888888	0.0	20.5	29.0	-1.5707963267948966	0.5555555555555556	0.0	
9.0	24.0	-0.43633231299858233	0.0	0.13962634015954636	32.0	24.0	-0.08726646259971638	1.3888888888888888	0.0	14.75	26.0	-1.7453292519943293	0.2777777777777778	0.0	
9.0	24.0	-0.43633231299858233	0.0	0.13962634015954636	32.0	24.0	-0.08726646259971638	1.3888888888888888	0.0	32.0	26.0	-1.3962634015954638	0.2777777777777778	0.0	
9.0	24.0	-0.43633231299858233	0.0	0.13962634015954636	32.0	24.0	-0.08726646259971638	1.3888888888888888	0.0	20.5	26.0	-1.7453292519943293	0.2777777777777778	0.0	
36.0	3.0	2.4539555241219997	0.0	-0.13962634015954636	10.0	5.0	-2.956565157060421	0.5555555555555556	0.0	9.76991050334579	2.008836543495255	1.319491510325686	0.2777777777777778	0.0	
36.0	3.0	2.4539555241219997	0.0	-0.13962634015954636	10.0	5.0	-2.956565157060421	0.5555555555555556	0.0	22.616517505576315	-0.9852724275079083	1.581290898124835	0.8333333333333333	0.0	
36.0	3.0	2.4539555241219997	0.0	-0.13962634015954636	10.0	5.0	-2.956565157060421	0.5555555555555556	0.0	22.76991050334579	1.008836543495255	1.4067579729254023	0.2777777777777778	0.0	
36.0	3.0	2.4539555241219997	0.0	-0.13962634015954636	10.0	5.0	-2.956565157060421	0.5555555555555556	0.0	9.76991050334579	2.008836543495255	1.319491510325686	0.5555555555555556	0.0	
9.0	26.0	0.4360374661836235	0.0	-0.12217304763960307	20.0	30.0	0.17423807838447392	1.9444444444444444	0.0	19.31651387382659	31.879586846976874	-1.1347588606112726	0.2777777777777778	0.0	
9.0	26.0	0.4360374661836235	0.0	-0.12217304763960307	20.0	30.0	0.17423807838447392	1.9444444444444444	0.0	10.38302774765318	30.75917369395375	-1.1347588606112726	1.1111111111111112	0.0	
9.0	26.0	0.4360374661836235	0.0	-0.12217304763960307	20.0	30.0	0.17423807838447392	1.9444444444444444	0.0	10.724770810739885	29.81938027046531	-1.3092917858107054	0.8333333333333333	0.0	
9.0	26.0	0.4360374661836235	0.0	-0.12217304763960307	20.0	30.0	0.17423807838447392	1.9444444444444444	0.0	16.224770810739884	31.81938027046531	-1.0474923980115562	0.2777777777777778	0.0	
8.0	26.0	0.08726646259971638	0.0	0.0	29.0	26.0	-0.5235987755982987	1.6666666666666665	0.0	13.25	31.0	-1.4835298641951802	0.8333333333333333	0.0	
8.0	26.0	0.08726646259971638	0.0	0.0	29.0	26.0	-0.5235987755982987	1.6666666666666665	0.0	23.75	31.0	-1.7453292519943293	0.8333333333333333	0.0	
8.0	26.0	0.08726646259971638	0.0	0.0	29.0	26.0	-0.5235987755982987	1.6666666666666665	0.0	13.25	29.0	-1.658062789394613	0.2777777777777778	0.0	
8.0	26.0	0.08726646259971638	0.0	0.0	29.0	26.0	-0.5235987755982987	1.6666666666666665	0.0	23.75	31.0	-1.5707963267948966	1.1111111111111112	0.0	
36.0	27.0	-2.553567038565941	0.0	0.05235987755982988	5.0	25.0	-2.204501188167075	1.9444444444444444	0.0	12.943146833993895	22.506224073094625	1.8097560914198834	0.5555555555555556	0.0	
36.0	27.0	-2.553567038565941	0.0	0.05235987755982988	5.0	25.0	-2.204501188167075	1.9444444444444444	0.0	5.193146833993896	22.006224073094625	1.6352231662204506	0.8333333333333333	0.0	
36.0	27.0	-2.553567038565941	0.0	0.05235987755982988	5.0	25.0	-2.204501188167075	1.9444444444444444	0.0	5.321911389989825	20.01037345515771	1.5479567036207342	1.3888888888888888	0.0	
36.0	27.0	-2.553567038565941	0.0	0.05235987755982988	5.0	25.0	-2.204501188167075	1.9444444444444444	0.0	13.071911389989825	20.51037345515771	1.722489628820167	0.5555555555555556	0.0	
25.0	32.0	-2.2339274878473647	0.0	0.03490658503988659	9.0	22.0	-1.7975951748487824	2.5	0.0	22.05999788000636	27.804003391989824	2.216662104738175	0.5555555555555556	0.0	
25.0	32.0	-2.2339274878473647	0.0	0.03490658503988659	9.0	22.0	-1.7975951748487824	2.5	0.0	19.6499947000159	22.76000847997456	2.216662104738175	1.3888888888888888	0.0	
25.0	32.0	-2.2339274878473647	0.0	0.03490658503988659	9.0	22.0	-1.7975951748487824	2.5	0.0	23.11999576001272	26.108006783979647	2.1293956421384586	0.8333333333333333	0.0	
25.0	32.0	-2.2339274878473647	0.0	0.03490658503988659	9.0	22.0	-1.7975951748487824	2.5	0.0	15.11999576001272	21.108006783979647	2.1293956421384586	0.5555555555555556	0.0	
5.0	26.0	0.08606946654790804	0.0	0.0	20.0	30.0	0.435135316946774	0.8333333333333333	0.0	11.984674698879335	29.932469879202493	-1.135661009848123	0.5555555555555556	0.0	
5.0	26.0	0.08606946654790804	0.0	0.0	20.0	30.0	0.435135316946774	0.8333333333333333	0.0	7.719349397758672	30.864939758404986	-1.135661009848123	0.2777777777777778	0.0	
5.0	26.0	0.08606946654790804	0.0	0.0	20.0	30.0	0.435135316946774	0.8333333333333333	0.0	7.719349397758672	30.864939758404986	-1.2229274724478394	0.2777777777777778	0.0	
5.0	26.0	0.08606946654790804	0.0	0.0	20.0	30.0	0.435135316946774	0.8333333333333333	0.0	15.477012048319004	31.89870481880374	-1.135661009848123	0.5555555555555556	0.0	
6.0	6.0	-0.6981317007977319	0.0	-0.08726646259971647	27.0	6.0	0.34906585039886595	0.0	0.0	16.5	10.0	-1.3962634015954638	0.2777777777777778	0.0	
6.0	6.0	-0.6981317007977319	0.0	-0.08726646259971647	27.0	6.0	0.34906585039886595	0.0	0.0	16.5	11.0	-1.4835298641951802	0.8333333333333333	0.0	
6.0	6.0	-0.6981317007977319	0.0	-0.08726646259971647	27.0	6.0	0.34906585039886595	0.0	0.0	16.5	10.0	-1.7453292519943293	1.1111111111111112	0.0	
6.0	6.0	-0.6981317007977319	0.0	-0.08726646259971647	27.0	6.0	0.34906585039886595	0.0	0.0	21.75	10.0	-1.4835298641951802	0.2777777777777778	0.0	
32.0	4.0	-2.8401099064679105	0.0	0.05235987755982988	11.0	5.0	-3.0146428316673433	1.1111111111111112	0.0	16.107304551753653	1.753395586826687	1.61047968611763	0.5555555555555556	0.0	
32.0	4.0	-2.8401099064679105	0.0	0.05235987755982988	11.0	5.0	-3.0146428316673433	1.1111111111111112	0.0	10.857304551753653	2.003395586826687	1.4359467609181973	0.2777777777777778	0.0	
32.0	4.0	-2.8401099064679105	0.0	0.05235987755982988	11.0	5.0	-3.0146428316673433	1.1111111111111112	0.0	26.559739402338206	0.25452744910224956	1.6977461487173464	0.2777777777777778	0.0	
32.0	4.0	-2.8401099064679105	0.0	0.05235987755982988	11.0	5.0	-3.0146428316673433	1.1111111111111112	0.0	21.309739402338206	0.5045274491022496	1.348680298318481	0.5555555555555556	0.0	
6.0	22.0	0.15167029054898507	0.0	-0.03490658503988659	24.0	34.0	1.1988678417455834	0.2777777777777778	0.0	7.726499018873858	29.16025147168922	-0.9827937232473296	1.1111111111111112	0.0	
6.0	22.0	0.15167029054898507	0.0	-0.03490658503988659	24.0	34.0	1.1988678417455834	0.2777777777777778	0.0	22.335899411324313	36.496150883013534	-1.070060185847046	0.5555555555555556	0.0	
6.0	22.0	0.15167029054898507	0.0	-0.03490658503988659	24.0	34.0	1.1988678417455834	0.2777777777777778	0.0	21.781199215099086	37.328201177351374	-0.8082607980478969	0.8333333333333333	0.0	
6.0	22.0	0.15167029054898507	0.0	-0.03490658503988659	24.0	34.0	1.1988678417455834	0.2777777777777778	0.0	21.781199215099086	37.328201177351374	-0.8082607980478969	0.5555555555555556	0.0	
37.0	4.0	-3.019857089990569	0.0	0.12217304763960307	8.0	3.0	-2.9325906273908524	0.2777777777777778	0.0	8.172311379198895	-1.997029996767938	1.6052654277944045	0.8333333333333333	0.0	
37.0	4.0	-3.019857089990569	0.0	0.12217304763960307	8.0	3.0	-2.9325906273908524	0.2777777777777778	0.0	22.672311379198895	-1.497029996767938	1.5179989651946881	0.2777777777777778	0.0	
37.0	4.0	-3.019857089990569	0.0	0.12217304763960307	8.0	3.0	-2.9325906273908524	0.2777777777777778	0.0	8.172311379198895	-1.997029996767938	1.4307325025949718	0.8333333333333333	0.0	
37.0	4.0	-3.019857089990569	0.0	0.12217304763960307	8.0	3.0	-2.9325906273908524	0.2777777777777778	0.0	8.103386827519337	0.0017820019392376096	1.6925318903941209	0.8333333333333333	0.0	
33.0	23.0	-2.5147684175773515	0.0	0.05235987755982988	5.0	25.0	2.8084858010053537	2.5	0.0	18.786258850036273	21.007623900507795	1.4994888620096063	0.5555555555555556	0.0	
33.0	23.0	-2.5147684175773515	0.0	0.05235987755982988	5.0	25.0	2.8084858010053537	2.5	0.0	4.857505900024181	23.00508260033853	1.4994888620096063	0.5555555555555556	0.0	
33.0	23.0	-2.5147684175773515	0.0	0.05235987755982988	5.0	25.0	2.8084858010053537	2.5	0.0	18.643764750060452	19.012706500846324	1.41222239940989	0.2777777777777778	0.0	
33.0	23.0	-2.5147684175773515	0.0	0.05235987755982988	5.0	25.0	2.8084858010053537	2.5	0.0	4.786258850036272	22.007623900507795	1.3249559368101735	0.8333333333333333	0.0	
33.0	24.0	2.803021374520865	0.0	-0.12217304763960307	20.0	25.0	-2.7820322318609882	2.5	0.0	19.76991050334579	22.008836543495256	1.6685573607245514	0.2777777777777778	0.0	
33.0	24.0	2.803021374520865	0.0	-0.12217304763960307	20.0	25.0	-2.7820322318609882	2.5	0.0	22.866517505576315	19.76472757249209	1.4067579729254023	0.5555555555555556	0.0	
33.0	24.0	2.803021374520865	0.0	-0.12217304763960307	20.0	25.0	-2.7820322318609882	2.5	0.0	19.846607002230527	23.005891028996835	1.4067579729254023	0.2777777777777778	0.0	
33.0	24.0	2.803021374520865	0.0	-0.12217304763960307	20.0	25.0	-2.7820322318609882	2.5	0.0	19.76991050334579	22.008836543495256	1.319491510325686	0.5555555555555556	0.0	
6.0	3.0	-0.16684768145639328	0.0	0.08726646259971647	27.0	5.0	-0.4286470692555424	1.6666666666666665	0.0	21.46557272211601	7.486486417781856	-1.3885781578524234	0.5555555555555556	0.0	
6.0	3.0	-0.16684768145639328	0.0	0.08726646259971647	27.0	5.0	-0.4286470692555424	1.6666666666666665	0.0	16.21557272211601	6.986486417781856	-1.6503775456515726	0.5555555555555556	0.0	
6.0	3.0	-0.16684768145639328	0.0	0.08726646259971647	27.0	5.0	-0.4286470692555424	1.6666666666666665	0.0	16.31038181474401	5.990990945187904	-1.5631110830518562	0.2777777777777778	0.0	
6.0	3.0	-0.16684768145639328	0.0	0.08726646259971647	27.0	5.0	-0.4286470692555424	1.6666666666666665	0.0	10.870763629488017	7.481981890375808	-1.4758446204521398	0.5555555555555556	0.0	
36.0	28.0	3.0635335035729465	0.0	0.08726646259971647	5.0	25.0	2.8890005783735138	1.6666666666666665	0.0	12.94264838972038	23.7592999728894	1.49273717677805	0.2777777777777778	0.0	
36.0	28.0	3.0635335035729465	0.0	0.08726646259971647	5.0	25.0	2.8890005783735138	1.6666666666666665	0.0	20.78897258458057	23.5139499593341	1.5800036393777663	0.2777777777777778	0.0	
36.0	28.0	3.0635335035729465	0.0	0.08726646259971647	5.0	25.0	2.8890005783735138	1.6666666666666665	0.0	5.28897258458057	22.0139499593341	1.6672701019774827	0.8333333333333333	0.0	
36.0	28.0	3.0635335035729465	0.0	0.08726646259971647	5.0	25.0	2.8890005783735138	1.6666666666666665	0.0	13.03897258458057	22.7639499593341	1.5800036393777663	0.5555555555555556	0.0	
4.0	24.0	0.0624188099959575	0.0	0.0	20.0	25.0	0.23695173519539026	2.2222222222222223	0.0	7.688108569224097	29.240262892414442	-1.508377516798939	0.8333333333333333	0.0	
4.0	24.0	0.0624188099959575	0.0	0.0	20.0	25.0	0.23695173519539026	2.2222222222222223	0.0	11.812865141534457	27.494157735448667	-1.6829104419983718	0.8333333333333333	0.0	
4.0	24.0	0.0624188099959575	0.0	0.0	20.0	25.0	0.23695173519539026	2.2222222222222223	0.0	11.87524342768964	26.496105156965776	-1.5956439793986554	0.5555555555555556	0.0	
4.0	24.0	0.0624188099959575	0.0	0.0	20.0	25.0	0.23695173519539026	2.2222222222222223	0.0	15.812865141534457	27.744157735448667	-1.5956439793986554	0.5555555555555556	0.0	
29.0	26.0	2.748711235982742	0.0	0.017453292519943295	17.0	37.0	2.05057953518501	1.6666666666666665	0.0	14.297101485930614	34.05138343919703	0.828849058788979	0.5555555555555556	0.0	
29.0	26.0	2.748711235982742	0.0	0.017453292519943295	17.0	37.0	2.05057953518501	1.6666666666666665	0.0	24.648550742965305	27.275691719598516	0.6543161335895462	0.2777777777777778	0.0	
29.0	26.0	2.748711235982742	0.0	0.017453292519943295	17.0	37.0	2.05057953518501	1.6666666666666665	0.0	20.97282611444796	29.288537579397776	0.6543161335895462	0.5555555555555556	0.0	
29.0	26.0	2.748711235982742	0.0	0.017453292519943295	17.0	37.0	2.05057953518501	1.6666666666666665	0.0	18.648550742965305	32.77569171959852	0.6543161335895462	0.2777777777777778	0.0	
11.0	6.0	0.03468340098877487	0.0	-0.13962634015954636	30.0	5.0	0.12194986358849125	0.0	0.0	15.960235332491054	9.744471317330039	-1.623379388405838	0.2777777777777778	0.0	
11.0	6.0	0.03468340098877487	0.0	-0.13962634015954636	30.0	5.0	0.12194986358849125	0.0	0.0	25.40767649936829	8.245853487997529	-1.4488464632064053	0.8333333333333333	0.0	
11.0	6.0	0.03468340098877487	0.0	-0.13962634015954636	30.0	5.0	0.12194986358849125	0.0	0.0	30.105117666245526	6.997235658665019	-1.623379388405838	0.5555555555555556	0.0	
11.0	6.0	0.03468340098877487	0.0	-0.13962634015954636	30.0	5.0	0.12194986358849125	0.0	0.0	20.76279416561382	10.493089146662548	-1.5361129258061217	1.3888888888888888	0.0	
33.0	4.0	2.8440941531113193	0.0	0.13962634015954636	5.0	5.0	2.58229476531217	1.6666666666666665	0.0	11.821542347437939	-0.2468142717377475	1.6223636767152891	1.1111111111111112	0.0	
33.0	4.0	2.8440941531113193	0.0	0.13962634015954636	5.0	5.0	2.58229476531217	1.6666666666666665	0.0	25.928616938975175	2.2512742913049006	1.7096301393150055	0.2777777777777778	0.0	
33.0	4.0	2.8440941531113193	0.0	0.13962634015954636	5.0	5.0	2.58229476531217	1.6666666666666665	0.0	4.928616938975176	3.0012742913049006	1.7096301393150055	0.2777777777777778	0.0	
33.0	4.0	2.8440941531113193	0.0	0.13962634015954636	5.0	5.0	2.58229476531217	1.6666666666666665	0.0	11.821542347437939	-0.2468142717377475	1.5350972141155728	1.3888888888888888	0.0	
18.0	27.0	3.048284281011914	0.0	0.06981317007977318	4.0	22.0	-2.5367693253699404	0.8333333333333333	0.0	9.18168198499078	18.54129044202581	2.0010867298153165	0.8333333333333333	0.0	
18.0	27.0	3.048284281011914	0.0	0.06981317007977318	4.0	22.0	-2.5367693253699404	0.8333333333333333	0.0	8.845345587992625	19.48303235362065	2.088353192415033	0.5555555555555556	0.0	
18.0	27.0	3.048284281011914	0.0	0.06981317007977318	4.0	22.0	-2.5367693253699404	0.8333333333333333	0.0	15.172672793996313	23.866516176810325	1.9138202672156002	0.5555555555555556	0.0	
18.0	27.0	3.048284281011914	0.0	0.06981317007977318	4.0	22.0	-2.5367693253699404	0.8333333333333333	0.0	16.18168198499078	21.04129044202581	1.9138202672156002	1.1111111111111112	0.0	
