400
7.0	29.0	-0.910474493329327	0.0	0.017453292519943295	15.0	10.0	-1.2595403437281927	0.0	0.0	17.608176875690326	16.690285000290665	-2.5685372827239403	0.8333333333333333	0.0	
7.0	29.0	-0.910474493329327	0.0	0.017453292519943295	15.0	10.0	-1.2595403437281927	0.0	0.0	15.764906125414196	15.914171000174399	-2.6558037453236567	0.5555555555555556	0.0	
7.0	29.0	-0.910474493329327	0.0	0.017453292519943295	15.0	10.0	-1.2595403437281927	0.0	0.0	15.608176875690326	21.440285000290665	-2.6558037453236567	0.8333333333333333	0.0	
7.0	29.0	-0.910474493329327	0.0	0.017453292519943295	15.0	10.0	-1.2595403437281927	0.0	0.0	14.843270750276131	15.526114000116266	-2.917603133122806	0.2777777777777778	0.0	
4.0	25.0	-0.34906585039886595	0.0	-0.15707963267948966	30.0	25.0	0.0	1.9444444444444444	0.0	17.0	29.0	-1.3962634015954638	1.1111111111111112	0.0	
4.0	25.0	-0.34906585039886595	0.0	-0.15707963267948966	30.0	25.0	0.0	1.9444444444444444	0.0	30.0	29.0	-1.4835298641951802	0.8333333333333333	0.0	
4.0	25.0	-0.34906585039886595	0.0	-0.15707963267948966	30.0	25.0	0.0	1.9444444444444444	0.0	17.0	29.0	-1.4835298641951802	0.8333333333333333	0.0	
4.0	25.0	-0.34906585039886595	0.0	-0.15707963267948966	30.0	25.0	0.0	1.9444444444444444	0.0	17.0	30.0	-1.658062789394613	1.3888888888888888	0.0	
7.0	25.0	-1.4528211435919278	0.0	-0.05235987755982988	20.0	4.0	-0.9292223679936291	2.5	0.0	18.450530293375724	10.30270922923259	-2.5872851573882425	0.2777777777777778	0.0	
7.0	25.0	-1.4528211435919278	0.0	-0.05235987755982988	20.0	4.0	-0.9292223679936291	2.5	0.0	16.90106058675145	16.60541845846518	-2.7618180825876752	1.1111111111111112	0.0	
7.0	25.0	-1.4528211435919278	0.0	-0.05235987755982988	20.0	4.0	-0.9292223679936291	2.5	0.0	15.200530293375724	15.55270922923259	-2.7618180825876752	0.5555555555555556	0.0	
7.0	25.0	-1.4528211435919278	0.0	-0.05235987755982988	20.0	4.0	-0.9292223679936291	2.5	0.0	16.90106058675145	16.60541845846518	-2.5872851573882425	0.2777777777777778	0.0	
6.0	25.0	-0.7685774387251634	0.0	0.17453292519943295	15.0	10.0	-1.7285085273220444	2.7777777777777777	0.0	14.464985851425089	14.778991510855054	-2.775706078518642	0.2777777777777778	0.0	
6.0	25.0	-0.7685774387251634	0.0	0.17453292519943295	15.0	10.0	-1.7285085273220444	2.7777777777777777	0.0	12.53746462856272	23.822478777137633	-2.601173153319209	1.1111111111111112	0.0	
6.0	25.0	-0.7685774387251634	0.0	0.17453292519943295	15.0	10.0	-1.7285085273220444	2.7777777777777777	0.0	12.53746462856272	23.822478777137633	-2.775706078518642	0.8333333333333333	0.0	
6.0	25.0	-0.7685774387251634	0.0	0.17453292519943295	15.0	10.0	-1.7285085273220444	2.7777777777777777	0.0	15.322478777137633	15.293487266282579	-2.5139066907194927	0.8333333333333333	0.0	
26.0	8.0	-2.9747449721334	0.0	-0.10471975511965977	5.0	10.0	2.697575096848171	2.5	0.0	4.525954536860021	5.02252263703024	1.3885781578524234	0.8333333333333333	0.0	
26.0	8.0	-2.9747449721334	0.0	-0.10471975511965977	5.0	10.0	2.697575096848171	2.5	0.0	4.6207636294880166	6.018018109624192	1.3885781578524234	0.8333333333333333	0.0	
26.0	8.0	-2.9747449721334	0.0	-0.10471975511965977	5.0	10.0	2.697575096848171	2.5	0.0	4.6207636294880166	6.018018109624192	1.6503775456515726	0.5555555555555556	0.0	
26.0	8.0	-2.9747449721334	0.0	-0.10471975511965977	5.0	10.0	2.697575096848171	2.5	0.0	9.870763629488017	5.518018109624192	1.301311695252707	1.1111111111111112	0.0	
14.0	4.0	1.2193883657195368	0.0	0.10471975511965977	10.0	27.0	2.0920529917167014	2.5	0.0	8.02957649036065	26.657317650497504	0.25945727712265576	0.5555555555555556	0.0	
14.0	4.0	1.2193883657195368	0.0	0.10471975511965977	10.0	27.0	2.0920529917167014	2.5	0.0	7.0591529807213025	20.564635300995008	0.25945727712265576	0.8333333333333333	0.0	
14.0	4.0	1.2193883657195368	0.0	0.10471975511965977	10.0	27.0	2.0920529917167014	2.5	0.0	9.059152980721302	9.064635300995008	0.34672373972237214	1.1111111111111112	0.0	
14.0	4.0	1.2193883657195368	0.0	0.10471975511965977	10.0	27.0	2.0920529917167014	2.5	0.0	8.044364735540977	20.735976475746256	-0.0023421106764933697	0.2777777777777778	0.0	
20.0	26.0	-2.1897484618954284	0.0	0.08726646259971647	10.0	5.0	-1.3170838358982637	2.7777777777777777	0.0	12.708581556471792	3.710199258822956	2.871706368888127	0.2777777777777778	0.0	
20.0	26.0	-2.1897484618954284	0.0	0.08726646259971647	10.0	5.0	-1.3170838358982637	2.7777777777777777	0.0	16.11144207529572	8.530265678430608	2.697173443688694	0.5555555555555556	0.0	
20.0	26.0	-2.1897484618954284	0.0	0.08726646259971647	10.0	5.0	-1.3170838358982637	2.7777777777777777	0.0	21.11144207529572	19.03026567843061	2.697173443688694	1.1111111111111112	0.0	
20.0	26.0	-2.1897484618954284	0.0	0.08726646259971647	10.0	5.0	-1.3170838358982637	2.7777777777777777	0.0	12.708581556471792	3.710199258822956	2.5226405184892613	0.2777777777777778	0.0	
33.0	27.0	-3.0762097877942445	0.0	-0.10471975511965977	20.0	25.0	-3.0762097877942445	0.5555555555555556	0.0	26.804114368507882	24.023256604698766	1.810712117789878	0.2777777777777778	0.0	
33.0	27.0	-3.0762097877942445	0.0	-0.10471975511965977	20.0	25.0	-3.0762097877942445	0.5555555555555556	0.0	27.260285921269706	21.058141511746914	1.6361791925904452	0.2777777777777778	0.0	
33.0	27.0	-3.0762097877942445	0.0	-0.10471975511965977	20.0	25.0	-3.0762097877942445	0.5555555555555556	0.0	30.206171552761823	23.53488490704815	1.5489127299907288	0.2777777777777778	0.0	
33.0	27.0	-3.0762097877942445	0.0	-0.10471975511965977	20.0	25.0	-3.0762097877942445	0.5555555555555556	0.0	20.456171552761823	22.03488490704815	1.8979785803895943	0.5555555555555556	0.0	
14.0	15.0	-1.801155187880547	0.0	-0.017453292519943295	18.0	5.0	-0.7539576366839493	2.5	0.0	18.85695338177052	8.242781352708207	-2.8483527390771446	0.2777777777777778	0.0	
14.0	15.0	-1.801155187880547	0.0	-0.017453292519943295	18.0	5.0	-0.7539576366839493	2.5	0.0	20.713906763541036	8.985562705416415	-2.761086276477428	1.1111111111111112	0.0	
14.0	15.0	-1.801155187880547	0.0	-0.017453292519943295	18.0	5.0	-0.7539576366839493	2.5	0.0	22.642383454426295	6.856953381770518	-2.5865533512779955	0.8333333333333333	0.0	
14.0	15.0	-1.801155187880547	0.0	-0.017453292519943295	18.0	5.0	-0.7539576366839493	2.5	0.0	17.785430072655778	13.614172029062312	-2.935619201676861	0.2777777777777778	0.0	
8.0	9.0	0.28805379487743554	0.0	-0.15707963267948966	33.0	3.0	0.3753202574771519	2.5	0.0	21.200118857425974	8.917161905941551	-1.980874232715193	0.2777777777777778	0.0	
8.0	9.0	0.28805379487743554	0.0	-0.15707963267948966	33.0	3.0	0.3753202574771519	2.5	0.0	27.683491809901298	8.38954920792207	-1.6318083823163274	0.2777777777777778	0.0	
8.0	9.0	0.28805379487743554	0.0	-0.15707963267948966	33.0	3.0	0.3753202574771519	2.5	0.0	33.70011885742597	5.917161905941552	-1.7190748449160438	0.5555555555555556	0.0	
8.0	9.0	0.28805379487743554	0.0	-0.15707963267948966	33.0	3.0	0.3753202574771519	2.5	0.0	33.46674590495065	4.944774603961035	-1.8936077701154765	0.5555555555555556	0.0	
32.0	5.0	-2.879793265790644	0.0	0.13962634015954636	5.0	5.0	-2.617993877991495	0.8333333333333333	0.0	18.5	2.0	1.3962634015954638	0.8333333333333333	0.0	
32.0	5.0	-2.879793265790644	0.0	0.13962634015954636	5.0	5.0	-2.617993877991495	0.8333333333333333	0.0	18.5	0.0	1.7453292519943293	0.5555555555555556	0.0	
32.0	5.0	-2.879793265790644	0.0	0.13962634015954636	5.0	5.0	-2.617993877991495	0.8333333333333333	0.0	5.0	3.0	1.3962634015954638	0.5555555555555556	0.0	
32.0	5.0	-2.879793265790644	0.0	0.13962634015954636	5.0	5.0	-2.617993877991495	0.8333333333333333	0.0	18.5	2.0	1.7453292519943293	0.2777777777777778	0.0	
16.0	24.0	-1.2743135380069723	0.0	-0.03490658503988659	15.0	5.0	-1.7106458510055547	0.8333333333333333	0.0	16.99723565866502	4.894882333754473	-3.1069092526010182	0.5555555555555556	0.0	
16.0	24.0	-1.2743135380069723	0.0	-0.03490658503988659	15.0	5.0	-1.7106458510055547	0.8333333333333333	0.0	19.24447131733004	9.539764667508946	-3.019642790001302	0.2777777777777778	0.0	
16.0	24.0	-1.2743135380069723	0.0	-0.03490658503988659	15.0	5.0	-1.7106458510055547	0.8333333333333333	0.0	17.99585348799753	4.84232350063171	-3.019642790001302	0.8333333333333333	0.0	
16.0	24.0	-1.2743135380069723	0.0	-0.03490658503988659	15.0	5.0	-1.7106458510055547	0.8333333333333333	0.0	17.74723565866502	19.144882333754474	-3.019642790001302	0.2777777777777778	0.0	
17.0	18.0	-1.0253139543924301	0.0	0.06981317007977318	15.0	5.0	-2.2470444307884607	0.5555555555555556	0.0	20.441858488253086	7.489714078730295	2.8144103999950953	1.1111111111111112	0.0	
17.0	18.0	-1.0253139543924301	0.0	0.06981317007977318	15.0	5.0	-2.2470444307884607	0.5555555555555556	0.0	20.45348679060247	14.141771262984236	2.8144103999950953	0.8333333333333333	0.0	
17.0	18.0	-1.0253139543924301	0.0	0.06981317007977318	15.0	5.0	-2.2470444307884607	0.5555555555555556	0.0	17.96511509295185	4.543828447238177	2.8144103999950953	0.8333333333333333	0.0	
17.0	18.0	-1.0253139543924301	0.0	0.06981317007977318	15.0	5.0	-2.2470444307884607	0.5555555555555556	0.0	17.476743395301234	7.945885631492118	2.988943325194528	0.2777777777777778	0.0	
20.0	26.0	2.9463614295664673	0.0	0.03490658503988659	5.0	25.0	-2.81322510201482	1.3888888888888888	0.0	12.633038021047549	23.504429684286784	1.6373644905707199	0.2777777777777778	0.0	
20.0	26.0	2.9463614295664673	0.0	0.03490658503988659	5.0	25.0	-2.81322510201482	1.3888888888888888	0.0	5.266076042095095	21.008859368573564	1.7246309531704362	0.8333333333333333	0.0	
20.0	26.0	2.9463614295664673	0.0	0.03490658503988659	5.0	25.0	-2.81322510201482	1.3888888888888888	0.0	12.633038021047549	23.504429684286784	1.7246309531704362	0.2777777777777778	0.0	
20.0	26.0	2.9463614295664673	0.0	0.03490658503988659	5.0	25.0	-2.81322510201482	1.3888888888888888	0.0	5.266076042095095	21.008859368573564	1.5500980279710035	0.2777777777777778	0.0	
18.0	8.0	-3.138199228988764	0.0	0.08726646259971647	6.0	18.0	1.8359891391950747	1.1111111111111112	0.0	4.71963120067104	16.463557440805246	0.8760580505981936	0.2777777777777778	0.0	
18.0	8.0	-3.138199228988764	0.0	0.08726646259971647	6.0	18.0	1.8359891391950747	1.1111111111111112	0.0	11.799078001677602	6.658893602013119	0.7015251253987609	0.8333333333333333	0.0	
18.0	8.0	-3.138199228988764	0.0	0.08726646259971647	6.0	18.0	1.8359891391950747	1.1111111111111112	0.0	5.799078001677602	11.65889360201312	0.96332451319791	1.1111111111111112	0.0	
18.0	8.0	-3.138199228988764	0.0	0.08726646259971647	6.0	18.0	1.8359891391950747	1.1111111111111112	0.0	13.71963120067104	8.963557440805248	0.7887915879984773	0.2777777777777778	0.0	
34.0	3.0	2.945234289976564	0.0	-0.06981317007977318	16.0	10.0	2.3343690517785483	0.5555555555555556	0.0	23.55021495538021	2.7719813138348157	1.2871715005819508	0.8333333333333333	0.0	
34.0	3.0	2.945234289976564	0.0	-0.06981317007977318	16.0	10.0	2.3343690517785483	0.5555555555555556	0.0	14.187768694225259	5.33997664229352	1.2871715005819508	1.3888888888888888	0.0	
34.0	3.0	2.945234289976564	0.0	-0.06981317007977318	16.0	10.0	2.3343690517785483	0.5555555555555556	0.0	14.550214955380207	6.271981313834816	1.112638575382518	0.8333333333333333	0.0	
34.0	3.0	2.945234289976564	0.0	-0.06981317007977318	16.0	10.0	2.3343690517785483	0.5555555555555556	0.0	28.05021495538021	1.0219813138348157	1.112638575382518	0.8333333333333333	0.0	
5.0	36.0	-2.401818373693473	0.0	0.0	6.0	12.0	-1.1800878972974422	0.2777777777777778	0.0	7.248266146184704	30.08326108942436	3.0087023074889485	0.5555555555555556	0.0	
5.0	36.0	-2.401818373693473	0.0	0.0	6.0	12.0	-1.1800878972974422	0.2777777777777778	0.0	10.245665365461761	30.208152723560904	-3.099950074491205	1.3888888888888888	0.0	
5.0	36.0	-2.401818373693473	0.0	0.0	6.0	12.0	-1.1800878972974422	0.2777777777777778	0.0	8.747399219277057	18.124891634136542	3.0087023074889485	0.2777777777777778	0.0	
5.0	36.0	-2.401818373693473	0.0	0.0	6.0	12.0	-1.1800878972974422	0.2777777777777778	0.0	9.246532292369409	30.166522178848723	-3.0126836118914886	0.2777777777777778	0.0	
7.0	30.0	-1.832595714594046	0.0	-0.06981317007977318	7.0	7.0	-2.2689280275926285	0.8333333333333333	0.0	11.0	24.25	3.0543261909900767	0.5555555555555556	0.0	
7.0	30.0	-1.832595714594046	0.0	-0.06981317007977318	7.0	7.0	-2.2689280275926285	0.8333333333333333	0.0	12.0	18.5	-3.0543261909900767	0.2777777777777778	0.0	
7.0	30.0	-1.832595714594046	0.0	-0.06981317007977318	7.0	7.0	-2.2689280275926285	0.8333333333333333	0.0	12.0	12.75	2.9670597283903604	1.1111111111111112	0.0	
7.0	30.0	-1.832595714594046	0.0	-0.06981317007977318	7.0	7.0	-2.2689280275926285	0.8333333333333333	0.0	12.0	12.75	2.9670597283903604	0.8333333333333333	0.0	
8.0	36.0	-1.7135612946403298	0.0	0.06981317007977318	7.0	18.0	-1.0154295938425983	0.5555555555555556	0.0	9.746920706410824	31.389059960754953	-3.0225582336360777	0.5555555555555556	0.0	
8.0	36.0	-1.7135612946403298	0.0	0.06981317007977318	7.0	18.0	-1.0154295938425983	0.5555555555555556	0.0	10.745381059616237	31.33358994113243	-3.0225582336360777	0.8333333333333333	0.0	
8.0	36.0	-1.7135612946403298	0.0	0.06981317007977318	7.0	18.0	-1.0154295938425983	0.5555555555555556	0.0	11.743841412821649	31.27811992150991	2.911561223144643	1.1111111111111112	0.0	
8.0	36.0	-1.7135612946403298	0.0	0.06981317007977318	7.0	18.0	-1.0154295938425983	0.5555555555555556	0.0	10.245381059616237	22.33358994113243	2.9988276857443594	0.2777777777777778	0.0	
14.0	24.0	-2.1777370275648673	0.0	0.08726646259971647	8.0	11.0	-1.9159376397657182	1.9444444444444444	0.0	11.315918769000904	13.411883645076506	2.5346519528198224	0.5555555555555556	0.0	
14.0	24.0	-2.1777370275648673	0.0	0.08726646259971647	8.0	11.0	-1.9159376397657182	1.9444444444444444	0.0	16.131837538001808	19.07376729015301	2.7964513406189715	1.1111111111111112	0.0	
14.0	24.0	-2.1777370275648673	0.0	0.08726646259971647	8.0	11.0	-1.9159376397657182	1.9444444444444444	0.0	16.131837538001808	19.07376729015301	2.7964513406189715	0.2777777777777778	0.0	
14.0	24.0	-2.1777370275648673	0.0	0.08726646259971647	8.0	11.0	-1.9159376397657182	1.9444444444444444	0.0	14.039796922502259	12.154709112691265	2.883717803218688	0.8333333333333333	0.0	
21.0	5.0	1.888072577584162	0.0	-0.10471975511965977	6.0	33.0	1.5390067271852965	1.9444444444444444	0.0	4.237040059942436	32.05555717496916	0.5790756385884155	0.5555555555555556	0.0	
21.0	5.0	1.888072577584162	0.0	-0.10471975511965977	6.0	33.0	1.5390067271852965	1.9444444444444444	0.0	9.092600149856091	16.638892937422902	0.4918091759886991	1.3888888888888888	0.0	
21.0	5.0	1.888072577584162	0.0	-0.10471975511965977	6.0	33.0	1.5390067271852965	1.9444444444444444	0.0	12.842600149856091	9.638892937422902	0.6663421011881319	0.8333333333333333	0.0	
21.0	5.0	1.888072577584162	0.0	-0.10471975511965977	6.0	33.0	1.5390067271852965	1.9444444444444444	0.0	7.105560089913655	24.583335762453743	0.40454271338898273	0.8333333333333333	0.0	
3.0	26.0	-0.10487693873023396	0.0	-0.13962634015954636	20.0	5.0	-0.8902751021276822	1.3888888888888888	0.0	14.608979482829943	18.016792914671857	-2.3738049663228624	0.2777777777777778	0.0	
3.0	26.0	-0.10487693873023396	0.0	-0.13962634015954636	20.0	5.0	-0.8902751021276822	1.3888888888888888	0.0	13.831734612122457	17.387594686003894	-2.6356043541220116	0.2777777777777778	0.0	
3.0	26.0	-0.10487693873023396	0.0	-0.13962634015954636	20.0	5.0	-0.8902751021276822	1.3888888888888888	0.0	9.581734612122457	22.637594686003894	-2.461071428922579	0.2777777777777778	0.0	
3.0	26.0	-0.10487693873023396	0.0	-0.13962634015954636	20.0	5.0	-0.8902751021276822	1.3888888888888888	0.0	23.88622435353743	8.145991143339822	-2.3738049663228624	0.8333333333333333	0.0	
6.0	34.0	-1.5230576225595687	0.0	-0.017453292519943295	15.0	20.0	-0.38859360876325466	0.0	0.0	12.455892376882769	33.203787956567496	-2.744788098955599	0.2777777777777778	0.0	
6.0	34.0	-1.5230576225595687	0.0	-0.017453292519943295	15.0	20.0	-0.38859360876325466	0.0	0.0	11.614713901506214	32.663030365253995	-2.5702551737561663	0.8333333333333333	0.0	
6.0	34.0	-1.5230576225595687	0.0	-0.017453292519943295	15.0	20.0	-0.38859360876325466	0.0	0.0	16.114713901506214	25.663030365253995	-2.744788098955599	0.5555555555555556	0.0	
6.0	34.0	-1.5230576225595687	0.0	-0.017453292519943295	15.0	20.0	-0.38859360876325466	0.0	0.0	17.523535426129662	21.622272773940495	-2.48298871115645	0.2777777777777778	0.0	
36.0	7.0	2.7901846925144334	0.0	0.13962634015954636	13.0	3.0	3.0519840803135825	0.2777777777777778	0.0	19.606705873756237	-0.9260587740983723	1.9175200665172678	0.8333333333333333	0.0	
36.0	7.0	2.7901846925144334	0.0	0.13962634015954636	13.0	3.0	3.0519840803135825	0.2777777777777778	0.0	31.106705873756237	1.0739412259016277	1.5684542161184023	0.5555555555555556	0.0	
36.0	7.0	2.7901846925144334	0.0	0.13962634015954636	13.0	3.0	3.0519840803135825	0.2777777777777778	0.0	30.764023524253744	3.0443647355409764	1.9175200665172678	0.8333333333333333	0.0	
36.0	7.0	2.7901846925144334	0.0	0.13962634015954636	13.0	3.0	3.0519840803135825	0.2777777777777778	0.0	25.356705873756237	0.07394122590162766	1.8302536039175514	1.3888888888888888	0.0	
23.0	25.0	-2.1635535815735585	0.0	-0.17453292519943295	10.0	20.0	2.8979012492099967	1.1111111111111112	0.0	21.544895396544344	19.083271968984704	1.9379701606131157	1.3888888888888888	0.0	
23.0	25.0	-2.1635535815735585	0.0	-0.17453292519943295	10.0	20.0	2.8979012492099967	1.1111111111111112	0.0	14.326937237926607	18.44996318139082	2.025236623212832	0.2777777777777778	0.0	
23.0	25.0	-2.1635535815735585	0.0	-0.17453292519943295	10.0	20.0	2.8979012492099967	1.1111111111111112	0.0	10.717958158617739	18.13330878759388	1.763437235413683	0.2777777777777778	0.0	
23.0	25.0	-2.1635535815735585	0.0	-0.17453292519943295	10.0	20.0	2.8979012492099967	1.1111111111111112	0.0	14.685916317235476	17.516617575187762	1.763437235413683	0.5555555555555556	0.0	
5.0	17.0	-0.936540330022702	0.0	0.15707963267948966	20.0	5.0	-0.3256750918246869	2.2222222222222223	0.0	14.374085142663272	13.342606428329091	-2.3328037316181653	0.2777777777777778	0.0	
5.0	17.0	-0.936540330022702	0.0	0.15707963267948966	20.0	5.0	-0.3256750918246869	2.2222222222222223	0.0	14.374085142663272	13.342606428329091	-2.1582708064187326	0.2777777777777778	0.0	
5.0	17.0	-0.936540330022702	0.0	0.15707963267948966	20.0	5.0	-0.3256750918246869	2.2222222222222223	0.0	22.498780190217698	8.123475237772123	-2.245537269018449	1.1111111111111112	0.0	
5.0	17.0	-0.936540330022702	0.0	0.15707963267948966	20.0	5.0	-0.3256750918246869	2.2222222222222223	0.0	11.248780190217696	17.123475237772123	-2.1582708064187326	0.2777777777777778	0.0	
28.0	25.0	-2.621387302592523	0.0	-0.017453292519943295	10.0	10.0	-1.835989139195075	1.3888888888888888	0.0	12.56073759865792	6.927114881610496	2.4400675281910322	0.5555555555555556	0.0	
28.0	25.0	-2.621387302592523	0.0	-0.017453292519943295	10.0	10.0	-1.835989139195075	1.3888888888888888	0.0	17.06073759865792	10.677114881610496	2.352801065591316	1.1111111111111112	0.0	
28.0	25.0	-2.621387302592523	0.0	-0.017453292519943295	10.0	10.0	-1.835989139195075	1.3888888888888888	0.0	21.56073759865792	14.427114881610496	2.4400675281910322	0.8333333333333333	0.0	
28.0	25.0	-2.621387302592523	0.0	-0.017453292519943295	10.0	10.0	-1.835989139195075	1.3888888888888888	0.0	17.06073759865792	10.677114881610496	2.178268140391883	0.8333333333333333	0.0	
15.0	8.0	1.927987468854269	0.0	-0.03490658503988659	5.0	25.0	2.8006520948514346	0.5555555555555556	0.0	8.27613156968446	15.485959746873213	0.706256992458238	0.2777777777777778	0.0	
15.0	8.0	1.927987468854269	0.0	-0.03490658503988659	5.0	25.0	2.8006520948514346	0.5555555555555556	0.0	4.914197354526691	19.22893962030982	0.6189905298585217	0.2777777777777778	0.0	
15.0	8.0	1.927987468854269	0.0	-0.03490658503988659	5.0	25.0	2.8006520948514346	0.5555555555555556	0.0	9.914197354526692	10.72893962030982	0.3571911420593725	0.5555555555555556	0.0	
15.0	8.0	1.927987468854269	0.0	-0.03490658503988659	5.0	25.0	2.8006520948514346	0.5555555555555556	0.0	1.5522631393689217	22.971919493746427	0.5317240672588053	0.8333333333333333	0.0	
5.0	16.0	-0.603497133211464	0.0	-0.17453292519943295	34.0	24.0	-0.5162306706117477	1.1111111111111112	0.0	18.436284007496745	23.855970472824296	-1.3888952966089114	1.1111111111111112	0.0	
5.0	16.0	-0.603497133211464	0.0	-0.17453292519943295	34.0	24.0	-0.5162306706117477	1.1111111111111112	0.0	18.70221300562256	22.891977854618222	-1.2143623714094787	0.2777777777777778	0.0	
5.0	16.0	-0.603497133211464	0.0	-0.17453292519943295	34.0	24.0	-0.5162306706117477	1.1111111111111112	0.0	25.686284007496745	25.855970472824296	-1.2143623714094787	1.1111111111111112	0.0	
5.0	16.0	-0.603497133211464	0.0	-0.17453292519943295	34.0	24.0	-0.5162306706117477	1.1111111111111112	0.0	18.170355009370933	24.819963091030367	-1.3888952966089114	0.2777777777777778	0.0	
4.0	20.0	-1.0030615305220887	0.0	0.17453292519943295	26.0	6.0	-0.2176633671246404	0.5555555555555556	0.0	22.647501968772637	12.87464595092843	-2.3120584695178357	0.5555555555555556	0.0	
4.0	20.0	-1.0030615305220887	0.0	0.17453292519943295	26.0	6.0	-0.2176633671246404	0.5555555555555556	0.0	10.573750984386319	18.187322975464216	-1.9629926191189702	0.2777777777777778	0.0	
4.0	20.0	-1.0030615305220887	0.0	0.17453292519943295	26.0	6.0	-0.2176633671246404	0.5555555555555556	0.0	11.647501968772637	19.87464595092843	-2.137525544318403	0.2777777777777778	0.0	
4.0	20.0	-1.0030615305220887	0.0	0.17453292519943295	26.0	6.0	-0.2176633671246404	0.5555555555555556	0.0	27.07375098438632	7.687322975464215	-2.3120584695178357	0.5555555555555556	0.0	
33.0	22.0	3.0383671931756506	0.0	-0.12217304763960307	5.0	20.0	-2.546686413206204	1.6666666666666665	0.0	19.213741149963727	18.007623900507795	1.467570866380754	0.2777777777777778	0.0	
33.0	22.0	3.0383671931756506	0.0	-0.12217304763960307	5.0	20.0	-2.546686413206204	1.6666666666666665	0.0	5.284988199951639	16.01016520067706	1.8166367167796196	0.8333333333333333	0.0	
33.0	22.0	3.0383671931756506	0.0	-0.12217304763960307	5.0	20.0	-2.546686413206204	1.6666666666666665	0.0	19.213741149963727	18.007623900507795	1.467570866380754	0.2777777777777778	0.0	
33.0	22.0	3.0383671931756506	0.0	-0.12217304763960307	5.0	20.0	-2.546686413206204	1.6666666666666665	0.0	26.356235249939548	16.512706500846324	1.6421037915801868	0.5555555555555556	0.0	
13.0	13.0	2.4266402281197763	0.0	-0.017453292519943295	10.0	25.0	1.2049097517237453	2.7777777777777777	0.0	7.6194299994186725	18.029857499854668	0.24497866312686423	0.2777777777777778	0.0	
13.0	13.0	2.4266402281197763	0.0	-0.017453292519943295	10.0	25.0	1.2049097517237453	2.7777777777777777	0.0	9.559714999709335	18.514928749927332	0.3322451257265806	0.5555555555555556	0.0	
13.0	13.0	2.4266402281197763	0.0	-0.017453292519943295	10.0	25.0	1.2049097517237453	2.7777777777777777	0.0	7.089572499564005	24.272393124891	0.07044573792743147	0.5555555555555556	0.0	
13.0	13.0	2.4266402281197763	0.0	-0.017453292519943295	10.0	25.0	1.2049097517237453	2.7777777777777777	0.0	8.589572499564005	18.272393124891	0.24497866312686423	0.2777777777777778	0.0	
6.0	12.0	0.3120457345249359	0.0	0.05235987755982988	20.0	25.0	1.0101774353226673	1.9444444444444444	0.0	10.27819560253089	21.4311739665052	-0.9969512044708111	0.8333333333333333	0.0	
6.0	12.0	0.3120457345249359	0.0	0.05235987755982988	20.0	25.0	1.0101774353226673	1.9444444444444444	0.0	10.958646701898166	20.6983804748789	-0.9096847418710947	0.2777777777777778	0.0	
6.0	12.0	0.3120457345249359	0.0	0.05235987755982988	20.0	25.0	1.0101774353226673	1.9444444444444444	0.0	17.27819560253089	27.9311739665052	-0.8224182792713783	0.2777777777777778	0.0	
6.0	12.0	0.3120457345249359	0.0	0.05235987755982988	20.0	25.0	1.0101774353226673	1.9444444444444444	0.0	13.09774450316361	25.413967458131495	-0.9096847418710947	0.8333333333333333	0.0	
4.0	32.0	-0.8748405568677686	0.0	0.03490658503988659	32.0	27.0	-0.08944239347032035	1.3888888888888888	0.0	32.70316255393463	30.937710302033928	-1.7475051828649333	0.8333333333333333	0.0	
4.0	32.0	-0.8748405568677686	0.0	0.03490658503988659	32.0	27.0	-0.08944239347032035	1.3888888888888888	0.0	25.351581276967316	30.218855151016964	-1.8347716454646497	0.2777777777777778	0.0	
4.0	32.0	-0.8748405568677686	0.0	0.03490658503988659	32.0	27.0	-0.08944239347032035	1.3888888888888888	0.0	11.70316255393463	34.68771030203393	-1.5729722576655005	0.2777777777777778	0.0	
4.0	32.0	-0.8748405568677686	0.0	0.03490658503988659	32.0	27.0	-0.08944239347032035	1.3888888888888888	0.0	25.351581276967316	30.218855151016964	-1.922038108064366	0.2777777777777778	0.0	
34.0	24.0	-2.3105706066912166	0.0	-0.12217304763960307	10.0	25.0	-3.095968770088665	1.9444444444444444	0.0	21.791847276439096	19.50433463453824	1.6164202102960248	0.5555555555555556	0.0	
34.0	24.0	-2.3105706066912166	0.0	-0.12217304763960307	10.0	25.0	-3.095968770088665	1.9444444444444444	0.0	9.791847276439094	20.00433463453824	1.7036866728957412	1.1111111111111112	0.0	
34.0	24.0	-2.3105706066912166	0.0	-0.12217304763960307	10.0	25.0	-3.095968770088665	1.9444444444444444	0.0	15.791847276439094	19.75433463453824	1.5291537476963084	0.5555555555555556	0.0	
34.0	24.0	-2.3105706066912166	0.0	-0.12217304763960307	10.0	25.0	-3.095968770088665	1.9444444444444444	0.0	21.875108365863458	21.502600780722943	1.441887285096592	0.8333333333333333	0.0	
10.0	19.0	-1.9138202672156	0.0	-0.08726646259971647	5.0	5.0	-2.088353192415033	2.5	0.0	10.325225734784512	10.990990809005531	2.7985687131690895	0.8333333333333333	0.0	
10.0	19.0	-1.9138202672156	0.0	-0.08726646259971647	5.0	5.0	-2.088353192415033	2.5	0.0	9.383483823189675	11.327327206003687	2.6240357879696568	0.2777777777777778	0.0	
10.0	19.0	-1.9138202672156	0.0	-0.08726646259971647	5.0	5.0	-2.088353192415033	2.5	0.0	8.133483823189675	7.827327206003687	2.7985687131690895	0.5555555555555556	0.0	
10.0	19.0	-1.9138202672156	0.0	-0.08726646259971647	5.0	5.0	-2.088353192415033	2.5	0.0	9.075225734784512	7.490990809005531	2.711302250569373	0.2777777777777778	0.0	
3.0	27.0	-2.0481417091685685	0.0	-0.17453292519943295	10.0	5.0	-1.8736087839691355	2.2222222222222223	0.0	11.26462890006631	17.516018286384735	-2.833539872566017	1.3888888888888888	0.0	
3.0	27.0	-2.0481417091685685	0.0	-0.17453292519943295	10.0	5.0	-1.8736087839691355	2.2222222222222223	0.0	7.6087773400397865	22.40961097183084	-2.659006947366584	0.5555555555555556	0.0	
3.0	27.0	-2.0481417091685685	0.0	-0.17453292519943295	10.0	5.0	-1.8736087839691355	2.2222222222222223	0.0	13.01462890006631	12.016018286384735	-3.0080727977654496	0.8333333333333333	0.0	
3.0	27.0	-2.0481417091685685	0.0	-0.17453292519943295	10.0	5.0	-1.8736087839691355	2.2222222222222223	0.0	13.811703120053048	6.212814629107788	-2.659006947366584	0.8333333333333333	0.0	
31.0	22.0	2.910655729780978	0.0	-0.03490658503988659	7.0	17.0	-2.1507991010025775	0.8333333333333333	0.0	7.407908508224002	15.04203916052479	1.688925253384948	0.5555555555555556	0.0	
31.0	22.0	2.910655729780978	0.0	-0.03490658503988659	7.0	17.0	-2.1507991010025775	0.8333333333333333	0.0	7.815817016448004	13.08407832104958	1.7761917159846643	0.5555555555555556	0.0	
31.0	22.0	2.910655729780978	0.0	-0.03490658503988659	7.0	17.0	-2.1507991010025775	0.8333333333333333	0.0	25.815817016448005	16.83407832104958	1.950724641184097	0.8333333333333333	0.0	
31.0	22.0	2.910655729780978	0.0	-0.03490658503988659	7.0	17.0	-2.1507991010025775	0.8333333333333333	0.0	7.815817016448004	13.08407832104958	1.6016587907852315	0.5555555555555556	0.0	
11.0	20.0	-2.286859075810046	0.0	0.10471975511965977	3.0	9.0	-2.025059688010897	2.2222222222222223	0.0	11.043680421515942	11.55914151162477	2.6000628297740764	0.2777777777777778	0.0	
11.0	20.0	-2.286859075810046	0.0	0.10471975511965977	3.0	9.0	-2.025059688010897	2.2222222222222223	0.0	8.617472168606376	13.323656604649907	2.51279636717436	0.2777777777777778	0.0	
11.0	20.0	-2.286859075810046	0.0	0.10471975511965977	3.0	9.0	-2.025059688010897	2.2222222222222223	0.0	7.043680421515942	6.059141511624769	2.4255299045746437	1.3888888888888888	0.0	
11.0	20.0	-2.286859075810046	0.0	0.10471975511965977	3.0	9.0	-2.025059688010897	2.2222222222222223	0.0	9.426208252909564	12.735484906974861	2.51279636717436	0.8333333333333333	0.0	
17.0	6.0	2.1341125882868646	0.0	-0.06981317007977318	5.0	25.0	1.3487144248894163	2.7777777777777777	0.0	0.7725554848451441	22.330035043060093	0.38878333629253525	1.1111111111111112	0.0	
17.0	6.0	2.1341125882868646	0.0	-0.06981317007977318	5.0	25.0	1.3487144248894163	2.7777777777777777	0.0	9.309022193938057	14.432014017224036	0.38878333629253525	0.5555555555555556	0.0	
17.0	6.0	2.1341125882868646	0.0	-0.06981317007977318	5.0	25.0	1.3487144248894163	2.7777777777777777	0.0	10.618044387876115	8.614028034448072	0.563316261491968	0.5555555555555556	0.0	
17.0	6.0	2.1341125882868646	0.0	-0.06981317007977318	5.0	25.0	1.3487144248894163	2.7777777777777777	0.0	6.772555484845144	12.830035043060091	0.563316261491968	0.5555555555555556	0.0	
3.0	32.0	-0.8096502173156175	0.0	0.017453292519943295	15.0	10.0	-0.28605144171731833	1.1111111111111112	0.0	8.633686718743153	27.93655639204172	-2.816778857109096	0.5555555555555556	0.0	
3.0	32.0	-0.8096502173156175	0.0	0.017453292519943295	15.0	10.0	-0.28605144171731833	1.1111111111111112	0.0	16.75579114582877	10.957704261361146	-2.7295123945093795	0.2777777777777778	0.0	
3.0	32.0	-0.8096502173156175	0.0	0.017453292519943295	15.0	10.0	-0.28605144171731833	1.1111111111111112	0.0	14.633686718743153	16.93655639204172	-2.4677130067102304	0.5555555555555556	0.0	
3.0	32.0	-0.8096502173156175	0.0	0.017453292519943295	15.0	10.0	-0.28605144171731833	1.1111111111111112	0.0	11.633686718743153	22.43655639204172	-2.554979469309947	0.2777777777777778	0.0	
30.0	5.0	2.5494453107816613	0.0	0.12217304763960307	4.0	26.0	1.6767806847844966	2.7777777777777777	0.0	7.9866515716495154	17.638235279185114	0.9786489839867647	0.5555555555555556	0.0	
30.0	5.0	2.5494453107816613	0.0	0.12217304763960307	4.0	26.0	1.6767806847844966	2.7777777777777777	0.0	0.8583144645618948	22.11029409898139	1.065915446586481	1.1111111111111112	0.0	
30.0	5.0	2.5494453107816613	0.0	0.12217304763960307	4.0	26.0	1.6767806847844966	2.7777777777777777	0.0	9.243325785824759	19.194117639592555	0.9786489839867647	0.2777777777777778	0.0	
30.0	5.0	2.5494453107816613	0.0	0.12217304763960307	4.0	26.0	1.6767806847844966	2.7777777777777777	0.0	15.743325785824759	13.944117639592557	0.8041160587873319	0.5555555555555556	0.0	
28.0	23.0	-2.76966416854048	0.0	0.13962634015954636	3.0	18.0	-2.333331855541897	0.5555555555555556	0.0	9.838348405414552	16.30825797292724	1.9427248118442098	0.5555555555555556	0.0	
28.0	23.0	-2.76966416854048	0.0	0.13962634015954636	3.0	18.0	-2.333331855541897	0.5555555555555556	0.0	3.3922322702763674	16.03883864861816	1.768191886644777	0.5555555555555556	0.0	
28.0	23.0	-2.76966416854048	0.0	0.13962634015954636	3.0	18.0	-2.333331855541897	0.5555555555555556	0.0	15.892232270276368	18.53883864861816	1.5936589614453442	0.5555555555555556	0.0	
28.0	23.0	-2.76966416854048	0.0	0.13962634015954636	3.0	18.0	-2.333331855541897	0.5555555555555556	0.0	16.284464540552737	16.57767729723632	1.9427248118442098	1.1111111111111112	0.0	
15.0	25.0	0.22211602847641654	0.0	-0.017453292519943295	36.0	26.0	0.571181878875282	2.7777777777777777	0.0	25.4048697011691	27.497736275448876	-1.6977461487173464	0.5555555555555556	0.0	
15.0	25.0	0.22211602847641654	0.0	-0.017453292519943295	36.0	26.0	0.571181878875282	2.7777777777777777	0.0	25.309739402338206	29.49547255089775	-1.61047968611763	0.8333333333333333	0.0	
15.0	25.0	0.22211602847641654	0.0	-0.017453292519943295	36.0	26.0	0.571181878875282	2.7777777777777777	0.0	35.8097394023382	29.99547255089775	-1.61047968611763	0.8333333333333333	0.0	
15.0	25.0	0.22211602847641654	0.0	-0.017453292519943295	36.0	26.0	0.571181878875282	2.7777777777777777	0.0	25.4048697011691	27.497736275448876	-1.4359467609181973	0.5555555555555556	0.0	
12.0	24.0	-1.93779322541118	0.0	-0.17453292519943295	15.0	5.0	-0.977862136814299	1.9444444444444444	0.0	17.451051861316277	15.123850293892042	-2.984990776607778	1.1111111111111112	0.0	
12.0	24.0	-1.93779322541118	0.0	-0.17453292519943295	15.0	5.0	-0.977862136814299	1.9444444444444444	0.0	18.438814826645345	15.279812867365054	-2.984990776607778	0.8333333333333333	0.0	
12.0	24.0	-1.93779322541118	0.0	-0.17453292519943295	15.0	5.0	-0.977862136814299	1.9444444444444444	0.0	18.438814826645345	15.279812867365054	3.1236616053723756	0.5555555555555556	0.0	
12.0	24.0	-1.93779322541118	0.0	-0.17453292519943295	15.0	5.0	-0.977862136814299	1.9444444444444444	0.0	17.451051861316277	15.123850293892042	3.1236616053723756	0.2777777777777778	0.0	
4.0	34.0	-0.15377736052899493	0.0	-0.15707963267948966	24.0	23.0	0.3698214150693042	1.3888888888888888	0.0	9.963837499544312	33.0024318173533	-2.1609060003224734	0.5555555555555556	0.0	
4.0	34.0	-0.15377736052899493	0.0	-0.15707963267948966	24.0	23.0	0.3698214150693042	1.3888888888888888	0.0	15.445756249316467	31.128647726029943	-2.073639537722757	0.5555555555555556	0.0	
4.0	34.0	-0.15377736052899493	0.0	-0.15707963267948966	24.0	23.0	0.3698214150693042	1.3888888888888888	0.0	21.40959374886078	30.131079543383237	-1.8991066125233242	0.2777777777777778	0.0	
4.0	34.0	-0.15377736052899493	0.0	-0.15707963267948966	24.0	23.0	0.3698214150693042	1.3888888888888888	0.0	10.927674999088623	34.75486363470659	-2.1609060003224734	0.5555555555555556	0.0	
15.0	22.0	0.28466202244959726	0.0	0.08726646259971647	30.0	25.0	-0.15167029054898507	0.0	0.0	29.215535459447267	28.92232270276368	-1.3734007669450161	0.8333333333333333	0.0	
15.0	22.0	0.28466202244959726	0.0	0.08726646259971647	30.0	25.0	-0.15167029054898507	0.0	0.0	21.51941932430908	28.402903378454603	-1.5479336921444489	1.1111111111111112	0.0	
15.0	22.0	0.28466202244959726	0.0	0.08726646259971647	30.0	25.0	-0.15167029054898507	0.0	0.0	18.16165159458545	25.69174202707276	-1.3734007669450161	0.8333333333333333	0.0	
15.0	22.0	0.28466202244959726	0.0	0.08726646259971647	30.0	25.0	-0.15167029054898507	0.0	0.0	17.965535459447267	26.67232270276368	-1.2861343043452997	1.1111111111111112	0.0	
17.0	19.0	-2.387635016905844	0.0	0.17453292519943295	11.0	4.0	-1.3404374657092462	0.8333333333333333	0.0	15.642383454426296	2.1430466182294814	2.761086276477428	0.2777777777777778	0.0	
17.0	19.0	-2.387635016905844	0.0	0.17453292519943295	11.0	4.0	-1.3404374657092462	0.8333333333333333	0.0	16.785430072655778	10.385827970937688	2.761086276477428	0.8333333333333333	0.0	
17.0	19.0	-2.387635016905844	0.0	0.17453292519943295	11.0	4.0	-1.3404374657092462	0.8333333333333333	0.0	13.785430072655778	2.885827970937689	2.673819813877712	0.8333333333333333	0.0	
17.0	19.0	-2.387635016905844	0.0	0.17453292519943295	11.0	4.0	-1.3404374657092462	0.8333333333333333	0.0	18.285430072655778	14.135827970937688	2.761086276477428	0.8333333333333333	0.0	
14.0	22.0	0.21696899975562856	0.0	0.13962634015954636	37.0	25.0	0.0424360745561958	1.1111111111111112	0.0	36.35330407966116	29.958002055931107	-1.6156267148384167	0.2777777777777778	0.0	
14.0	22.0	0.21696899975562856	0.0	0.13962634015954636	37.0	25.0	0.0424360745561958	1.1111111111111112	0.0	30.603304079661157	29.208002055931107	-1.3538273270392676	0.5555555555555556	0.0	
14.0	22.0	0.21696899975562856	0.0	0.13962634015954636	37.0	25.0	0.0424360745561958	1.1111111111111112	0.0	19.232643263728924	26.716401644744888	-1.2665608644395512	0.8333333333333333	0.0	
14.0	22.0	0.21696899975562856	0.0	0.13962634015954636	37.0	25.0	0.0424360745561958	1.1111111111111112	0.0	36.35330407966116	29.958002055931107	-1.6156267148384167	0.5555555555555556	0.0	
14.0	25.0	-1.9571702440715362	0.0	-0.17453292519943295	15.0	5.0	-0.8227062302752222	1.6666666666666665	0.0	17.996257016633535	5.149812850831676	-3.0916342578678506	0.2777777777777778	0.0	
14.0	25.0	-1.9571702440715362	0.0	-0.17453292519943295	15.0	5.0	-0.8227062302752222	1.6666666666666665	0.0	18.495009355511378	15.199750467775567	-2.917101332668418	0.8333333333333333	0.0	
14.0	25.0	-1.9571702440715362	0.0	-0.17453292519943295	15.0	5.0	-0.8227062302752222	1.6666666666666665	0.0	17.496257016633535	15.149812850831676	3.1042845867120192	0.8333333333333333	0.0	
14.0	25.0	-1.9571702440715362	0.0	-0.17453292519943295	15.0	5.0	-0.8227062302752222	1.6666666666666665	0.0	19.743761694389224	10.24968808471946	-3.0916342578678506	1.3888888888888888	0.0	
26.0	25.0	-2.3011749100278824	0.0	-0.13962634015954636	10.0	10.0	-1.5157767466304342	2.5	0.0	23.36788225776266	19.79092559171983	2.498480532956524	0.5555555555555556	0.0	
26.0	25.0	-2.3011749100278824	0.0	-0.13962634015954636	10.0	10.0	-1.5157767466304342	2.5	0.0	15.367882257762659	12.29092559171983	2.236681145157375	0.2777777777777778	0.0	
26.0	25.0	-2.3011749100278824	0.0	-0.13962634015954636	10.0	10.0	-1.5157767466304342	2.5	0.0	15.367882257762659	12.29092559171983	2.498480532956524	0.5555555555555556	0.0	
26.0	25.0	-2.3011749100278824	0.0	-0.13962634015954636	10.0	10.0	-1.5157767466304342	2.5	0.0	21.419705644406648	13.852313979299574	2.3239476077570913	0.5555555555555556	0.0	
5.0	32.0	-1.474951972132129	0.0	0.0	10.0	5.0	-0.6895538087346806	0.2777777777777778	0.0	9.46656400996892	18.864178520364614	-2.8712153737275923	0.2777777777777778	0.0	
5.0	32.0	-1.474951972132129	0.0	0.0	10.0	5.0	-0.6895538087346806	0.2777777777777778	0.0	10.18312801993784	25.97835704072923	-2.9584818363273087	0.2777777777777778	0.0	
5.0	32.0	-1.474951972132129	0.0	0.0	10.0	5.0	-0.6895538087346806	0.2777777777777778	0.0	14.9164100249223	5.910446300911537	-2.8712153737275923	1.1111111111111112	0.0	
5.0	32.0	-1.474951972132129	0.0	0.0	10.0	5.0	-0.6895538087346806	0.2777777777777778	0.0	12.4164100249223	19.410446300911538	-2.783948911127876	0.5555555555555556	0.0	
10.0	21.0	0.45919494764903	0.0	0.05235987755982988	30.0	25.0	-0.06440382794926869	0.8333333333333333	0.0	29.607767729723633	26.96116135138184	-1.1988678417455834	0.2777777777777778	0.0	
10.0	21.0	0.45919494764903	0.0	0.05235987755982988	30.0	25.0	-0.06440382794926869	0.8333333333333333	0.0	19.41165159458545	25.94174202707276	-1.3734007669450161	0.5555555555555556	0.0	
10.0	21.0	0.45919494764903	0.0	0.05235987755982988	30.0	25.0	-0.06440382794926869	0.8333333333333333	0.0	19.41165159458545	25.94174202707276	-1.3734007669450161	0.2777777777777778	0.0	
10.0	21.0	0.45919494764903	0.0	0.05235987755982988	30.0	25.0	-0.06440382794926869	0.8333333333333333	0.0	19.41165159458545	25.94174202707276	-1.1988678417455834	0.5555555555555556	0.0	
4.0	15.0	-0.5247941194800689	0.0	-0.05235987755982988	30.0	8.0	0.26060404391737935	2.7777777777777777	0.0	24.019946946895747	11.68123151704134	-1.6592581332763832	0.2777777777777778	0.0	
4.0	15.0	-0.5247941194800689	0.0	-0.05235987755982988	30.0	8.0	0.26060404391737935	2.7777777777777777	0.0	11.279920420343618	16.14684727556201	-1.6592581332763832	0.8333333333333333	0.0	
4.0	15.0	-0.5247941194800689	0.0	-0.05235987755982988	30.0	8.0	0.26060404391737935	2.7777777777777777	0.0	11.279920420343618	16.14684727556201	-1.6592581332763832	0.8333333333333333	0.0	
4.0	15.0	-0.5247941194800689	0.0	-0.05235987755982988	30.0	8.0	0.26060404391737935	2.7777777777777777	0.0	17.77992042034362	14.39684727556201	-1.7465245958760995	0.5555555555555556	0.0	
18.0	6.0	1.0471975511965983	0.0	0.13962634015954636	18.0	28.0	1.221730476396031	2.7777777777777777	0.0	16.0	22.5	0.08726646259971638	0.5555555555555556	0.0	
18.0	6.0	1.0471975511965983	0.0	0.13962634015954636	18.0	28.0	1.221730476396031	2.7777777777777777	0.0	14.0	11.5	0.0	0.5555555555555556	0.0	
18.0	6.0	1.0471975511965983	0.0	0.13962634015954636	18.0	28.0	1.221730476396031	2.7777777777777777	0.0	15.0	17.0	-0.08726646259971638	0.2777777777777778	0.0	
18.0	6.0	1.0471975511965983	0.0	0.13962634015954636	18.0	28.0	1.221730476396031	2.7777777777777777	0.0	13.0	11.5	-0.08726646259971638	0.8333333333333333	0.0	
5.0	19.0	-0.22182070067585968	0.0	-0.12217304763960307	18.0	7.0	-1.1817517892727407	2.5	0.0	17.463120410932262	12.939213778509952	-2.228949340469338	1.1111111111111112	0.0	
5.0	19.0	-0.22182070067585968	0.0	-0.12217304763960307	18.0	7.0	-1.1817517892727407	2.5	0.0	18.14140051366533	13.67401722313744	-2.403482265668771	1.1111111111111112	0.0	
5.0	19.0	-0.22182070067585968	0.0	-0.12217304763960307	18.0	7.0	-1.1817517892727407	2.5	0.0	19.35656020546613	8.469606889254976	-2.403482265668771	0.2777777777777778	0.0	
5.0	19.0	-0.22182070067585968	0.0	-0.12217304763960307	18.0	7.0	-1.1817517892727407	2.5	0.0	10.963120410932264	18.939213778509952	-2.228949340469338	0.5555555555555556	0.0	
16.0	9.0	-0.881812088536436	0.0	0.10471975511965977	34.0	4.0	0.07811900006044548	0.5555555555555556	0.0	34.80293159135828	6.890553728889822	-2.01627610233275	0.5555555555555556	0.0	
16.0	9.0	-0.881812088536436	0.0	0.10471975511965977	34.0	4.0	0.07811900006044548	0.5555555555555556	0.0	30.302931591358284	8.140553728889822	-1.841743177133317	0.2777777777777778	0.0	
16.0	9.0	-0.881812088536436	0.0	0.10471975511965977	34.0	4.0	0.07811900006044548	0.5555555555555556	0.0	30.302931591358284	8.140553728889822	-2.01627610233275	0.8333333333333333	0.0	
16.0	9.0	-0.881812088536436	0.0	0.10471975511965977	34.0	4.0	0.07811900006044548	0.5555555555555556	0.0	26.338219318930474	11.317589548149703	-2.01627610233275	0.2777777777777778	0.0	
10.0	19.0	0.7130448069085098	0.0	0.03490658503988659	31.0	27.0	0.10217956871049472	0.8333333333333333	0.0	29.22002336204006	31.67243867464484	-1.119550907685536	1.3888888888888888	0.0	
10.0	19.0	0.7130448069085098	0.0	0.03490658503988659	31.0	27.0	0.10217956871049472	0.8333333333333333	0.0	29.932014017224034	29.803463204786905	-1.119550907685536	0.2777777777777778	0.0	
10.0	19.0	0.7130448069085098	0.0	0.03490658503988659	31.0	27.0	0.10217956871049472	0.8333333333333333	0.0	23.97002336204006	29.67243867464484	-1.381350295484685	0.5555555555555556	0.0	
10.0	19.0	0.7130448069085098	0.0	0.03490658503988659	31.0	27.0	0.10217956871049472	0.8333333333333333	0.0	19.788009344816025	24.868975469857936	-1.2940838328849686	0.2777777777777778	0.0	
24.0	23.0	-2.8842459271424197	0.0	0.13962634015954636	10.0	15.0	-2.3606471515441205	1.6666666666666665	0.0	18.984555753427337	15.527027431502164	2.1772089036411355	0.8333333333333333	0.0	
24.0	23.0	-2.8842459271424197	0.0	0.13962634015954636	10.0	15.0	-2.3606471515441205	1.6666666666666665	0.0	15.484555753427335	13.527027431502164	2.0026759784417028	0.8333333333333333	0.0	
24.0	23.0	-2.8842459271424197	0.0	0.13962634015954636	10.0	15.0	-2.3606471515441205	1.6666666666666665	0.0	15.98069469178417	12.658784289377705	1.9154095158419864	0.8333333333333333	0.0	
24.0	23.0	-2.8842459271424197	0.0	0.13962634015954636	10.0	15.0	-2.3606471515441205	1.6666666666666665	0.0	19.48069469178417	14.658784289377705	1.9154095158419864	1.1111111111111112	0.0	
18.0	3.0	2.714965160462917	0.0	-0.10471975511965977	9.0	27.0	1.4059682214671696	2.2222222222222223	0.0	6.191012467292866	25.946629675234824	0.2715042076708558	0.2777777777777778	0.0	
18.0	3.0	2.714965160462917	0.0	-0.10471975511965977	9.0	27.0	1.4059682214671696	2.2222222222222223	0.0	7.504683289723822	19.595506233646432	0.18423774507113944	1.1111111111111112	0.0	
18.0	3.0	2.714965160462917	0.0	-0.10471975511965977	9.0	27.0	1.4059682214671696	2.2222222222222223	0.0	7.127341644861911	26.297753116823216	0.5333035954700049	0.5555555555555556	0.0	
18.0	3.0	2.714965160462917	0.0	-0.10471975511965977	9.0	27.0	1.4059682214671696	2.2222222222222223	0.0	12.004683289723822	7.595506233646433	0.18423774507113944	1.1111111111111112	0.0	
25.0	8.0	2.9502390037180746	0.0	-0.17453292519943295	5.0	20.0	1.9903079151211935	0.2777777777777778	0.0	2.9420169782898946	16.570028297149822	1.1176432891240289	1.1111111111111112	0.0	
25.0	8.0	2.9502390037180746	0.0	-0.17453292519943295	5.0	20.0	1.9903079151211935	0.2777777777777778	0.0	7.942016978289894	13.570028297149822	0.8558439013248798	0.2777777777777778	0.0	
25.0	8.0	2.9502390037180746	0.0	-0.17453292519943295	5.0	20.0	1.9903079151211935	0.2777777777777778	0.0	12.942016978289894	10.570028297149822	1.1176432891240289	0.5555555555555556	0.0	
25.0	8.0	2.9502390037180746	0.0	-0.17453292519943295	5.0	20.0	1.9903079151211935	0.2777777777777778	0.0	17.942016978289896	7.570028297149823	0.8558439013248798	0.5555555555555556	0.0	
5.0	36.0	-0.6289732216173687	0.0	-0.05235987755982988	13.0	18.0	-0.3671738338182191	0.5555555555555556	0.0	10.827623097240515	27.812276932106894	-2.6361018614108476	0.2777777777777778	0.0	
5.0	36.0	-0.6289732216173687	0.0	-0.05235987755982988	13.0	18.0	-0.3671738338182191	0.5555555555555556	0.0	10.655246194481029	33.12455386421379	-2.723368324010564	0.2777777777777778	0.0	
5.0	36.0	-0.6289732216173687	0.0	-0.05235987755982988	13.0	18.0	-0.3671738338182191	0.5555555555555556	0.0	10.827623097240515	27.812276932106894	-2.548835398811131	0.5555555555555556	0.0	
5.0	36.0	-0.6289732216173687	0.0	-0.05235987755982988	13.0	18.0	-0.3671738338182191	0.5555555555555556	0.0	11.569057743101286	33.530692330267236	-2.6361018614108476	0.5555555555555556	0.0	
15.0	3.0	2.221189323357301	0.0	0.017453292519943295	10.0	26.0	2.48298871115645	0.8333333333333333	0.0	7.341294544308797	19.400281422675825	0.03952775836438871	0.8333333333333333	0.0	
15.0	3.0	2.221189323357301	0.0	0.017453292519943295	10.0	26.0	2.48298871115645	0.8333333333333333	0.0	6.364118180385995	19.187851778344783	0.30132714616353784	0.8333333333333333	0.0	
15.0	3.0	2.221189323357301	0.0	0.017453292519943295	10.0	26.0	2.48298871115645	0.8333333333333333	0.0	10.818470908231596	8.112711067006869	0.3885936087632542	0.5555555555555556	0.0	
15.0	3.0	2.221189323357301	0.0	0.017453292519943295	10.0	26.0	2.48298871115645	0.8333333333333333	0.0	7.068470908231597	25.36271106700687	0.3885936087632542	0.5555555555555556	0.0	
16.0	11.0	2.281330217484074	0.0	-0.17453292519943295	5.0	20.0	2.543129605283223	0.2777777777777778	0.0	10.71704883897095	10.154170803186716	0.7978003532888938	0.2777777777777778	0.0	
16.0	11.0	2.281330217484074	0.0	-0.17453292519943295	5.0	20.0	2.543129605283223	0.2777777777777778	0.0	10.71704883897095	10.154170803186716	0.9723332784883265	1.1111111111111112	0.0	
16.0	11.0	2.281330217484074	0.0	-0.17453292519943295	5.0	20.0	2.543129605283223	0.2777777777777778	0.0	11.350286629228211	10.928128102390037	0.7105338906891774	0.5555555555555556	0.0	
16.0	11.0	2.281330217484074	0.0	-0.17453292519943295	5.0	20.0	2.543129605283223	0.2777777777777778	0.0	4.583811048713686	13.880213503983395	0.8850668158886101	0.5555555555555556	0.0	
7.0	10.0	0.24233017774973042	0.0	0.15707963267948966	35.0	7.0	0.06779725255029723	0.0	0.0	35.426132494537065	10.977236615679235	-1.6775319994440325	0.8333333333333333	0.0	
7.0	10.0	0.24233017774973042	0.0	0.15707963267948966	35.0	7.0	0.06779725255029723	0.0	0.0	35.3195993709028	9.982927461759427	-1.5902655368443162	0.8333333333333333	0.0	
7.0	10.0	0.24233017774973042	0.0	0.15707963267948966	35.0	7.0	0.06779725255029723	0.0	0.0	21.319599370902797	11.482927461759427	-1.764798462043749	0.8333333333333333	0.0	
7.0	10.0	0.24233017774973042	0.0	0.15707963267948966	35.0	7.0	0.06779725255029723	0.0	0.0	35.3195993709028	9.982927461759427	-1.5902655368443162	0.8333333333333333	0.0	
16.0	3.0	2.115093401217088	0.0	0.12217304763960307	9.0	11.0	2.7259586394151034	1.9444444444444444	0.0	9.244846610586244	7.682990784262964	0.8060964622213405	0.5555555555555556	0.0	
16.0	3.0	2.115093401217088	0.0	0.12217304763960307	9.0	11.0	2.7259586394151034	1.9444444444444444	0.0	9.489693221172487	4.365981568525928	0.6315635370219077	0.2777777777777778	0.0	
16.0	3.0	2.115093401217088	0.0	0.12217304763960307	9.0	11.0	2.7259586394151034	1.9444444444444444	0.0	11.239693221172487	2.3659815685259287	0.8060964622213405	0.8333333333333333	0.0	
16.0	3.0	2.115093401217088	0.0	0.12217304763960307	9.0	11.0	2.7259586394151034	1.9444444444444444	0.0	10.994846610586244	5.682990784262964	0.7188299996216241	0.5555555555555556	0.0	
36.0	3.0	-2.459276098715045	0.0	-0.17453292519943295	7.0	6.0	-2.633809023914478	0.8333333333333333	0.0	28.33840339565798	-0.22876717530620505	1.2931817930727636	0.8333333333333333	0.0	
36.0	3.0	-2.459276098715045	0.0	-0.17453292519943295	7.0	6.0	-2.633809023914478	0.8333333333333333	0.0	14.04420169782899	3.2606164123468977	1.642247643471629	0.2777777777777778	0.0	
36.0	3.0	-2.459276098715045	0.0	-0.17453292519943295	7.0	6.0	-2.633809023914478	0.8333333333333333	0.0	6.485504244572474	1.0265410308672438	1.642247643471629	1.3888888888888888	0.0	
36.0	3.0	-2.459276098715045	0.0	-0.17453292519943295	7.0	6.0	-2.633809023914478	0.8333333333333333	0.0	13.735504244572473	0.2765410308672438	1.4677147182721964	1.3888888888888888	0.0	
5.0	14.0	-0.8022188880697336	0.0	-0.017453292519943295	20.0	5.0	-0.016820724672285348	2.5	0.0	21.028991510855054	6.714985851425088	-2.0239493644657642	0.5555555555555556	0.0	
5.0	14.0	-0.8022188880697336	0.0	-0.017453292519943295	20.0	5.0	-0.016820724672285348	2.5	0.0	21.028991510855054	6.714985851425088	-2.198482289665197	0.5555555555555556	0.0	
5.0	14.0	-0.8022188880697336	0.0	-0.017453292519943295	20.0	5.0	-0.016820724672285348	2.5	0.0	11.322478777137633	16.03746462856272	-2.2857487522649134	1.3888888888888888	0.0	
5.0	14.0	-0.8022188880697336	0.0	-0.017453292519943295	20.0	5.0	-0.016820724672285348	2.5	0.0	18.822478777137633	11.53746462856272	-2.0239493644657642	1.1111111111111112	0.0	
6.0	33.0	-1.6307474933923891	0.0	0.05235987755982988	15.0	15.0	-0.8453493299949413	2.2222222222222223	0.0	17.22213595499958	21.73606797749979	-2.677945044588987	0.8333333333333333	0.0	
6.0	33.0	-1.6307474933923891	0.0	0.05235987755982988	15.0	15.0	-0.8453493299949413	2.2222222222222223	0.0	18.577708763999663	16.788854381999833	-2.5906785819892706	0.8333333333333333	0.0	
6.0	33.0	-1.6307474933923891	0.0	0.05235987755982988	15.0	15.0	-0.8453493299949413	2.2222222222222223	0.0	10.038854381999831	29.394427190999917	-2.5906785819892706	0.2777777777777778	0.0	
6.0	33.0	-1.6307474933923891	0.0	0.05235987755982988	15.0	15.0	-0.8453493299949413	2.2222222222222223	0.0	15.433281572999748	20.841640786499873	-2.7652115071887033	0.2777777777777778	0.0	
7.0	26.0	-2.0794819962824174	0.0	0.17453292519943295	15.0	5.0	-0.7704850572866704	1.3888888888888888	0.0	16.737950939715873	11.673981310367953	-2.864880159679865	0.8333333333333333	0.0	
7.0	26.0	-2.0794819962824174	0.0	0.17453292519943295	15.0	5.0	-0.7704850572866704	1.3888888888888888	0.0	12.737950939715873	22.173981310367953	-2.864880159679865	0.5555555555555556	0.0	
7.0	26.0	-2.0794819962824174	0.0	0.17453292519943295	15.0	5.0	-0.7704850572866704	1.3888888888888888	0.0	14.737950939715873	16.923981310367953	-2.6903472344804324	1.1111111111111112	0.0	
7.0	26.0	-2.0794819962824174	0.0	0.17453292519943295	15.0	5.0	-0.7704850572866704	1.3888888888888888	0.0	12.737950939715873	22.173981310367953	-2.6903472344804324	0.2777777777777778	0.0	
18.0	4.0	1.9377932254111805	0.0	0.03490658503988659	10.0	15.0	2.4613920010094787	1.3888888888888888	0.0	12.382527831393624	8.323656604649907	0.6287962864154331	0.5555555555555556	0.0	
18.0	4.0	1.9377932254111805	0.0	0.03490658503988659	10.0	15.0	2.4613920010094787	1.3888888888888888	0.0	12.382527831393624	8.323656604649907	0.4542633612160003	0.5555555555555556	0.0	
18.0	4.0	1.9377932254111805	0.0	0.03490658503988659	10.0	15.0	2.4613920010094787	1.3888888888888888	0.0	8.382527831393624	13.823656604649907	0.7160627490151494	0.5555555555555556	0.0	
18.0	4.0	1.9377932254111805	0.0	0.03490658503988659	10.0	15.0	2.4613920010094787	1.3888888888888888	0.0	5.956319578484058	12.059141511624768	0.5415298238157167	0.2777777777777778	0.0	
30.0	4.0	2.8153894378413753	0.0	-0.17453292519943295	6.0	20.0	2.029991274443927	0.0	0.0	3.226499018873857	15.83974852831078	1.1573266484467624	0.8333333333333333	0.0	
30.0	4.0	2.8153894378413753	0.0	-0.17453292519943295	6.0	20.0	2.029991274443927	0.0	0.0	16.335899411324313	9.503849116986467	0.9827937232473296	0.8333333333333333	0.0	
30.0	4.0	2.8153894378413753	0.0	-0.17453292519943295	6.0	20.0	2.029991274443927	0.0	0.0	3.7811992150990856	16.671798822648626	1.1573266484467624	0.2777777777777778	0.0	
30.0	4.0	2.8153894378413753	0.0	-0.17453292519943295	6.0	20.0	2.029991274443927	0.0	0.0	3.7811992150990856	16.671798822648626	0.8082607980478969	1.1111111111111112	0.0	
19.0	6.0	-2.4854423456948207	0.0	-0.12217304763960307	4.0	4.0	2.576012485088735	2.5	0.0	4.528654880364071	0.035088397269461336	1.7033478590915703	1.1111111111111112	0.0	
19.0	6.0	-2.4854423456948207	0.0	-0.12217304763960307	4.0	4.0	2.576012485088735	2.5	0.0	15.910818600455089	0.5438604965868263	1.877880784291003	0.8333333333333333	0.0	
19.0	6.0	-2.4854423456948207	0.0	-0.12217304763960307	4.0	4.0	2.576012485088735	2.5	0.0	8.278654880364071	0.5350883972694613	1.616081396491854	0.8333333333333333	0.0	
19.0	6.0	-2.4854423456948207	0.0	-0.12217304763960307	4.0	4.0	2.576012485088735	2.5	0.0	4.528654880364071	0.035088397269461336	1.877880784291003	0.8333333333333333	0.0	
9.0	6.0	1.0378133034117916	0.0	0.17453292519943295	5.0	30.0	2.1722773172081062	0.5555555555555556	0.0	4.054424304671425	11.34240405077857	0.1651486774146269	1.1111111111111112	0.0	
9.0	6.0	1.0378133034117916	0.0	0.17453292519943295	5.0	30.0	2.1722773172081062	0.5555555555555556	0.0	5.0272121523357125	17.671202025389285	0.33968160261405966	0.5555555555555556	0.0	
9.0	6.0	1.0378133034117916	0.0	0.17453292519943295	5.0	30.0	2.1722773172081062	0.5555555555555556	0.0	3.054424304671425	17.34240405077857	0.33968160261405966	1.1111111111111112	0.0	
9.0	6.0	1.0378133034117916	0.0	0.17453292519943295	5.0	30.0	2.1722773172081062	0.5555555555555556	0.0	4.0272121523357125	23.671202025389285	0.33968160261405966	0.2777777777777778	0.0	
11.0	22.0	-2.264452354764568	0.0	0.15707963267948966	6.0	3.0	-1.21725480356797	1.6666666666666665	0.0	9.868298149050585	1.9820268028814236	3.058801863818137	0.8333333333333333	0.0	
11.0	22.0	-2.264452354764568	0.0	0.15707963267948966	6.0	3.0	-1.21725480356797	1.6666666666666665	0.0	9.868298149050585	1.9820268028814236	2.7970024760189878	1.1111111111111112	0.0	
11.0	22.0	-2.264452354764568	0.0	0.15707963267948966	6.0	3.0	-1.21725480356797	1.6666666666666665	0.0	11.684149074525292	16.74101340144071	3.058801863818137	0.5555555555555556	0.0	
11.0	22.0	-2.264452354764568	0.0	0.15707963267948966	6.0	3.0	-1.21725480356797	1.6666666666666665	0.0	7.934149074525292	2.491013401440712	2.9715354012184205	0.5555555555555556	0.0	
36.0	25.0	2.5899376710612465	0.0	-0.13962634015954636	15.0	20.0	-2.296984234522877	1.1111111111111112	0.0	21.4081026365302	16.385968926573167	1.717273045064081	0.5555555555555556	0.0	
36.0	25.0	2.5899376710612465	0.0	-0.13962634015954636	15.0	20.0	-2.296984234522877	1.1111111111111112	0.0	26.19486158191812	19.5815813559439	1.717273045064081	0.8333333333333333	0.0	
36.0	25.0	2.5899376710612465	0.0	-0.13962634015954636	15.0	20.0	-2.296984234522877	1.1111111111111112	0.0	15.694861581918119	17.0815813559439	1.717273045064081	0.8333333333333333	0.0	
36.0	25.0	2.5899376710612465	0.0	-0.13962634015954636	15.0	20.0	-2.296984234522877	1.1111111111111112	0.0	26.426482109224157	18.608775141258533	1.6300065824643646	0.8333333333333333	0.0	
11.0	26.0	-2.1813667181779532	0.0	0.05235987755982988	7.0	15.0	-1.395968554780505	1.9444444444444444	0.0	13.759173693953748	21.88302774765318	2.618288724806453	0.5555555555555556	0.0	
11.0	26.0	-2.1813667181779532	0.0	0.05235987755982988	7.0	15.0	-1.395968554780505	1.9444444444444444	0.0	8.879586846976874	14.31651387382659	2.7928216500058856	0.5555555555555556	0.0	
11.0	26.0	-2.1813667181779532	0.0	0.05235987755982988	7.0	15.0	-1.395968554780505	1.9444444444444444	0.0	10.759173693953748	13.633027747653182	2.7928216500058856	0.8333333333333333	0.0	
11.0	26.0	-2.1813667181779532	0.0	0.05235987755982988	7.0	15.0	-1.395968554780505	1.9444444444444444	0.0	12.698967117442184	16.041284684566477	2.880088112605602	0.8333333333333333	0.0	
4.0	28.0	-0.8771172873489408	0.0	0.0	15.0	25.0	0.17008026384765706	0.5555555555555556	0.0	10.815587028960541	31.32381910618866	-1.6625154507463886	0.8333333333333333	0.0	
4.0	28.0	-0.8771172873489408	0.0	0.0	15.0	25.0	0.17008026384765706	0.5555555555555556	0.0	16.052469623168435	28.85905528495093	-1.9243148385455378	0.5555555555555556	0.0	
4.0	28.0	-0.8771172873489408	0.0	0.0	15.0	25.0	0.17008026384765706	0.5555555555555556	0.0	16.052469623168435	28.85905528495093	-2.011581301145254	1.1111111111111112	0.0	
4.0	28.0	-0.8771172873489408	0.0	0.0	15.0	25.0	0.17008026384765706	0.5555555555555556	0.0	8.065587028960541	32.073819106188665	-1.749781913346105	0.5555555555555556	0.0	
8.0	16.0	-0.17453292519943275	0.0	-0.03490658503988659	20.0	4.0	-1.4835298641951802	1.3888888888888888	0.0	21.414213562373096	5.414213562373095	-2.181661564992912	0.5555555555555556	0.0	
8.0	16.0	-0.17453292519943275	0.0	-0.03490658503988659	20.0	4.0	-1.4835298641951802	1.3888888888888888	0.0	15.414213562373096	11.414213562373096	-2.2689280275926285	0.2777777777777778	0.0	
8.0	16.0	-0.17453292519943275	0.0	-0.03490658503988659	20.0	4.0	-1.4835298641951802	1.3888888888888888	0.0	18.414213562373096	8.414213562373096	-2.356194490192345	0.2777777777777778	0.0	
8.0	16.0	-0.17453292519943275	0.0	-0.03490658503988659	20.0	4.0	-1.4835298641951802	1.3888888888888888	0.0	15.414213562373096	11.414213562373096	-2.2689280275926285	0.2777777777777778	0.0	
6.0	33.0	-1.979813343791255	0.0	0.017453292519943295	20.0	5.0	-0.7580828673952245	1.1111111111111112	0.0	11.288854381999831	26.894427190999917	-2.503412119389554	0.5555555555555556	0.0	
6.0	33.0	-1.979813343791255	0.0	0.017453292519943295	20.0	5.0	-0.7580828673952245	1.1111111111111112	0.0	11.288854381999831	26.894427190999917	-2.8524779697884197	0.5555555555555556	0.0	
6.0	33.0	-1.979813343791255	0.0	0.017453292519943295	20.0	5.0	-0.7580828673952245	1.1111111111111112	0.0	19.183281572999746	13.341640786499873	-2.677945044588987	0.5555555555555556	0.0	
6.0	33.0	-1.979813343791255	0.0	0.017453292519943295	20.0	5.0	-0.7580828673952245	1.1111111111111112	0.0	20.97213595499958	14.23606797749979	-2.5906785819892706	0.5555555555555556	0.0	
3.0	35.0	-0.9806293874207741	0.0	0.05235987755982988	5.0	5.0	-1.0678958500204905	1.6666666666666665	0.0	6.493355473569826	27.69955703157132	3.0336278921661837	0.2777777777777778	0.0	
3.0	35.0	-0.9806293874207741	0.0	0.05235987755982988	5.0	5.0	-1.0678958500204905	1.6666666666666665	0.0	6.993355473569826	20.19955703157132	3.0336278921661837	0.2777777777777778	0.0	
3.0	35.0	-0.9806293874207741	0.0	0.05235987755982988	5.0	5.0	-1.0678958500204905	1.6666666666666665	0.0	8.988925789283044	20.33259505261887	-2.9877580272142534	0.5555555555555556	0.0	
3.0	35.0	-0.9806293874207741	0.0	0.05235987755982988	5.0	5.0	-1.0678958500204905	1.6666666666666665	0.0	5.995570315713218	20.133038021047547	3.0336278921661837	0.2777777777777778	0.0	
7.0	32.0	-1.0397610743091183	0.0	0.12217304763960307	30.0	5.0	0.00743647688747906	1.3888888888888888	0.0	32.28372969146013	6.945399366799373	-2.2614915507051494	0.5555555555555556	0.0	
7.0	32.0	-1.0397610743091183	0.0	0.12217304763960307	30.0	5.0	0.00743647688747906	1.3888888888888888	0.0	14.272486460973422	26.546932911199583	-2.5232909385042985	0.2777777777777778	0.0	
7.0	32.0	-1.0397610743091183	0.0	0.12217304763960307	30.0	5.0	0.00743647688747906	1.3888888888888888	0.0	21.544972921946844	21.093865822399163	-2.2614915507051494	0.5555555555555556	0.0	
7.0	32.0	-1.0397610743091183	0.0	0.12217304763960307	30.0	5.0	0.00743647688747906	1.3888888888888888	0.0	15.033729691460135	27.19539936679937	-2.610557401104015	0.8333333333333333	0.0	
14.0	16.0	-1.0714496051147666	0.0	0.017453292519943295	20.0	5.0	-1.333248992913916	0.2777777777777778	0.0	19.01158229165754	15.165408522722293	-2.554979469309947	1.1111111111111112	0.0	
14.0	16.0	-1.0714496051147666	0.0	0.017453292519943295	20.0	5.0	-1.333248992913916	0.2777777777777778	0.0	23.51158229165754	6.915408522722293	-2.554979469309947	1.1111111111111112	0.0	
14.0	16.0	-1.0714496051147666	0.0	0.017453292519943295	20.0	5.0	-1.333248992913916	0.2777777777777778	0.0	18.75579114582877	11.457704261361146	-2.816778857109096	0.2777777777777778	0.0	
14.0	16.0	-1.0714496051147666	0.0	0.017453292519943295	20.0	5.0	-1.333248992913916	0.2777777777777778	0.0	21.133686718743153	9.18655639204172	-2.7295123945093795	0.5555555555555556	0.0	
11.0	4.0	1.208041896290693	0.0	-0.08726646259971647	15.0	25.0	1.469841284089842	0.8333333333333333	0.0	13.03532286715505	25.37422421577999	-0.1882215053047709	0.5555555555555556	0.0	
11.0	4.0	1.208041896290693	0.0	-0.08726646259971647	15.0	25.0	1.469841284089842	0.8333333333333333	0.0	7.088307167887627	10.185560539449977	-0.36275443050420364	1.1111111111111112	0.0	
11.0	4.0	1.208041896290693	0.0	-0.08726646259971647	15.0	25.0	1.469841284089842	0.8333333333333333	0.0	11.070645734310101	25.748448431559982	-0.36275443050420364	0.2777777777777778	0.0	
11.0	4.0	1.208041896290693	0.0	-0.08726646259971647	15.0	25.0	1.469841284089842	0.8333333333333333	0.0	8.088307167887628	15.435560539449977	-0.013688580105338133	0.8333333333333333	0.0	
35.0	4.0	3.0055023184115477	0.0	-0.13962634015954636	9.0	3.0	-2.666817750570023	2.7777777777777777	0.0	28.615299366303613	0.7522164761060575	1.5219724542163675	0.2777777777777778	0.0	
35.0	4.0	3.0055023184115477	0.0	-0.13962634015954636	9.0	3.0	-2.666817750570023	2.7777777777777777	0.0	22.07686624420241	1.5014776507373715	1.6965053794158003	0.5555555555555556	0.0	
35.0	4.0	3.0055023184115477	0.0	-0.13962634015954636	9.0	3.0	-2.666817750570023	2.7777777777777777	0.0	28.653732488404817	-0.247044698525257	1.4347059916166511	0.8333333333333333	0.0	
35.0	4.0	3.0055023184115477	0.0	-0.13962634015954636	9.0	3.0	-2.666817750570023	2.7777777777777777	0.0	15.615299366303613	0.25221647610605746	1.7837718420155166	0.5555555555555556	0.0	
6.0	36.0	-1.237552025683224	0.0	0.08726646259971647	15.0	10.0	-1.1502855630835076	1.6666666666666665	0.0	12.389972146880517	23.654221127766334	-2.7210818898784037	0.5555555555555556	0.0	
6.0	36.0	-1.237552025683224	0.0	0.08726646259971647	15.0	10.0	-1.1502855630835076	1.6666666666666665	0.0	14.639972146880517	17.154221127766334	-2.7210818898784037	0.5555555555555556	0.0	
6.0	36.0	-1.237552025683224	0.0	0.08726646259971647	15.0	10.0	-1.1502855630835076	1.6666666666666665	0.0	17.834958220320775	10.981331691649498	-2.982881277677553	0.5555555555555556	0.0	
6.0	36.0	-1.237552025683224	0.0	0.08726646259971647	15.0	10.0	-1.1502855630835076	1.6666666666666665	0.0	12.389972146880517	23.654221127766334	-2.982881277677553	0.2777777777777778	0.0	
28.0	4.0	2.1587989303424644	0.0	-0.05235987755982988	8.0	8.0	3.1187300189393454	0.0	0.0	7.411651594585449	5.058257972927239	1.2861343043452997	0.2777777777777778	0.0	
28.0	4.0	2.1587989303424644	0.0	-0.05235987755982988	8.0	8.0	3.1187300189393454	0.0	0.0	22.41165159458545	2.0582579729272394	1.3734007669450161	0.8333333333333333	0.0	
28.0	4.0	2.1587989303424644	0.0	-0.05235987755982988	8.0	8.0	3.1187300189393454	0.0	0.0	22.215535459447267	1.077677297236319	1.4606672295447325	0.5555555555555556	0.0	
28.0	4.0	2.1587989303424644	0.0	-0.05235987755982988	8.0	8.0	3.1187300189393454	0.0	0.0	7.215535459447265	4.077677297236319	1.3734007669450161	0.2777777777777778	0.0	
7.0	13.0	1.4191260362459115	0.0	-0.06981317007977318	15.0	25.0	0.7209943354481796	0.8333333333333333	0.0	4.83974852831078	18.773500981126144	-0.588002603547567	1.1111111111111112	0.0	
7.0	13.0	1.4191260362459115	0.0	-0.06981317007977318	15.0	25.0	0.7209943354481796	0.8333333333333333	0.0	8.83974852831078	24.773500981126144	-0.7625355287469997	0.8333333333333333	0.0	
7.0	13.0	1.4191260362459115	0.0	-0.06981317007977318	15.0	25.0	0.7209943354481796	0.8333333333333333	0.0	5.671798822648624	18.218800784900914	-0.4134696783481342	1.1111111111111112	0.0	
7.0	13.0	1.4191260362459115	0.0	-0.06981317007977318	15.0	25.0	0.7209943354481796	0.8333333333333333	0.0	8.83974852831078	24.773500981126144	-0.5007361409478506	1.3888888888888888	0.0	
8.0	34.0	-1.7612882498087556	0.0	-0.13962634015954636	10.0	6.0	-1.5867553246093227	2.5	0.0	12.98983479932294	20.284988199951638	-3.070285188804503	1.1111111111111112	0.0	
8.0	34.0	-1.7612882498087556	0.0	-0.13962634015954636	10.0	6.0	-1.5867553246093227	2.5	0.0	13.487293499153676	27.356235249939548	-3.070285188804503	0.2777777777777778	0.0	
8.0	34.0	-1.7612882498087556	0.0	-0.13962634015954636	10.0	6.0	-1.5867553246093227	2.5	0.0	11.992376099492205	20.213741149963727	-2.9830187262047865	0.2777777777777778	0.0	
8.0	34.0	-1.7612882498087556	0.0	-0.13962634015954636	10.0	6.0	-1.5867553246093227	2.5	0.0	12.492376099492205	13.21374114996373	-2.9830187262047865	0.5555555555555556	0.0	
13.0	23.0	-1.6399548059752598	0.0	0.17453292519943295	5.0	5.0	-2.8616852823712904	1.6666666666666665	0.0	11.741434645860771	12.781584601839658	2.6361018614108476	0.2777777777777778	0.0	
13.0	23.0	-1.6399548059752598	0.0	0.17453292519943295	5.0	5.0	-2.8616852823712904	1.6666666666666665	0.0	7.741434645860771	3.781584601839657	2.6361018614108476	0.8333333333333333	0.0	
13.0	23.0	-1.6399548059752598	0.0	0.17453292519943295	5.0	5.0	-2.8616852823712904	1.6666666666666665	0.0	11.569057743101286	7.469307669732762	2.548835398811131	0.5555555555555556	0.0	
13.0	23.0	-1.6399548059752598	0.0	0.17453292519943295	5.0	5.0	-2.8616852823712904	1.6666666666666665	0.0	9.741434645860771	8.281584601839658	2.723368324010564	0.2777777777777778	0.0	
6.0	16.0	-0.1684910152212704	0.0	0.10471975511965977	25.0	25.0	-0.2557574778209868	1.1111111111111112	0.0	9.037654621043822	21.864951355574156	-1.0411556412184346	1.1111111111111112	0.0	
6.0	16.0	-0.1684910152212704	0.0	0.10471975511965977	25.0	25.0	-0.2557574778209868	1.1111111111111112	0.0	23.28765462104382	28.614951355574156	-1.1284221038181528	1.1111111111111112	0.0	
6.0	16.0	-0.1684910152212704	0.0	0.10471975511965977	25.0	25.0	-0.2557574778209868	1.1111111111111112	0.0	18.109568276304778	27.268689194467694	-1.3029550290175855	0.2777777777777778	0.0	
6.0	16.0	-0.1684910152212704	0.0	0.10471975511965977	25.0	25.0	-0.2557574778209868	1.1111111111111112	0.0	8.609568276304778	22.768689194467694	-0.95388917861872	0.2777777777777778	0.0	
3.0	28.0	-1.7880407473972926	0.0	0.17453292519943295	15.0	5.0	-0.9153761214001279	0.5555555555555556	0.0	17.659754538496365	6.387698020085058	-2.6607053733944577	0.2777777777777778	0.0	
3.0	28.0	-1.7880407473972926	0.0	0.17453292519943295	15.0	5.0	-0.9153761214001279	0.5555555555555556	0.0	16.77316969233091	5.925132013390039	-2.747971835994174	0.2777777777777778	0.0	
3.0	28.0	-1.7880407473972926	0.0	0.17453292519943295	15.0	5.0	-0.9153761214001279	0.5555555555555556	0.0	16.77316969233091	5.925132013390039	-2.5734389107947413	0.5555555555555556	0.0	
3.0	28.0	-1.7880407473972926	0.0	0.17453292519943295	15.0	5.0	-0.9153761214001279	0.5555555555555556	0.0	14.659754538496365	12.13769802008506	-2.747971835994174	0.5555555555555556	0.0	
18.0	24.0	-1.4655988159777626	0.0	-0.15707963267948966	15.0	5.0	-1.8146646663766284	2.5	0.0	17.725525930658137	9.438074853053978	-3.1236616053723756	0.5555555555555556	0.0	
18.0	24.0	-1.4655988159777626	0.0	-0.15707963267948966	15.0	5.0	-1.8146646663766284	2.5	0.0	17.725525930658137	9.438074853053978	2.984990776607778	0.2777777777777778	0.0	
18.0	24.0	-1.4655988159777626	0.0	-0.15707963267948966	15.0	5.0	-1.8146646663766284	2.5	0.0	18.71328889598721	9.282112279580968	2.8977243140080615	0.2777777777777778	0.0	
18.0	24.0	-1.4655988159777626	0.0	-0.15707963267948966	15.0	5.0	-1.8146646663766284	2.5	0.0	21.201051861316277	18.626149706107956	2.8977243140080615	0.2777777777777778	0.0	
20.0	25.0	2.567287823415091	0.0	-0.05235987755982988	3.0	36.0	1.6946231974179273	1.9444444444444444	0.0	14.120246165528176	25.231289528543545	0.9092250340204782	0.2777777777777778	0.0	
20.0	25.0	2.567287823415091	0.0	-0.05235987755982988	3.0	36.0	1.6946231974179273	1.9444444444444444	0.0	5.620246165528177	30.731289528543545	0.8219585714207618	0.5555555555555556	0.0	
20.0	25.0	2.567287823415091	0.0	-0.05235987755982988	3.0	36.0	1.6946231974179273	1.9444444444444444	0.0	1.3702461655281766	33.48128952854355	1.1710244218196273	0.8333333333333333	0.0	
20.0	25.0	2.567287823415091	0.0	-0.05235987755982988	3.0	36.0	1.6946231974179273	1.9444444444444444	0.0	9.870246165528176	27.981289528543545	0.8219585714207618	0.5555555555555556	0.0	
12.0	20.0	-1.4333519335425087	0.0	-0.05235987755982988	19.0	11.0	-0.21162145714647806	1.6666666666666665	0.0	20.407408869505307	15.70576245405968	-2.6550824099385393	0.2777777777777778	0.0	
12.0	20.0	-1.4333519335425087	0.0	-0.05235987755982988	19.0	11.0	-0.21162145714647806	1.6666666666666665	0.0	21.368056652128978	12.84182184054476	-2.567815947338823	0.2777777777777778	0.0	
12.0	20.0	-1.4333519335425087	0.0	-0.05235987755982988	19.0	11.0	-0.21162145714647806	1.6666666666666665	0.0	19.618056652128978	15.09182184054476	-2.4805494847391065	0.2777777777777778	0.0	
12.0	20.0	-1.4333519335425087	0.0	-0.05235987755982988	19.0	11.0	-0.21162145714647806	1.6666666666666665	0.0	15.328704434752654	18.97788122702984	-2.567815947338823	0.5555555555555556	0.0	
20.0	27.0	-2.4037775934693286	0.0	-0.10471975511965977	19.0	6.0	-1.1820471170732978	0.5555555555555556	0.0	24.744340688622188	21.51217425292275	-3.014642831667344	0.8333333333333333	0.0	
20.0	27.0	-2.4037775934693286	0.0	-0.10471975511965977	19.0	6.0	-1.1820471170732978	0.5555555555555556	0.0	21.247736275448876	11.154869701169101	2.9194766251133766	0.2777777777777778	0.0	
20.0	27.0	-2.4037775934693286	0.0	-0.10471975511965977	19.0	6.0	-1.1820471170732978	0.5555555555555556	0.0	21.497736275448876	16.4048697011691	-3.1019092942670605	0.5555555555555556	0.0	
20.0	27.0	-2.4037775934693286	0.0	-0.10471975511965977	19.0	6.0	-1.1820471170732978	0.5555555555555556	0.0	22.746604413173312	21.60730455175365	2.9194766251133766	0.5555555555555556	0.0	
11.0	13.0	0.5101203887326573	0.0	-0.08726646259971647	31.0	22.0	-0.4498106998642242	2.2222222222222223	0.0	28.94817661335601	26.55960752587553	-1.3224753258613884	0.5555555555555556	0.0	
11.0	13.0	0.5101203887326573	0.0	-0.08726646259971647	31.0	22.0	-0.4498106998642242	2.2222222222222223	0.0	30.179270645342402	23.823843010350213	-1.0606759380622393	0.2777777777777778	0.0	
11.0	13.0	0.5101203887326573	0.0	-0.08726646259971647	31.0	22.0	-0.4498106998642242	2.2222222222222223	0.0	30.179270645342402	23.823843010350213	-0.9734094754625229	0.5555555555555556	0.0	
11.0	13.0	0.5101203887326573	0.0	-0.08726646259971647	31.0	22.0	-0.4498106998642242	2.2222222222222223	0.0	24.35854129068481	23.397686020700426	-1.0606759380622393	1.1111111111111112	0.0	
4.0	36.0	-1.4343309713887886	0.0	-0.08726646259971647	13.0	8.0	-0.9107321957904899	1.9444444444444444	0.0	11.356085683855792	22.91802754123936	-2.6560614477848192	0.2777777777777778	0.0	
4.0	36.0	-1.4343309713887886	0.0	-0.08726646259971647	13.0	8.0	-0.9107321957904899	1.9444444444444444	0.0	14.904057122570528	8.61201836082624	-2.6560614477848192	0.2777777777777778	0.0	
4.0	36.0	-1.4343309713887886	0.0	-0.08726646259971647	13.0	8.0	-0.9107321957904899	1.9444444444444444	0.0	8.154057122570528	29.61201836082624	-2.9178608355839684	0.2777777777777778	0.0	
4.0	36.0	-1.4343309713887886	0.0	-0.08726646259971647	13.0	8.0	-0.9107321957904899	1.9444444444444444	0.0	16.808114245141056	9.224036721652483	-3.0051272981836847	0.2777777777777778	0.0	
28.0	27.0	3.065513853148664	0.0	0.13962634015954636	3.0	15.0	-2.694072678432623	2.5	0.0	23.480924270339084	20.393907770126905	2.192849227151499	0.5555555555555556	0.0	
28.0	27.0	3.065513853148664	0.0	0.13962634015954636	3.0	15.0	-2.694072678432623	2.5	0.0	5.163655337923856	10.492384712658632	2.0183163019520665	1.1111111111111112	0.0	
28.0	27.0	3.065513853148664	0.0	0.13962634015954636	3.0	15.0	-2.694072678432623	2.5	0.0	17.663655337923856	16.492384712658634	2.105582764551783	1.1111111111111112	0.0	
28.0	27.0	3.065513853148664	0.0	0.13962634015954636	3.0	15.0	-2.694072678432623	2.5	0.0	23.913655337923856	19.492384712658634	2.0183163019520665	1.1111111111111112	0.0	
12.0	4.0	2.095590446274965	0.0	0.17453292519943295	5.0	30.0	2.2701233714743987	2.7777777777777777	0.0	2.887536965917321	22.46010610620851	0.35026119428063573	0.5555555555555556	0.0	
12.0	4.0	2.095590446274965	0.0	0.17453292519943295	5.0	30.0	2.2701233714743987	2.7777777777777777	0.0	3.671921207396651	15.700132632760637	0.17572826908120298	0.8333333333333333	0.0	
12.0	4.0	2.095590446274965	0.0	0.17453292519943295	5.0	30.0	2.2701233714743987	2.7777777777777777	0.0	2.103152724437991	29.22007957965638	0.4375276568803521	0.2777777777777778	0.0	
12.0	4.0	2.095590446274965	0.0	0.17453292519943295	5.0	30.0	2.2701233714743987	2.7777777777777777	0.0	3.0687684829586606	29.480053053104253	0.26299473168091936	0.5555555555555556	0.0	
