400
6.0	5.0	-0.5635774627215886	0.0	0.05235987755982988	31.0	4.0	0.5708865510747252	2.7777777777777777	0.0	12.329936076697743	6.748401917443578	-1.4362420887187541	0.5555555555555556	0.0	
6.0	5.0	-0.5635774627215886	0.0	0.05235987755982988	31.0	4.0	0.5708865510747252	2.7777777777777777	0.0	12.329936076697743	6.748401917443578	-1.5235085513184705	0.2777777777777778	0.0	
6.0	5.0	-0.5635774627215886	0.0	0.05235987755982988	31.0	4.0	0.5708865510747252	2.7777777777777777	0.0	31.079936076697745	5.998401917443578	-1.7853079391176196	0.5555555555555556	0.0	
6.0	5.0	-0.5635774627215886	0.0	0.05235987755982988	31.0	4.0	0.5708865510747252	2.7777777777777777	0.0	24.869904115046616	7.247602876165368	-1.5235085513184705	0.2777777777777778	0.0	
33.0	8.0	2.949128680172942	0.0	0.08726646259971647	14.0	5.0	-2.984990776607778	1.9444444444444444	0.0	24.279812867365052	1.5611851733546551	1.6401317411771954	0.5555555555555556	0.0	
33.0	8.0	2.949128680172942	0.0	0.08726646259971647	14.0	5.0	-2.984990776607778	1.9444444444444444	0.0	28.56192514694602	5.274474069341862	1.8146646663766282	0.2777777777777778	0.0	
33.0	8.0	2.949128680172942	0.0	0.08726646259971647	14.0	5.0	-2.984990776607778	1.9444444444444444	0.0	24.279812867365052	1.5611851733546551	1.8146646663766282	0.2777777777777778	0.0	
33.0	8.0	2.949128680172942	0.0	0.08726646259971647	14.0	5.0	-2.984990776607778	1.9444444444444444	0.0	28.873850293892044	3.298948138683724	1.9019311289763445	0.2777777777777778	0.0	
6.0	18.0	-1.0200215290031807	0.0	-0.10471975511965977	30.0	5.0	0.02717602219341675	2.2222222222222223	0.0	31.905132594163014	8.517167866147094	-2.067219080199779	0.5555555555555556	0.0	
6.0	18.0	-1.0200215290031807	0.0	-0.10471975511965977	30.0	5.0	0.02717602219341675	2.2222222222222223	0.0	26.381415742703766	12.646459832683869	-1.8926861550003462	0.8333333333333333	0.0	
6.0	18.0	-1.0200215290031807	0.0	-0.10471975511965977	30.0	5.0	0.02717602219341675	2.2222222222222223	0.0	20.381415742703766	15.896459832683869	-1.9799526176000626	0.8333333333333333	0.0	
6.0	18.0	-1.0200215290031807	0.0	-0.10471975511965977	30.0	5.0	0.02717602219341675	2.2222222222222223	0.0	19.905132594163014	15.017167866147094	-2.1544855427994953	0.2777777777777778	0.0	
5.0	20.0	-1.1344640137963142	0.0	-0.08726646259971647	5.0	10.0	-2.007128639793479	1.3888888888888888	0.0	8.0	10.0	3.0543261909900767	0.5555555555555556	0.0	
5.0	20.0	-1.1344640137963142	0.0	-0.08726646259971647	5.0	10.0	-2.007128639793479	1.3888888888888888	0.0	7.0	12.5	-2.9670597283903604	0.2777777777777778	0.0	
5.0	20.0	-1.1344640137963142	0.0	-0.08726646259971647	5.0	10.0	-2.007128639793479	1.3888888888888888	0.0	8.0	12.5	-3.141592653589793	0.2777777777777778	0.0	
5.0	20.0	-1.1344640137963142	0.0	-0.08726646259971647	5.0	10.0	-2.007128639793479	1.3888888888888888	0.0	9.0	12.5	3.0543261909900767	0.2777777777777778	0.0	
29.0	4.0	-2.757843402202152	0.0	0.10471975511965977	10.0	5.0	2.8272102041797016	1.6666666666666665	0.0	23.987205834386184	-0.7430891466625491	1.3436803399845223	0.8333333333333333	0.0	
29.0	4.0	-2.757843402202152	0.0	0.10471975511965977	10.0	5.0	2.8272102041797016	1.6666666666666665	0.0	19.237205834386184	-0.4930891466625491	1.3436803399845223	1.1111111111111112	0.0	
29.0	4.0	-2.757843402202152	0.0	0.10471975511965977	10.0	5.0	2.8272102041797016	1.6666666666666665	0.0	9.789764667508946	1.005528682669961	1.518213265183955	0.8333333333333333	0.0	
29.0	4.0	-2.757843402202152	0.0	0.10471975511965977	10.0	5.0	2.8272102041797016	1.6666666666666665	0.0	19.237205834386184	-0.4930891466625491	1.4309468025842387	1.3888888888888888	0.0	
37.0	30.0	-3.1142773575875693	0.0	-0.05235987755982988	25.0	24.0	-2.4161456567898374	0.5555555555555556	0.0	25.894427190999917	22.211145618000167	1.85991101059627	0.2777777777777778	0.0	
37.0	30.0	-3.1142773575875693	0.0	-0.05235987755982988	25.0	24.0	-2.4161456567898374	0.5555555555555556	0.0	34.89442719099991	26.711145618000167	2.2089768609951355	0.5555555555555556	0.0	
37.0	30.0	-3.1142773575875693	0.0	-0.05235987755982988	25.0	24.0	-2.4161456567898374	0.5555555555555556	0.0	35.78885438199983	24.922291236000337	1.9471774731959863	0.5555555555555556	0.0	
37.0	30.0	-3.1142773575875693	0.0	-0.05235987755982988	25.0	24.0	-2.4161456567898374	0.5555555555555556	0.0	36.23606797749979	24.02786404500042	1.9471774731959863	0.2777777777777778	0.0	
4.0	25.0	-1.0845056180743713	0.0	-0.12217304763960307	5.0	5.0	-2.3062360944704023	2.7777777777777777	0.0	8.995009355511378	5.1997504677755675	-3.0043677952681342	0.8333333333333333	0.0	
4.0	25.0	-1.0845056180743713	0.0	-0.12217304763960307	5.0	5.0	-2.3062360944704023	2.7777777777777777	0.0	9.993761694389224	5.24968808471946	-3.0916342578678506	0.5555555555555556	0.0	
4.0	25.0	-1.0845056180743713	0.0	-0.12217304763960307	5.0	5.0	-2.3062360944704023	2.7777777777777777	0.0	9.243761694389224	20.24968808471946	3.1042845867120192	1.1111111111111112	0.0	
4.0	25.0	-1.0845056180743713	0.0	-0.12217304763960307	5.0	5.0	-2.3062360944704023	2.7777777777777777	0.0	7.996257016633534	5.149812850831676	-3.0916342578678506	0.2777777777777778	0.0	
15.0	6.0	0.5111965857068532	0.0	-0.13962634015954636	25.0	5.0	-0.5360009654897446	0.0	0.0	17.798511157062997	8.735111570629968	-1.4959320540866257	0.8333333333333333	0.0	
15.0	6.0	0.5111965857068532	0.0	-0.13962634015954636	25.0	5.0	-0.5360009654897446	0.0	0.0	20.497518595104992	10.475185951049946	-1.6704649792860584	1.1111111111111112	0.0	
15.0	6.0	0.5111965857068532	0.0	-0.13962634015954636	25.0	5.0	-0.5360009654897446	0.0	0.0	20.199007438042	7.490074380419978	-1.8449979044854912	0.2777777777777778	0.0	
15.0	6.0	0.5111965857068532	0.0	-0.13962634015954636	25.0	5.0	-0.5360009654897446	0.0	0.0	25.199007438042	6.990074380419978	-1.7577314418857748	0.2777777777777778	0.0	
6.0	17.0	-1.185030932609001	0.0	-0.017453292519943295	10.0	4.0	-1.4468303204081503	0.5555555555555556	0.0	10.86733702616585	11.38225754651257	-2.9303601846033303	0.2777777777777778	0.0	
6.0	17.0	-1.185030932609001	0.0	-0.017453292519943295	10.0	4.0	-1.4468303204081503	0.5555555555555556	0.0	11.9115580174439	4.588171697675046	-2.843093722003614	0.2777777777777778	0.0	
6.0	17.0	-1.185030932609001	0.0	-0.017453292519943295	10.0	4.0	-1.4468303204081503	0.5555555555555556	0.0	13.77889504360975	8.720429244187615	-2.9303601846033303	0.5555555555555556	0.0	
6.0	17.0	-1.185030932609001	0.0	-0.017453292519943295	10.0	4.0	-1.4468303204081503	0.5555555555555556	0.0	8.9115580174439	14.338171697675046	-2.668560796804181	0.5555555555555556	0.0	
8.0	3.0	1.2123462286112243	0.0	0.03490658503988659	5.0	21.0	2.1722773172081062	0.8333333333333333	0.0	3.0272121523357125	20.671202025389285	-0.009384247784805844	0.5555555555555556	0.0	
8.0	3.0	1.2123462286112243	0.0	0.03490658503988659	5.0	21.0	2.1722773172081062	0.8333333333333333	0.0	3.304424304671425	6.84240405077857	0.33968160261405966	0.8333333333333333	0.0	
8.0	3.0	1.2123462286112243	0.0	0.03490658503988659	5.0	21.0	2.1722773172081062	0.8333333333333333	0.0	2.3180303808392813	6.678005063473212	-0.009384247784805844	0.5555555555555556	0.0	
8.0	3.0	1.2123462286112243	0.0	0.03490658503988659	5.0	21.0	2.1722773172081062	0.8333333333333333	0.0	3.7772121523357125	16.171202025389285	0.33968160261405966	0.5555555555555556	0.0	
15.0	24.0	-2.845109864801869	0.0	0.03490658503988659	5.0	15.0	-1.7979123136052715	0.0	0.0	12.675858926489799	16.526823415011336	2.3036114285814033	0.2777777777777778	0.0	
15.0	24.0	-2.845109864801869	0.0	0.03490658503988659	5.0	15.0	-1.7979123136052715	0.0	0.0	15.844823658112247	18.033529268764166	2.216344965981687	0.5555555555555556	0.0	
15.0	24.0	-2.845109864801869	0.0	0.03490658503988659	5.0	15.0	-1.7979123136052715	0.0	0.0	8.8379294632449	15.763411707505668	2.216344965981687	0.2777777777777778	0.0	
15.0	24.0	-2.845109864801869	0.0	0.03490658503988659	5.0	15.0	-1.7979123136052715	0.0	0.0	12.006894194867348	17.270117561258502	2.478144353780836	0.8333333333333333	0.0	
37.0	7.0	-2.369521915134121	0.0	-0.13962634015954636	10.0	5.0	-2.718587765532987	2.5	0.0	30.39774337103062	4.505464491086582	1.8192682896522694	0.5555555555555556	0.0	
37.0	7.0	-2.369521915134121	0.0	-0.13962634015954636	10.0	5.0	-2.718587765532987	2.5	0.0	10.147743371030623	3.005464491086582	1.5574689018531203	0.2777777777777778	0.0	
37.0	7.0	-2.369521915134121	0.0	-0.13962634015954636	10.0	5.0	-2.718587765532987	2.5	0.0	23.64774337103062	4.005464491086582	1.732001827052553	0.2777777777777778	0.0	
37.0	7.0	-2.369521915134121	0.0	-0.13962634015954636	10.0	5.0	-2.718587765532987	2.5	0.0	17.045486742061247	1.510928982173164	1.732001827052553	0.2777777777777778	0.0	
3.0	8.0	-0.08726646259971638	0.0	0.13962634015954636	36.0	8.0	0.0	1.6666666666666665	0.0	11.25	10.0	-1.4835298641951802	0.2777777777777778	0.0	
3.0	8.0	-0.08726646259971638	0.0	0.13962634015954636	36.0	8.0	0.0	1.6666666666666665	0.0	36.0	11.0	-1.7453292519943293	0.2777777777777778	0.0	
3.0	8.0	-0.08726646259971638	0.0	0.13962634015954636	36.0	8.0	0.0	1.6666666666666665	0.0	19.5	11.0	-1.658062789394613	0.2777777777777778	0.0	
3.0	8.0	-0.08726646259971638	0.0	0.13962634015954636	36.0	8.0	0.0	1.6666666666666665	0.0	11.25	13.0	-1.3962634015954638	0.2777777777777778	0.0	
6.0	4.0	1.4586822115914213	0.0	-0.17453292519943295	5.0	20.0	1.9822809871897196	1.3888888888888888	0.0	1.7577896860684459	7.750486855379277	0.14968527259567388	0.5555555555555556	0.0	
6.0	4.0	1.4586822115914213	0.0	-0.17453292519943295	5.0	20.0	1.9822809871897196	1.3888888888888888	0.0	0.2597371075855577	15.688108569224095	0.14968527259567388	0.5555555555555556	0.0	
6.0	4.0	1.4586822115914213	0.0	-0.17453292519943295	5.0	20.0	1.9822809871897196	1.3888888888888888	0.0	3.2538948430342227	15.875243427689638	-0.024847652603758874	0.2777777777777778	0.0	
6.0	4.0	1.4586822115914213	0.0	-0.17453292519943295	5.0	20.0	1.9822809871897196	1.3888888888888888	0.0	3.0038948430342227	19.87524342768964	0.0624188099959575	0.5555555555555556	0.0	
11.0	27.0	0.41872183686806475	0.0	-0.017453292519943295	30.0	25.0	-0.3666763265293831	1.1111111111111112	0.0	30.209369569036085	26.98901090584281	-1.6756732655251305	0.2777777777777778	0.0	
11.0	27.0	0.41872183686806475	0.0	-0.017453292519943295	30.0	25.0	-0.3666763265293831	1.1111111111111112	0.0	16.273423922590215	31.47252726460703	-1.762939728124847	1.3888888888888888	0.0	
11.0	27.0	0.41872183686806475	0.0	-0.017453292519943295	30.0	25.0	-0.3666763265293831	1.1111111111111112	0.0	15.959369569036086	28.48901090584281	-1.5884068029254141	0.5555555555555556	0.0	
11.0	27.0	0.41872183686806475	0.0	-0.017453292519943295	30.0	25.0	-0.3666763265293831	1.1111111111111112	0.0	16.168739138072173	30.478021811685625	-1.6756732655251305	0.2777777777777778	0.0	
22.0	6.0	2.9636663037893314	0.0	0.13962634015954636	11.0	7.0	3.0509327663890478	2.5	0.0	16.047321269787407	1.520533967661481	1.3928699769944348	0.2777777777777778	0.0	
22.0	6.0	2.9636663037893314	0.0	0.13962634015954636	11.0	7.0	3.0509327663890478	2.5	0.0	16.137857015829926	2.5164271741291846	1.3056035143947184	0.5555555555555556	0.0	
22.0	6.0	2.9636663037893314	0.0	0.13962634015954636	11.0	7.0	3.0509327663890478	2.5	0.0	10.637857015829924	3.0164271741291846	1.3928699769944348	1.1111111111111112	0.0	
22.0	6.0	2.9636663037893314	0.0	0.13962634015954636	11.0	7.0	3.0509327663890478	2.5	0.0	19.06892850791496	4.258213587064592	1.4801364395941512	0.5555555555555556	0.0	
7.0	16.0	-1.3363122349979708	0.0	-0.05235987755982988	11.0	4.0	-1.161779309798538	0.8333333333333333	0.0	9.897366596101028	13.632455532033676	-2.7325756365934346	0.2777777777777778	0.0	
7.0	16.0	-1.3363122349979708	0.0	-0.05235987755982988	11.0	4.0	-1.161779309798538	0.8333333333333333	0.0	15.743416490252569	5.581138830084189	-2.7325756365934346	0.8333333333333333	0.0	
7.0	16.0	-1.3363122349979708	0.0	-0.05235987755982988	11.0	4.0	-1.161779309798538	0.8333333333333333	0.0	13.743416490252569	11.581138830084189	-2.819842099193151	0.8333333333333333	0.0	
7.0	16.0	-1.3363122349979708	0.0	-0.05235987755982988	11.0	4.0	-1.161779309798538	0.8333333333333333	0.0	11.846049894151541	10.948683298050513	-2.9943750243925837	0.8333333333333333	0.0	
34.0	24.0	-2.7397294415907183	0.0	0.03490658503988659	5.0	25.0	-2.5651965163912855	0.2777777777777778	0.0	4.862150896640885	21.00237600258565	1.7108601509948214	0.5555555555555556	0.0	
34.0	24.0	-2.7397294415907183	0.0	0.03490658503988659	5.0	25.0	-2.5651965163912855	0.2777777777777778	0.0	4.827688620801106	20.00297000323206	1.5363272257953886	0.5555555555555556	0.0	
34.0	24.0	-2.7397294415907183	0.0	0.03490658503988659	5.0	25.0	-2.5651965163912855	0.2777777777777778	0.0	19.431075448320442	22.501188001292824	1.7108601509948214	0.5555555555555556	0.0	
34.0	24.0	-2.7397294415907183	0.0	0.03490658503988659	5.0	25.0	-2.5651965163912855	0.2777777777777778	0.0	19.327688620801105	19.50297000323206	1.623593688395105	1.3888888888888888	0.0	
33.0	36.0	-1.1116013791458665	0.0	-0.13962634015954636	36.0	21.0	-1.9842660051430312	0.0	0.0	39.4029033784546	29.48058067569092	-2.76966416854048	1.3888888888888888	0.0	
33.0	36.0	-1.1116013791458665	0.0	-0.13962634015954636	36.0	21.0	-1.9842660051430312	0.0	0.0	37.96116135138184	21.392232270276367	-2.9441970937399127	0.2777777777777778	0.0	
33.0	36.0	-1.1116013791458665	0.0	-0.13962634015954636	36.0	21.0	-1.9842660051430312	0.0	0.0	39.17232270276368	25.534464540552733	-2.76966416854048	1.1111111111111112	0.0	
33.0	36.0	-1.1116013791458665	0.0	-0.13962634015954636	36.0	21.0	-1.9842660051430312	0.0	0.0	40.1529033784546	25.73058067569092	-3.1187300189393454	0.5555555555555556	0.0	
5.0	11.0	1.1105421423951194	0.0	0.017453292519943295	37.0	25.0	0.2378775163979543	0.5555555555555556	0.0	27.797543497940875	24.248472004706567	-1.2456523477972254	0.2777777777777778	0.0	
5.0	11.0	1.1105421423951194	0.0	0.017453292519943295	37.0	25.0	0.2378775163979543	0.5555555555555556	0.0	12.198362331960585	16.33231466980438	-0.9838529599980763	0.2777777777777778	0.0	
5.0	11.0	1.1105421423951194	0.0	0.017453292519943295	37.0	25.0	0.2378775163979543	0.5555555555555556	0.0	26.99590582990146	26.080786674510946	-1.3329188103969418	1.1111111111111112	0.0	
5.0	11.0	1.1105421423951194	0.0	0.017453292519943295	37.0	25.0	0.2378775163979543	0.5555555555555556	0.0	35.39672466392117	28.664629339608755	-1.158385885197509	0.2777777777777778	0.0	
6.0	8.0	1.7465262480461377	0.0	-0.13962634015954636	10.0	23.0	0.5247957716501075	1.6666666666666665	0.0	3.1688253019937687	16.78831325280166	-0.34786885434705717	1.1111111111111112	0.0	
6.0	8.0	1.7465262480461377	0.0	-0.13962634015954636	10.0	23.0	0.5247957716501075	1.6666666666666665	0.0	6.135060241595015	24.03065060224133	-0.1733359291476244	1.1111111111111112	0.0	
6.0	8.0	1.7465262480461377	0.0	-0.13962634015954636	10.0	23.0	0.5247957716501075	1.6666666666666665	0.0	4.168825301993769	20.53831325280166	-0.43513531694677354	1.1111111111111112	0.0	
6.0	8.0	1.7465262480461377	0.0	-0.13962634015954636	10.0	23.0	0.5247957716501075	1.6666666666666665	0.0	3.135060241595015	12.780650602241328	-0.08606946654790804	1.1111111111111112	0.0	
22.0	23.0	-2.6590793585673165	0.0	-0.03490658503988659	6.0	28.0	2.4023754722162396	0.8333333333333333	0.0	12.50862503432027	20.72760010982485	1.2679114584199258	1.1111111111111112	0.0	
22.0	23.0	-2.6590793585673165	0.0	-0.03490658503988659	6.0	28.0	2.4023754722162396	0.8333333333333333	0.0	4.806900027456216	24.18208008785988	1.4424443836193586	0.5555555555555556	0.0	
22.0	23.0	-2.6590793585673165	0.0	-0.03490658503988659	6.0	28.0	2.4023754722162396	0.8333333333333333	0.0	9.105175020592162	23.886560065894912	1.4424443836193586	0.8333333333333333	0.0	
22.0	23.0	-2.6590793585673165	0.0	-0.03490658503988659	6.0	28.0	2.4023754722162396	0.8333333333333333	0.0	8.50862503432027	21.97760010982485	1.1806449958202094	0.2777777777777778	0.0	
29.0	3.0	-2.397837069290933	0.0	-0.03490658503988659	5.0	4.0	-2.397837069290933	2.2222222222222223	0.0	16.833477821151277	-0.496532292369408	1.6164202102960248	0.8333333333333333	0.0	
29.0	3.0	-2.397837069290933	0.0	-0.03490658503988659	5.0	4.0	-2.397837069290933	2.2222222222222223	0.0	4.916738910575638	2.001733853815296	1.3546208224968757	0.2777777777777778	0.0	
29.0	3.0	-2.397837069290933	0.0	-0.03490658503988659	5.0	4.0	-2.397837069290933	2.2222222222222223	0.0	4.875108365863457	1.0026007807229442	1.6164202102960248	0.8333333333333333	0.0	
29.0	3.0	-2.397837069290933	0.0	-0.03490658503988659	5.0	4.0	-2.397837069290933	2.2222222222222223	0.0	10.916738910575638	1.751733853815296	1.7036866728957412	0.5555555555555556	0.0	
7.0	9.0	2.0835800775969338	0.0	-0.12217304763960307	10.0	25.0	1.0363825264003363	1.6666666666666665	0.0	5.7842556261313565	13.36857707010037	-0.1853479499956947	0.2777777777777778	0.0	
7.0	9.0	2.0835800775969338	0.0	-0.12217304763960307	10.0	25.0	1.0363825264003363	1.6666666666666665	0.0	4.801383439197034	13.552865605150556	-0.35988087519512746	0.5555555555555556	0.0	
7.0	9.0	2.0835800775969338	0.0	-0.12217304763960307	10.0	25.0	1.0363825264003363	1.6666666666666665	0.0	5.7842556261313565	13.36857707010037	-0.35988087519512746	0.5555555555555556	0.0	
7.0	9.0	2.0835800775969338	0.0	-0.12217304763960307	10.0	25.0	1.0363825264003363	1.6666666666666665	0.0	3.5856390653283903	17.921442675250926	-0.09808148739597833	0.8333333333333333	0.0	
37.0	31.0	3.1197090567856254	0.0	0.12217304763960307	11.0	27.0	2.77064320638676	1.3888888888888888	0.0	30.956171552761823	27.03488490704815	1.810712117789878	0.2777777777777778	0.0	
37.0	31.0	3.1197090567856254	0.0	0.12217304763960307	11.0	27.0	2.77064320638676	1.3888888888888888	0.0	24.304114368507882	27.023256604698766	1.5489127299907288	0.5555555555555556	0.0	
37.0	31.0	3.1197090567856254	0.0	0.12217304763960307	11.0	27.0	2.77064320638676	1.3888888888888888	0.0	24.304114368507882	27.023256604698766	1.8979785803895943	0.2777777777777778	0.0	
37.0	31.0	3.1197090567856254	0.0	0.12217304763960307	11.0	27.0	2.77064320638676	1.3888888888888888	0.0	11.608228737015764	23.04651320939753	1.5489127299907288	0.2777777777777778	0.0	
26.0	23.0	-2.8874785095336835	0.0	-0.06981317007977318	5.0	25.0	2.523042171648738	0.0	0.0	9.775954536860022	19.52252263703024	1.3885781578524234	0.2777777777777778	0.0	
26.0	23.0	-2.8874785095336835	0.0	-0.06981317007977318	5.0	25.0	2.523042171648738	0.0	0.0	15.120763629488017	20.01801810962419	1.3885781578524234	0.2777777777777778	0.0	
26.0	23.0	-2.8874785095336835	0.0	-0.06981317007977318	5.0	25.0	2.523042171648738	0.0	0.0	4.525954536860021	20.02252263703024	1.4758446204521398	0.5555555555555556	0.0	
26.0	23.0	-2.8874785095336835	0.0	-0.06981317007977318	5.0	25.0	2.523042171648738	0.0	0.0	9.775954536860022	19.52252263703024	1.6503775456515726	1.1111111111111112	0.0	
34.0	5.0	-2.9451761315861926	0.0	-0.13962634015954636	21.0	7.0	2.290811624396796	1.6666666666666665	0.0	29.989714078730294	0.5581415117469142	1.2436140732001988	1.1111111111111112	0.0	
34.0	5.0	-2.9451761315861926	0.0	-0.13962634015954636	21.0	7.0	2.290811624396796	1.6666666666666665	0.0	23.641771262984236	2.5465132093975313	1.2436140732001988	0.2777777777777778	0.0	
34.0	5.0	-2.9451761315861926	0.0	-0.13962634015954636	21.0	7.0	2.290811624396796	1.6666666666666665	0.0	23.793828447238177	3.5348849070481485	1.5926799235990643	0.8333333333333333	0.0	
34.0	5.0	-2.9451761315861926	0.0	-0.13962634015954636	21.0	7.0	2.290811624396796	1.6666666666666665	0.0	26.891771262984236	2.0465132093975313	1.4181469983996315	0.5555555555555556	0.0	
35.0	23.0	2.4641592516159543	0.0	-0.12217304763960307	5.0	25.0	2.638692176815387	0.5555555555555556	0.0	12.30044296842868	21.506644526430172	1.5914946256187896	0.2777777777777778	0.0	
35.0	23.0	2.4641592516159543	0.0	-0.12217304763960307	5.0	25.0	2.638692176815387	0.5555555555555556	0.0	12.167404947381133	19.511074210716956	1.4169617004193569	0.2777777777777778	0.0	
35.0	23.0	2.4641592516159543	0.0	-0.12217304763960307	5.0	25.0	2.638692176815387	0.5555555555555556	0.0	12.30044296842868	21.506644526430172	1.5914946256187896	0.8333333333333333	0.0	
35.0	23.0	2.4641592516159543	0.0	-0.12217304763960307	5.0	25.0	2.638692176815387	0.5555555555555556	0.0	12.167404947381133	19.511074210716956	1.5914946256187896	0.8333333333333333	0.0	
6.0	11.0	2.2529690297782023	0.0	-0.12217304763960307	5.0	25.0	1.0312385533821722	2.5	0.0	3.00508260033853	24.85750590002418	0.07130746478529026	0.5555555555555556	0.0	
6.0	11.0	2.2529690297782023	0.0	-0.12217304763960307	5.0	25.0	1.0312385533821722	2.5	0.0	0.012706500846324964	24.643764750060452	0.24584038998472302	1.3888888888888888	0.0	
6.0	11.0	2.2529690297782023	0.0	-0.12217304763960307	5.0	25.0	1.0312385533821722	2.5	0.0	0.762706500846325	14.143764750060452	0.15857392738500664	1.3888888888888888	0.0	
6.0	11.0	2.2529690297782023	0.0	-0.12217304763960307	5.0	25.0	1.0312385533821722	2.5	0.0	3.25508260033853	21.35750590002418	0.15857392738500664	0.5555555555555556	0.0	
5.0	6.0	1.0863183977578732	0.0	-0.03490658503988659	15.0	25.0	0.3009202343604249	0.8333333333333333	0.0	9.845245332854052	21.64723929849787	-0.397211466437307	0.8333333333333333	0.0	
5.0	6.0	1.0863183977578732	0.0	-0.03490658503988659	15.0	25.0	0.3009202343604249	0.8333333333333333	0.0	8.230163555236036	16.431492865665245	-0.48447792903702336	0.2777777777777778	0.0	
5.0	6.0	1.0863183977578732	0.0	-0.03490658503988659	15.0	25.0	0.3009202343604249	0.8333333333333333	0.0	6.460327110472071	17.36298573133049	-0.48447792903702336	1.1111111111111112	0.0	
5.0	6.0	1.0863183977578732	0.0	-0.03490658503988659	15.0	25.0	0.3009202343604249	0.8333333333333333	0.0	5.730163555236036	11.681492865665245	-0.5717443916367397	0.2777777777777778	0.0	
4.0	23.0	-1.0789655085505974	0.0	0.05235987755982988	5.0	5.0	-1.3407648963497467	2.5	0.0	8.993841412821649	5.221880078490091	-2.9988276857443594	0.8333333333333333	0.0	
4.0	23.0	-1.0789655085505974	0.0	0.05235987755982988	5.0	5.0	-1.3407648963497467	2.5	0.0	8.993841412821649	5.221880078490091	-3.086094148344076	0.5555555555555556	0.0	
4.0	23.0	-1.0789655085505974	0.0	0.05235987755982988	5.0	5.0	-1.3407648963497467	2.5	0.0	6.496920706410824	14.110940039245046	-3.086094148344076	0.5555555555555556	0.0	
4.0	23.0	-1.0789655085505974	0.0	0.05235987755982988	5.0	5.0	-1.3407648963497467	2.5	0.0	7.245381059616237	18.66641005886757	-2.9988276857443594	0.8333333333333333	0.0	
13.0	27.0	0.0574241806325686	0.0	0.17453292519943295	30.0	25.0	-0.5534410575654469	1.1111111111111112	0.0	21.967364990269587	29.972602417291505	-1.6879050713617607	1.1111111111111112	0.0	
13.0	27.0	0.0574241806325686	0.0	0.17453292519943295	30.0	25.0	-0.5534410575654469	1.1111111111111112	0.0	17.834206237836987	31.465753021614383	-1.8624379965611935	1.1111111111111112	0.0	
13.0	27.0	0.0574241806325686	0.0	0.17453292519943295	30.0	25.0	-0.5534410575654469	1.1111111111111112	0.0	26.10052374270219	28.479451812968627	-1.8624379965611935	0.2777777777777778	0.0	
13.0	27.0	0.0574241806325686	0.0	0.17453292519943295	30.0	25.0	-0.5534410575654469	1.1111111111111112	0.0	30.584206237836987	29.965753021614383	-1.8624379965611935	1.1111111111111112	0.0	
12.0	7.0	-0.2851901463733286	0.0	0.0	30.0	5.0	-0.19792368377361225	1.9444444444444444	0.0	26.052157630374236	10.469418673368095	-1.594187085369076	1.1111111111111112	0.0	
12.0	7.0	-0.2851901463733286	0.0	0.0	30.0	5.0	-0.19792368377361225	1.9444444444444444	0.0	25.720863052149692	7.487767469347238	-1.5069206227693597	0.5555555555555556	0.0	
12.0	7.0	-0.2851901463733286	0.0	0.0	30.0	5.0	-0.19792368377361225	1.9444444444444444	0.0	30.33129457822454	7.9816512040208565	-1.594187085369076	0.2777777777777778	0.0	
12.0	7.0	-0.2851901463733286	0.0	0.0	30.0	5.0	-0.19792368377361225	1.9444444444444444	0.0	30.220863052149692	6.987767469347238	-1.594187085369076	0.2777777777777778	0.0	
36.0	26.0	2.5783105186687614	0.0	0.0	15.0	25.0	-2.744943699913944	0.8333333333333333	0.0	15.095130298830899	23.002263724551124	1.6183794300718795	0.2777777777777778	0.0	
36.0	26.0	2.5783105186687614	0.0	0.0	15.0	25.0	-2.744943699913944	0.8333333333333333	0.0	15.095130298830899	23.002263724551124	1.6183794300718795	0.2777777777777778	0.0	
36.0	26.0	2.5783105186687614	0.0	0.0	15.0	25.0	-2.744943699913944	0.8333333333333333	0.0	25.5951302988309	23.502263724551124	1.531112967472163	0.5555555555555556	0.0	
36.0	26.0	2.5783105186687614	0.0	0.0	15.0	25.0	-2.744943699913944	0.8333333333333333	0.0	20.440260597661798	21.25452744910225	1.7929123552713122	0.2777777777777778	0.0	
36.0	4.0	-2.3756637002417644	0.0	0.06981317007977318	8.0	7.0	2.5985246679420753	1.3888888888888888	0.0	14.680400629097207	3.2670725382405728	1.6385935793451942	0.5555555555555556	0.0	
36.0	4.0	-2.3756637002417644	0.0	0.06981317007977318	8.0	7.0	2.5985246679420753	1.3888888888888888	0.0	14.680400629097207	3.2670725382405728	1.376794191546045	0.2777777777777778	0.0	
36.0	4.0	-2.3756637002417644	0.0	0.06981317007977318	8.0	7.0	2.5985246679420753	1.3888888888888888	0.0	7.467334381828677	2.028454230400955	1.6385935793451942	0.8333333333333333	0.0	
36.0	4.0	-2.3756637002417644	0.0	0.06981317007977318	8.0	7.0	2.5985246679420753	1.3888888888888888	0.0	7.573867505462942	3.022763384320764	1.5513271167454779	0.5555555555555556	0.0	
31.0	8.0	-2.9394495855731777	0.0	0.06981317007977318	5.0	5.0	-2.5031172725745954	2.2222222222222223	0.0	5.343872323955392	2.019773192386607	1.8602058574112288	0.5555555555555556	0.0	
31.0	8.0	-2.9394495855731777	0.0	0.06981317007977318	5.0	5.0	-2.5031172725745954	2.2222222222222223	0.0	5.458496431940522	1.0263642565154756	1.685672932211796	1.1111111111111112	0.0	
31.0	8.0	-2.9394495855731777	0.0	0.06981317007977318	5.0	5.0	-2.5031172725745954	2.2222222222222223	0.0	12.073120539925652	0.7829553206443443	1.5111400070123633	0.2777777777777778	0.0	
31.0	8.0	-2.9394495855731777	0.0	0.06981317007977318	5.0	5.0	-2.5031172725745954	2.2222222222222223	0.0	18.45849643194052	2.5263642565154756	1.7729393948115124	0.8333333333333333	0.0	
37.0	26.0	-2.8427731499167135	0.0	-0.05235987755982988	10.0	25.0	3.0040798442642904	0.5555555555555556	0.0	30.36103498152964	22.752055498699697	1.6078164426688266	0.5555555555555556	0.0	
37.0	26.0	-2.8427731499167135	0.0	-0.05235987755982988	10.0	25.0	3.0040798442642904	0.5555555555555556	0.0	10.07402332101976	23.001370332466465	1.5205499800691102	0.2777777777777778	0.0	
37.0	26.0	-2.8427731499167135	0.0	-0.05235987755982988	10.0	25.0	3.0040798442642904	0.5555555555555556	0.0	30.4350583025494	20.753425831166165	1.7823493678682594	0.5555555555555556	0.0	
37.0	26.0	-2.8427731499167135	0.0	-0.05235987755982988	10.0	25.0	3.0040798442642904	0.5555555555555556	0.0	23.6850583025494	20.503425831166165	1.6078164426688266	1.3888888888888888	0.0	
10.0	23.0	-2.1172577370436434	0.0	0.13962634015954636	8.0	13.0	-1.4191260362459115	0.8333333333333333	0.0	11.46116135138184	20.107767729723633	2.9441970937399127	0.5555555555555556	0.0	
10.0	23.0	-2.1172577370436434	0.0	0.13962634015954636	8.0	13.0	-1.4191260362459115	0.8333333333333333	0.0	12.42232270276368	14.715535459447263	2.9441970937399127	0.2777777777777778	0.0	
10.0	23.0	-2.1172577370436434	0.0	0.13962634015954636	8.0	13.0	-1.4191260362459115	0.8333333333333333	0.0	10.94174202707276	12.411651594585447	2.9441970937399127	0.8333333333333333	0.0	
10.0	23.0	-2.1172577370436434	0.0	0.13962634015954636	8.0	13.0	-1.4191260362459115	0.8333333333333333	0.0	11.92232270276368	12.215535459447263	2.9441970937399127	1.1111111111111112	0.0	
3.0	23.0	0.05875582271572277	0.0	0.017453292519943295	20.0	24.0	-0.8139088032814419	0.0	0.0	15.515111912194119	27.743097492699984	-1.4247740414794574	0.2777777777777778	0.0	
3.0	23.0	0.05875582271572277	0.0	0.017453292519943295	20.0	24.0	-0.8139088032814419	0.0	0.0	11.38255595609706	25.49654874634999	-1.4247740414794574	0.2777777777777778	0.0	
3.0	23.0	0.05875582271572277	0.0	0.017453292519943295	20.0	24.0	-0.8139088032814419	0.0	0.0	19.882555956097058	25.99654874634999	-1.4247740414794574	0.2777777777777778	0.0	
3.0	23.0	0.05875582271572277	0.0	0.017453292519943295	20.0	24.0	-0.8139088032814419	0.0	0.0	11.38255595609706	25.49654874634999	-1.6865734292786065	0.5555555555555556	0.0	
18.0	25.0	-2.5126194319724244	0.0	0.0	5.0	20.0	-2.9489517449710068	1.9444444444444444	0.0	16.185916317235478	20.016617575187762	1.9379701606131157	0.5555555555555556	0.0	
18.0	25.0	-2.5126194319724244	0.0	0.0	5.0	20.0	-2.9489517449710068	1.9444444444444444	0.0	16.185916317235478	20.016617575187762	1.763437235413683	0.8333333333333333	0.0	
18.0	25.0	-2.5126194319724244	0.0	0.0	5.0	20.0	-2.9489517449710068	1.9444444444444444	0.0	6.435916317235476	16.266617575187762	1.9379701606131157	0.8333333333333333	0.0	
18.0	25.0	-2.5126194319724244	0.0	0.0	5.0	20.0	-2.9489517449710068	1.9444444444444444	0.0	15.467958158617739	21.88330878759388	2.025236623212832	0.2777777777777778	0.0	
22.0	26.0	-2.3659677261371663	0.0	-0.05235987755982988	5.0	20.0	-2.889566501735465	2.7777777777777777	0.0	6.331280470940549	16.228038665668443	1.8228224786492246	0.2777777777777778	0.0	
22.0	26.0	-2.3659677261371663	0.0	-0.05235987755982988	5.0	20.0	-2.889566501735465	2.7777777777777777	0.0	15.164100588675687	18.28504833208555	2.0846218664483738	1.1111111111111112	0.0	
22.0	26.0	-2.3659677261371663	0.0	-0.05235987755982988	5.0	20.0	-2.889566501735465	2.7777777777777777	0.0	14.498460353205411	20.17102899925133	1.910088941248941	0.5555555555555556	0.0	
22.0	26.0	-2.3659677261371663	0.0	-0.05235987755982988	5.0	20.0	-2.889566501735465	2.7777777777777777	0.0	10.581280470940548	17.728038665668443	2.0846218664483738	0.2777777777777778	0.0	
3.0	6.0	0.0418431831781394	0.0	0.08726646259971647	25.0	5.0	0.8272413465755877	2.5	0.0	25.181630643674602	8.995874160841199	-1.6162196062164735	0.8333333333333333	0.0	
3.0	6.0	0.0418431831781394	0.0	0.08726646259971647	25.0	5.0	0.8272413465755877	2.5	0.0	8.590815321837301	7.747937080420599	-1.4416866810170408	0.2777777777777778	0.0	
3.0	6.0	0.0418431831781394	0.0	0.08726646259971647	25.0	5.0	0.8272413465755877	2.5	0.0	14.090815321837301	7.497937080420599	-1.4416866810170408	0.5555555555555556	0.0	
3.0	6.0	0.0418431831781394	0.0	0.08726646259971647	25.0	5.0	0.8272413465755877	2.5	0.0	8.6816306436746	9.745874160841199	-1.6162196062164735	0.8333333333333333	0.0	
35.0	26.0	-2.6553019448692683	0.0	-0.017453292519943295	15.0	25.0	2.4934193485140037	0.0	0.0	25.149812850831676	22.503742983366465	1.620754722516839	0.5555555555555556	0.0	
35.0	26.0	-2.6553019448692683	0.0	-0.017453292519943295	15.0	25.0	2.4934193485140037	0.0	0.0	15.149812850831676	22.003742983366465	1.7952876477162718	0.8333333333333333	0.0	
35.0	26.0	-2.6553019448692683	0.0	-0.017453292519943295	15.0	25.0	2.4934193485140037	0.0	0.0	25.24968808471946	20.506238305610776	1.7080211851165554	0.8333333333333333	0.0	
35.0	26.0	-2.6553019448692683	0.0	-0.017453292519943295	15.0	25.0	2.4934193485140037	0.0	0.0	20.149812850831676	22.253742983366465	1.7952876477162718	0.5555555555555556	0.0	
33.0	24.0	2.495028302712454	0.0	-0.15707963267948966	5.0	25.0	-3.002758841069684	2.7777777777777777	0.0	4.928616938975176	23.001274291304902	1.6223636767152891	0.2777777777777778	0.0	
33.0	24.0	2.495028302712454	0.0	-0.15707963267948966	5.0	25.0	-3.002758841069684	2.7777777777777777	0.0	11.892925408462764	21.75191143695735	1.6223636767152891	0.8333333333333333	0.0	
33.0	24.0	2.495028302712454	0.0	-0.15707963267948966	5.0	25.0	-3.002758841069684	2.7777777777777777	0.0	25.85723387795035	20.2525485826098	1.7096301393150055	0.5555555555555556	0.0	
33.0	24.0	2.495028302712454	0.0	-0.15707963267948966	5.0	25.0	-3.002758841069684	2.7777777777777777	0.0	11.857233877950351	20.7525485826098	1.7096301393150055	0.2777777777777778	0.0	
8.0	9.0	2.298585434271346	0.0	0.06981317007977318	5.0	19.0	1.4259208082741814	0.5555555555555556	0.0	3.084347429557697	18.425304228867308	0.4659897196772995	0.2777777777777778	0.0	
8.0	9.0	2.298585434271346	0.0	0.06981317007977318	5.0	19.0	1.4259208082741814	0.5555555555555556	0.0	3.6265211443365457	13.137956343300964	0.4659897196772995	0.2777777777777778	0.0	
8.0	9.0	2.298585434271346	0.0	0.06981317007977318	5.0	19.0	1.4259208082741814	0.5555555555555556	0.0	1.9186948591153943	15.35060845773462	0.2041903318781504	1.1111111111111112	0.0	
8.0	9.0	2.298585434271346	0.0	0.06981317007977318	5.0	19.0	1.4259208082741814	0.5555555555555556	0.0	3.834347429557697	15.92530422886731	0.37872325707758314	0.5555555555555556	0.0	
3.0	8.0	2.1037793501780016	0.0	0.13962634015954636	5.0	20.0	0.8820488737819714	0.2777777777777778	0.0	2.0272121523357125	14.328797974610715	-0.2524151400143424	0.2777777777777778	0.0	
3.0	8.0	2.1037793501780016	0.0	0.13962634015954636	5.0	20.0	0.8820488737819714	0.2777777777777778	0.0	2.0272121523357125	14.328797974610715	-0.33968160261406055	0.5555555555555556	0.0	
3.0	8.0	2.1037793501780016	0.0	0.13962634015954636	5.0	20.0	0.8820488737819714	0.2777777777777778	0.0	1.054424304671425	20.65759594922143	-0.07788221481490964	1.1111111111111112	0.0	
3.0	8.0	2.1037793501780016	0.0	0.13962634015954636	5.0	20.0	0.8820488737819714	0.2777777777777778	0.0	0.06803038083928126	20.82199493652679	-0.2524151400143424	1.1111111111111112	0.0	
19.0	27.0	-3.091346306864007	0.0	0.0	5.0	14.0	-1.9568822930676926	1.1111111111111112	0.0	13.360902198734555	19.0344130167474	2.3191743743184148	0.5555555555555556	0.0	
19.0	27.0	-3.091346306864007	0.0	0.0	5.0	14.0	-1.9568822930676926	1.1111111111111112	0.0	16.860902198734557	22.2844130167474	2.406440836918131	0.5555555555555556	0.0	
19.0	27.0	-3.091346306864007	0.0	0.0	5.0	14.0	-1.9568822930676926	1.1111111111111112	0.0	18.90225549683639	20.086032541868505	2.144641449118982	0.2777777777777778	0.0	
19.0	27.0	-3.091346306864007	0.0	0.0	5.0	14.0	-1.9568822930676926	1.1111111111111112	0.0	7.721804397469111	11.068826033494803	2.406440836918131	1.1111111111111112	0.0	
21.0	7.0	-2.890608290586906	0.0	-0.12217304763960307	5.0	10.0	2.17084654019665	0.5555555555555556	0.0	12.078557324749074	3.5856390653283903	1.210915451599769	0.2777777777777778	0.0	
21.0	7.0	-2.890608290586906	0.0	-0.12217304763960307	5.0	10.0	2.17084654019665	0.5555555555555556	0.0	12.26284585979926	4.568511252262713	1.3854483767992019	0.2777777777777778	0.0	
21.0	7.0	-2.890608290586906	0.0	-0.12217304763960307	5.0	10.0	2.17084654019665	0.5555555555555556	0.0	16.26284585979926	3.8185112522627125	1.3854483767992019	0.5555555555555556	0.0	
21.0	7.0	-2.890608290586906	0.0	-0.12217304763960307	5.0	10.0	2.17084654019665	0.5555555555555556	0.0	8.26284585979926	5.318511252262713	1.2981819141994855	0.2777777777777778	0.0	
10.0	27.0	-0.5688838452952565	0.0	0.08726646259971647	25.0	25.0	0.30378078070190817	0.8333333333333333	0.0	25.660818600455087	29.956139503413173	-1.7906143216912866	0.8333333333333333	0.0	
10.0	27.0	-0.5688838452952565	0.0	0.08726646259971647	25.0	25.0	0.30378078070190817	0.8333333333333333	0.0	25.396491160273055	27.973683702047904	-1.5288149338921375	0.2777777777777778	0.0	
10.0	27.0	-0.5688838452952565	0.0	0.08726646259971647	25.0	25.0	0.30378078070190817	0.8333333333333333	0.0	25.396491160273055	27.973683702047904	-1.7033478590915703	0.2777777777777778	0.0	
10.0	27.0	-0.5688838452952565	0.0	0.08726646259971647	25.0	25.0	0.30378078070190817	0.8333333333333333	0.0	14.014327440182035	28.48245580136527	-1.616081396491854	0.5555555555555556	0.0	
36.0	26.0	-2.882135376467138	0.0	0.08726646259971647	13.0	22.0	-2.358536600868839	1.6666666666666665	0.0	30.935364699004992	21.0591529807213	1.6557206787181187	0.8333333333333333	0.0	
36.0	26.0	-2.882135376467138	0.0	0.08726646259971647	13.0	22.0	-2.358536600868839	1.6666666666666665	0.0	19.264023524253744	20.044364735540977	1.742987141317835	0.5555555555555556	0.0	
36.0	26.0	-2.882135376467138	0.0	0.08726646259971647	13.0	22.0	-2.358536600868839	1.6666666666666665	0.0	19.606705873756237	18.073941225901628	1.742987141317835	0.8333333333333333	0.0	
36.0	26.0	-2.882135376467138	0.0	0.08726646259971647	13.0	22.0	-2.358536600868839	1.6666666666666665	0.0	19.264023524253744	20.044364735540977	1.5684542161184023	0.2777777777777778	0.0	
3.0	26.0	-0.13268974202129336	0.0	0.06981317007977318	25.0	25.0	-0.04542327942157698	0.5555555555555556	0.0	8.72703830459325	30.744842701051496	-1.70348606881619	0.2777777777777778	0.0	
3.0	26.0	-0.13268974202129336	0.0	0.06981317007977318	25.0	25.0	-0.04542327942157698	0.5555555555555556	0.0	19.72703830459325	30.244842701051496	-1.6162196062164735	1.1111111111111112	0.0	
3.0	26.0	-0.13268974202129336	0.0	0.06981317007977318	25.0	25.0	-0.04542327942157698	0.5555555555555556	0.0	8.72703830459325	30.744842701051496	-1.7907525314159063	1.3888888888888888	0.0	
3.0	26.0	-0.13268974202129336	0.0	0.06981317007977318	25.0	25.0	-0.04542327942157698	0.5555555555555556	0.0	25.13622298275595	27.996905620630898	-1.7907525314159063	0.5555555555555556	0.0	
7.0	23.0	0.2399157909949814	0.0	0.06981317007977318	20.0	25.0	-0.10915005940388411	1.1111111111111112	0.0	19.543828447238177	27.96511509295185	-1.3308805357999152	0.8333333333333333	0.0	
7.0	23.0	0.2399157909949814	0.0	0.06981317007977318	20.0	25.0	-0.10915005940388411	1.1111111111111112	0.0	12.739714078730296	28.941858488253086	-1.5926799235990643	0.5555555555555556	0.0	
7.0	23.0	0.2399157909949814	0.0	0.06981317007977318	20.0	25.0	-0.10915005940388411	1.1111111111111112	0.0	16.293828447238177	27.46511509295185	-1.2436140732001988	0.2777777777777778	0.0	
7.0	23.0	0.2399157909949814	0.0	0.06981317007977318	20.0	25.0	-0.10915005940388411	1.1111111111111112	0.0	9.489714078730296	28.441858488253086	-1.2436140732001988	0.5555555555555556	0.0	
33.0	26.0	-2.581433469968181	0.0	0.06981317007977318	5.0	20.0	-2.755966395167614	2.7777777777777777	0.0	5.6285872661926195	17.066592757767772	1.7818896600176428	0.5555555555555556	0.0	
33.0	26.0	-2.581433469968181	0.0	0.06981317007977318	5.0	20.0	-2.755966395167614	2.7777777777777777	0.0	5.6285872661926195	17.066592757767772	1.6946231974179264	0.2777777777777778	0.0	
33.0	26.0	-2.581433469968181	0.0	0.06981317007977318	5.0	20.0	-2.755966395167614	2.7777777777777777	0.0	26.419058177461746	22.54439517184518	1.6946231974179264	0.2777777777777778	0.0	
33.0	26.0	-2.581433469968181	0.0	0.06981317007977318	5.0	20.0	-2.755966395167614	2.7777777777777777	0.0	20.047645443654368	18.110987929612953	1.6946231974179264	0.8333333333333333	0.0	
20.0	4.0	0.6337278728484632	0.0	0.10471975511965977	35.0	7.0	-0.41346967834813464	0.2777777777777778	0.0	30.66165159458545	9.19174202707276	-1.5479336921444489	0.5555555555555556	0.0	
20.0	4.0	0.6337278728484632	0.0	0.10471975511965977	35.0	7.0	-0.41346967834813464	0.2777777777777778	0.0	26.91165159458545	8.44174202707276	-1.5479336921444489	0.5555555555555556	0.0	
20.0	4.0	0.6337278728484632	0.0	0.10471975511965977	35.0	7.0	-0.41346967834813464	0.2777777777777778	0.0	30.26941932430908	11.152903378454601	-1.2861343043452997	0.2777777777777778	0.0	
20.0	4.0	0.6337278728484632	0.0	0.10471975511965977	35.0	7.0	-0.41346967834813464	0.2777777777777778	0.0	30.26941932430908	11.152903378454601	-1.2861343043452997	1.1111111111111112	0.0	
4.0	6.0	0.8714676299453563	0.0	0.03490658503988659	15.0	25.0	0.1733359291476244	1.9444444444444444	0.0	8.788294858075496	22.25414508216682	-0.6993286968495411	1.1111111111111112	0.0	
4.0	6.0	0.8714676299453563	0.0	0.03490658503988659	15.0	25.0	0.1733359291476244	1.9444444444444444	0.0	10.519147429037748	21.25207254108341	-0.612062234249823	0.5555555555555556	0.0	
4.0	6.0	0.8714676299453563	0.0	0.03490658503988659	15.0	25.0	0.1733359291476244	1.9444444444444444	0.0	6.038294858075496	17.50414508216682	-0.4375293090503902	0.5555555555555556	0.0	
4.0	6.0	0.8714676299453563	0.0	0.03490658503988659	15.0	25.0	0.1733359291476244	1.9444444444444444	0.0	6.038294858075496	17.50414508216682	-0.4375293090503902	0.5555555555555556	0.0	
14.0	27.0	0.3953192436234927	0.0	0.03490658503988659	36.0	34.0	1.180717407020941	1.3888888888888888	0.0	34.483981713615265	38.76462890006631	-1.0882106205716866	0.8333333333333333	0.0	
14.0	27.0	0.3953192436234927	0.0	0.03490658503988659	36.0	34.0	1.180717407020941	1.3888888888888888	0.0	34.78718537089221	37.811703120053046	-1.1754770831714048	0.8333333333333333	0.0	
14.0	27.0	0.3953192436234927	0.0	0.03490658503988659	36.0	34.0	1.180717407020941	1.3888888888888888	0.0	24.09038902816916	33.35877734003979	-1.0882106205716866	0.5555555555555556	0.0	
14.0	27.0	0.3953192436234927	0.0	0.03490658503988659	36.0	34.0	1.180717407020941	1.3888888888888888	0.0	18.287185370892214	32.561703120053046	-1.1754770831714048	0.8333333333333333	0.0	
5.0	16.0	1.3436803399845214	0.0	-0.017453292519943295	15.0	25.0	0.03468340098877487	0.2777777777777778	0.0	8.6620705367551	21.986588292494332	-1.0125141502078225	0.5555555555555556	0.0	
5.0	16.0	1.3436803399845214	0.0	-0.017453292519943295	15.0	25.0	0.03468340098877487	0.2777777777777778	0.0	12.324141073510201	27.973176584988664	-0.663448299808957	0.2777777777777778	0.0	
5.0	16.0	1.3436803399845214	0.0	-0.017453292519943295	15.0	25.0	0.03468340098877487	0.2777777777777778	0.0	7.99310580513265	22.729882438741498	-0.9252476876081062	0.8333333333333333	0.0	
5.0	16.0	1.3436803399845214	0.0	-0.017453292519943295	15.0	25.0	0.03468340098877487	0.2777777777777778	0.0	4.8241410735102015	21.223176584988664	-0.9252476876081062	0.8333333333333333	0.0	
36.0	32.0	-2.8164486745921224	0.0	-0.06981317007977318	20.0	25.0	-2.903715137191839	2.5	0.0	24.801637668039415	24.91768533019562	1.983206768392284	0.5555555555555556	0.0	
36.0	32.0	-2.8164486745921224	0.0	-0.06981317007977318	20.0	25.0	-2.903715137191839	2.5	0.0	21.20245650205912	22.251527995293433	2.157739693591717	0.5555555555555556	0.0	
36.0	32.0	-2.8164486745921224	0.0	-0.06981317007977318	20.0	25.0	-2.903715137191839	2.5	0.0	21.60327533607883	21.33537066039124	1.983206768392284	1.1111111111111112	0.0	
36.0	32.0	-2.8164486745921224	0.0	-0.06981317007977318	20.0	25.0	-2.903715137191839	2.5	0.0	33.20245650205912	27.501527995293433	2.157739693591717	0.2777777777777778	0.0	
6.0	9.0	-0.6887474530129256	0.0	-0.15707963267948966	30.0	5.0	-0.07788221481491053	2.2222222222222223	0.0	18.65759594922143	10.945575695328575	-1.9104779294089562	0.2777777777777778	0.0	
6.0	9.0	-0.6887474530129256	0.0	-0.15707963267948966	30.0	5.0	-0.07788221481491053	2.2222222222222223	0.0	18.65759594922143	10.945575695328575	-1.8232114668092398	0.2777777777777778	0.0	
6.0	9.0	-0.6887474530129256	0.0	-0.15707963267948966	30.0	5.0	-0.07788221481491053	2.2222222222222223	0.0	24.493196961916073	8.959181771496432	-1.9104779294089562	0.8333333333333333	0.0	
6.0	9.0	-0.6887474530129256	0.0	-0.15707963267948966	30.0	5.0	-0.07788221481491053	2.2222222222222223	0.0	30.493196961916073	7.959181771496431	-1.8232114668092398	0.5555555555555556	0.0	
6.0	6.0	-0.39070842949745455	0.0	0.12217304763960307	30.0	5.0	-0.12890904169830497	1.6666666666666665	0.0	18.124891634136542	8.497399219277057	-1.7869718310929175	0.8333333333333333	0.0	
6.0	6.0	-0.39070842949745455	0.0	0.12217304763960307	30.0	5.0	-0.12890904169830497	1.6666666666666665	0.0	12.083261089424362	7.748266146184704	-1.7869718310929175	0.2777777777777778	0.0	
6.0	6.0	-0.39070842949745455	0.0	0.12217304763960307	30.0	5.0	-0.12890904169830497	1.6666666666666665	0.0	12.166522178848725	9.746532292369409	-1.437905980694052	0.2777777777777778	0.0	
6.0	6.0	-0.39070842949745455	0.0	0.12217304763960307	30.0	5.0	-0.12890904169830497	1.6666666666666665	0.0	18.166522178848723	9.496532292369409	-1.437905980694052	1.1111111111111112	0.0	
14.0	28.0	0.2509843630028876	0.0	0.15707963267948966	30.0	25.0	-0.5344138003945607	1.6666666666666665	0.0	26.921442675250926	30.66436093467161	-1.7561442767905913	0.2777777777777778	0.0	
14.0	28.0	0.2509843630028876	0.0	0.15707963267948966	30.0	25.0	-0.5344138003945607	1.6666666666666665	0.0	30.921442675250926	29.91436093467161	-1.8434107393903076	0.5555555555555556	0.0	
14.0	28.0	0.2509843630028876	0.0	0.15707963267948966	30.0	25.0	-0.5344138003945607	1.6666666666666665	0.0	18.552865605150558	30.198616560802964	-1.8434107393903076	0.2777777777777778	0.0	
14.0	28.0	0.2509843630028876	0.0	0.15707963267948966	30.0	25.0	-0.5344138003945607	1.6666666666666665	0.0	22.921442675250926	31.41436093467161	-1.6688778141908749	1.3888888888888888	0.0	
30.0	22.0	3.0637104387748826	0.0	-0.10471975511965977	6.0	26.0	-2.4340767050072554	0.5555555555555556	0.0	23.506803038083927	20.040818228503568	1.5801805745797024	0.2777777777777778	0.0	
30.0	22.0	3.0637104387748826	0.0	-0.10471975511965977	6.0	26.0	-2.4340767050072554	0.5555555555555556	0.0	17.671202025389285	22.027212152335714	1.4056476493802696	0.2777777777777778	0.0	
30.0	22.0	3.0637104387748826	0.0	-0.10471975511965977	6.0	26.0	-2.4340767050072554	0.5555555555555556	0.0	17.671202025389285	22.027212152335714	1.3183811867805533	0.2777777777777778	0.0	
30.0	22.0	3.0637104387748826	0.0	-0.10471975511965977	6.0	26.0	-2.4340767050072554	0.5555555555555556	0.0	23.506803038083927	20.040818228503568	1.231114724180837	0.5555555555555556	0.0	
7.0	25.0	-1.5707963267948966	0.0	0.08726646259971647	7.0	3.0	-1.658062789394613	2.5	0.0	11.0	14.0	-3.141592653589793	0.5555555555555556	0.0	
7.0	25.0	-1.5707963267948966	0.0	0.08726646259971647	7.0	3.0	-1.658062789394613	2.5	0.0	9.0	8.5	3.0543261909900767	0.2777777777777778	0.0	
7.0	25.0	-1.5707963267948966	0.0	0.08726646259971647	7.0	3.0	-1.658062789394613	2.5	0.0	12.0	3.0	2.9670597283903604	1.3888888888888888	0.0	
7.0	25.0	-1.5707963267948966	0.0	0.08726646259971647	7.0	3.0	-1.658062789394613	2.5	0.0	12.0	8.5	-2.9670597283903604	0.5555555555555556	0.0	
6.0	5.0	0.43633231299858233	0.0	-0.05235987755982988	20.0	5.0	-0.5235987755982987	1.3888888888888888	0.0	13.0	8.0	-1.3962634015954638	0.2777777777777778	0.0	
6.0	5.0	0.43633231299858233	0.0	-0.05235987755982988	20.0	5.0	-0.5235987755982987	1.3888888888888888	0.0	9.5	7.0	-1.5707963267948966	0.2777777777777778	0.0	
6.0	5.0	0.43633231299858233	0.0	-0.05235987755982988	20.0	5.0	-0.5235987755982987	1.3888888888888888	0.0	9.5	10.0	-1.7453292519943293	1.1111111111111112	0.0	
6.0	5.0	0.43633231299858233	0.0	-0.05235987755982988	20.0	5.0	-0.5235987755982987	1.3888888888888888	0.0	13.0	10.0	-1.4835298641951802	0.8333333333333333	0.0	
27.0	4.0	2.0026759784417028	0.0	0.0	5.0	10.0	2.2644753662408528	1.1111111111111112	0.0	9.973765188415783	6.570472357524535	1.4790772028434045	0.5555555555555556	0.0	
27.0	4.0	2.0026759784417028	0.0	0.0	5.0	10.0	2.2644753662408528	1.1111111111111112	0.0	9.447530376831567	4.640944715049071	1.3918107402436881	0.8333333333333333	0.0	
27.0	4.0	2.0026759784417028	0.0	0.0	5.0	10.0	2.2644753662408528	1.1111111111111112	0.0	9.973765188415783	6.570472357524535	1.3918107402436881	0.2777777777777778	0.0	
27.0	4.0	2.0026759784417028	0.0	0.0	5.0	10.0	2.2644753662408528	1.1111111111111112	0.0	20.973765188415783	3.5704723575245354	1.3918107402436881	0.2777777777777778	0.0	
36.0	4.0	3.086094148344076	0.0	0.17453292519943295	18.0	5.0	-3.0225582336360777	2.2222222222222223	0.0	26.778119921509905	0.5061585871783505	1.6025642841488956	0.8333333333333333	0.0	
36.0	4.0	3.086094148344076	0.0	0.17453292519943295	18.0	5.0	-3.0225582336360777	2.2222222222222223	0.0	17.889059960754953	3.0030792935891752	1.5152978215491792	0.5555555555555556	0.0	
36.0	4.0	3.086094148344076	0.0	0.17453292519943295	18.0	5.0	-3.0225582336360777	2.2222222222222223	0.0	26.778119921509905	0.5061585871783505	1.6025642841488956	0.8333333333333333	0.0	
36.0	4.0	3.086094148344076	0.0	0.17453292519943295	18.0	5.0	-3.0225582336360777	2.2222222222222223	0.0	17.83358994113243	2.0046189403837626	1.6025642841488956	0.8333333333333333	0.0	
31.0	5.0	-2.6313213029332707	0.0	-0.05235987755982988	4.0	3.0	-2.4567883777338375	0.8333333333333333	0.0	24.619358427576557	-0.4863387722835455	1.4702024392534039	0.5555555555555556	0.0	
31.0	5.0	-2.6313213029332707	0.0	-0.05235987755982988	4.0	3.0	-2.4567883777338375	0.8333333333333333	0.0	17.795486742061247	0.01092898217316396	1.6447353644528366	0.2777777777777778	0.0	
31.0	5.0	-2.6313213029332707	0.0	-0.05235987755982988	4.0	3.0	-2.4567883777338375	0.8333333333333333	0.0	10.897743371030623	1.505464491086582	1.8192682896522694	0.2777777777777778	0.0	
31.0	5.0	-2.6313213029332707	0.0	-0.05235987755982988	4.0	3.0	-2.4567883777338375	0.8333333333333333	0.0	24.471615056545936	1.508196736629873	1.732001827052553	0.8333333333333333	0.0	
16.0	22.0	-2.9016768625948117	0.0	0.13962634015954636	3.0	20.0	-2.9016768625948117	0.5555555555555556	0.0	7.0102859212697055	15.558141511746914	1.5489127299907288	0.2777777777777778	0.0	
16.0	22.0	-2.9016768625948117	0.0	0.13962634015954636	3.0	20.0	-2.9016768625948117	0.5555555555555556	0.0	3.760285921269705	15.058141511746914	1.5489127299907288	0.2777777777777778	0.0	
16.0	22.0	-2.9016768625948117	0.0	0.13962634015954636	3.0	20.0	-2.9016768625948117	0.5555555555555556	0.0	10.260285921269706	16.058141511746914	1.8979785803895943	0.8333333333333333	0.0	
16.0	22.0	-2.9016768625948117	0.0	0.13962634015954636	3.0	20.0	-2.9016768625948117	0.5555555555555556	0.0	6.858228737015764	16.54651320939753	1.6361791925904452	1.1111111111111112	0.0	
7.0	22.0	0.21406068356382146	0.0	0.10471975511965977	30.0	27.0	-0.22227162943476086	0.5555555555555556	0.0	29.575140711337912	28.954352727845603	-1.4440021058307915	0.5555555555555556	0.0	
7.0	22.0	0.21406068356382146	0.0	0.10471975511965977	30.0	27.0	-0.22227162943476086	0.5555555555555556	0.0	28.937851778344783	31.885881819614006	-1.1822027180316432	0.2777777777777778	0.0	
7.0	22.0	0.21406068356382146	0.0	0.10471975511965977	30.0	27.0	-0.22227162943476086	0.5555555555555556	0.0	17.437851778344783	29.385881819614006	-1.5312685684305078	1.1111111111111112	0.0	
7.0	22.0	0.21406068356382146	0.0	0.10471975511965977	30.0	27.0	-0.22227162943476086	0.5555555555555556	0.0	17.86271106700687	27.431529091768404	-1.4440021058307915	0.8333333333333333	0.0	
6.0	24.0	-1.4505665629594102	0.0	-0.06981317007977318	10.0	5.0	-1.3633001003596938	0.8333333333333333	0.0	13.914199139946996	5.824041924199369	-2.846829964554874	1.1111111111111112	0.0	
6.0	24.0	-1.4505665629594102	0.0	-0.06981317007977318	10.0	5.0	-1.3633001003596938	0.8333333333333333	0.0	11.914199139946996	15.324041924199369	-3.0213628897543066	1.1111111111111112	0.0	
6.0	24.0	-1.4505665629594102	0.0	-0.06981317007977318	10.0	5.0	-1.3633001003596938	0.8333333333333333	0.0	10.957099569973497	10.162020962099684	-2.93409642715459	0.5555555555555556	0.0	
6.0	24.0	-1.4505665629594102	0.0	-0.06981317007977318	10.0	5.0	-1.3633001003596938	0.8333333333333333	0.0	11.957099569973497	5.412020962099684	-2.7595635019551574	0.5555555555555556	0.0	
28.0	4.0	-2.6614447733830247	0.0	0.05235987755982988	5.0	5.0	2.9236088329988297	1.6666666666666665	0.0	4.782813878618466	0.004719208224702065	1.5273454314033659	0.5555555555555556	0.0	
28.0	4.0	-2.6614447733830247	0.0	0.05235987755982988	5.0	5.0	2.9236088329988297	1.6666666666666665	0.0	16.282813878618466	-0.49528079177529793	1.4400789688036495	0.8333333333333333	0.0	
28.0	4.0	-2.6614447733830247	0.0	0.05235987755982988	5.0	5.0	2.9236088329988297	1.6666666666666665	0.0	10.532813878618466	-0.24528079177529793	1.5273454314033659	1.3888888888888888	0.0	
28.0	4.0	-2.6614447733830247	0.0	0.05235987755982988	5.0	5.0	2.9236088329988297	1.6666666666666665	0.0	4.913125551447386	3.0018876832898806	1.4400789688036495	0.2777777777777778	0.0	
8.0	24.0	0.2962684887986575	0.0	-0.03490658503988659	37.0	25.0	-0.22733028679964118	0.8333333333333333	0.0	36.93107544832044	26.998811998707176	-1.5363272257953886	0.5555555555555556	0.0	
8.0	24.0	0.2962684887986575	0.0	-0.03490658503988659	37.0	25.0	-0.22733028679964118	0.8333333333333333	0.0	29.646613172480663	27.748217998060763	-1.3617943005959567	0.5555555555555556	0.0	
8.0	24.0	0.2962684887986575	0.0	-0.03490658503988659	37.0	25.0	-0.22733028679964118	0.8333333333333333	0.0	15.077688620801107	29.24702999676794	-1.3617943005959567	0.2777777777777778	0.0	
8.0	24.0	0.2962684887986575	0.0	-0.03490658503988659	37.0	25.0	-0.22733028679964118	0.8333333333333333	0.0	22.396613172480663	27.498217998060763	-1.623593688395105	0.2777777777777778	0.0	
6.0	7.0	1.3089969389957474	0.0	0.08726646259971647	6.0	24.0	1.7453292519943293	2.2222222222222223	0.0	1.0	15.5	0.0	0.8333333333333333	0.0	
6.0	7.0	1.3089969389957474	0.0	0.08726646259971647	6.0	24.0	1.7453292519943293	2.2222222222222223	0.0	4.0	11.25	0.08726646259971638	0.2777777777777778	0.0	
6.0	7.0	1.3089969389957474	0.0	0.08726646259971647	6.0	24.0	1.7453292519943293	2.2222222222222223	0.0	2.0	15.5	0.0	0.2777777777777778	0.0	
6.0	7.0	1.3089969389957474	0.0	0.08726646259971647	6.0	24.0	1.7453292519943293	2.2222222222222223	0.0	2.0	19.75	0.17453292519943275	0.2777777777777778	0.0	
4.0	21.0	0.8487427545959698	0.0	0.017453292519943295	20.0	28.0	0.2378775163979543	2.5	0.0	18.39672466392117	31.664629339608755	-1.2456523477972254	0.5555555555555556	0.0	
4.0	21.0	0.8487427545959698	0.0	0.017453292519943295	20.0	28.0	0.2378775163979543	2.5	0.0	18.797543497940875	30.748472004706567	-1.3329188103969418	0.2777777777777778	0.0	
4.0	21.0	0.8487427545959698	0.0	0.017453292519943295	20.0	28.0	0.2378775163979543	2.5	0.0	17.99590582990146	32.58078667451095	-0.9838529599980763	0.2777777777777778	0.0	
4.0	21.0	0.8487427545959698	0.0	0.017453292519943295	20.0	28.0	0.2378775163979543	2.5	0.0	7.198362331960585	24.58231466980438	-1.0711194225977927	0.2777777777777778	0.0	
29.0	22.0	2.984990776607778	0.0	-0.12217304763960307	10.0	25.0	-2.51279636717436	2.5	0.0	23.470187132634948	17.811185173354655	1.5014609124125977	0.2777777777777778	0.0	
29.0	22.0	2.984990776607778	0.0	-0.12217304763960307	10.0	25.0	-2.51279636717436	2.5	0.0	18.876149706107956	19.548948138683723	1.326927987213165	0.2777777777777778	0.0	
29.0	22.0	2.984990776607778	0.0	-0.12217304763960307	10.0	25.0	-2.51279636717436	2.5	0.0	18.876149706107956	19.548948138683723	1.326927987213165	0.8333333333333333	0.0	
29.0	22.0	2.984990776607778	0.0	-0.12217304763960307	10.0	25.0	-2.51279636717436	2.5	0.0	23.626149706107956	18.798948138683723	1.5014609124125977	0.5555555555555556	0.0	
31.0	7.0	-2.5232909385042985	0.0	0.12217304763960307	6.0	9.0	2.7999632800784067	0.0	0.0	18.10127388858555	3.015923607319375	1.4909663410826592	0.8333333333333333	0.0	
31.0	7.0	-2.5232909385042985	0.0	0.12217304763960307	6.0	9.0	2.7999632800784067	0.0	0.0	12.01076433315133	5.509554164391625	1.5782328036823756	0.8333333333333333	0.0	
31.0	7.0	-2.5232909385042985	0.0	0.12217304763960307	6.0	9.0	2.7999632800784067	0.0	0.0	12.09050955543422	6.50636944292775	1.3164334158832265	0.5555555555555556	0.0	
31.0	7.0	-2.5232909385042985	0.0	0.12217304763960307	6.0	9.0	2.7999632800784067	0.0	0.0	18.26076433315133	5.009554164391625	1.665499266282092	0.5555555555555556	0.0	
37.0	32.0	2.84452844124875	0.0	0.08726646259971647	5.0	15.0	-1.780594076536223	2.5	0.0	7.345776129808748	10.584421402712948	2.0591302778513025	0.5555555555555556	0.0	
37.0	32.0	2.84452844124875	0.0	0.08726646259971647	5.0	15.0	-1.780594076536223	2.5	0.0	6.407465677885249	12.350652841627769	2.146396740451019	0.2777777777777778	0.0	
37.0	32.0	2.84452844124875	0.0	0.08726646259971647	5.0	15.0	-1.780594076536223	2.5	0.0	23.345776129808748	19.084421402712948	1.9718638152515862	0.2777777777777778	0.0	
37.0	32.0	2.84452844124875	0.0	0.08726646259971647	5.0	15.0	-1.780594076536223	2.5	0.0	21.9383104519235	21.733768561085178	2.146396740451019	0.2777777777777778	0.0	
4.0	20.0	-1.3648228748819646	0.0	-0.17453292519943295	10.0	5.0	-1.015757024483099	1.9444444444444444	0.0	14.642383454426296	6.856953381770518	-2.5865533512779955	0.8333333333333333	0.0	
4.0	20.0	-1.3648228748819646	0.0	-0.17453292519943295	10.0	5.0	-1.015757024483099	1.9444444444444444	0.0	10.713906763541036	13.985562705416415	-2.935619201676861	0.2777777777777778	0.0	
4.0	20.0	-1.3648228748819646	0.0	-0.17453292519943295	10.0	5.0	-1.015757024483099	1.9444444444444444	0.0	11.642383454426296	14.356953381770518	-2.673819813877712	0.5555555555555556	0.0	
4.0	20.0	-1.3648228748819646	0.0	-0.17453292519943295	10.0	5.0	-1.015757024483099	1.9444444444444444	0.0	11.285430072655778	9.864172029062312	-2.761086276477428	0.8333333333333333	0.0	
3.0	13.0	0.24369140437979597	0.0	-0.17453292519943295	30.0	25.0	-0.4544402964179355	2.5	0.0	28.37544613578621	28.65524619448103	-0.9780390720162337	1.1111111111111112	0.0	
3.0	13.0	0.24369140437979597	0.0	-0.17453292519943295	30.0	25.0	-0.4544402964179355	2.5	0.0	14.469307669732762	23.569057743101286	-1.3271049224150993	0.5555555555555556	0.0	
3.0	13.0	0.24369140437979597	0.0	-0.17453292519943295	30.0	25.0	-0.4544402964179355	2.5	0.0	7.719307669732762	20.569057743101286	-1.1525719972156665	0.2777777777777778	0.0	
3.0	13.0	0.24369140437979597	0.0	-0.17453292519943295	30.0	25.0	-0.4544402964179355	2.5	0.0	28.781584601839658	27.74143464586077	-1.1525719972156665	0.2777777777777778	0.0	
34.0	26.0	2.6545542860148075	0.0	0.05235987755982988	6.0	20.0	-2.4941670073684645	0.2777777777777778	0.0	27.62858726619262	21.566592757767772	1.6946231974179264	0.8333333333333333	0.0	
34.0	26.0	2.6545542860148075	0.0	0.05235987755982988	6.0	20.0	-2.4941670073684645	0.2777777777777778	0.0	6.838116354923493	16.088790343690363	1.9564225852170756	1.1111111111111112	0.0	
34.0	26.0	2.6545542860148075	0.0	0.05235987755982988	6.0	20.0	-2.4941670073684645	0.2777777777777778	0.0	13.62858726619262	18.566592757767772	1.8691561226173592	0.8333333333333333	0.0	
34.0	26.0	2.6545542860148075	0.0	0.05235987755982988	6.0	20.0	-2.4941670073684645	0.2777777777777778	0.0	7.047645443654366	15.110987929612953	1.60735673481821	1.1111111111111112	0.0	
36.0	27.0	2.6033740759502804	0.0	-0.15707963267948966	5.0	22.0	-2.807146605232141	0.2777777777777778	0.0	28.72769731647386	22.788276637862058	1.6434429873533993	0.2777777777777778	0.0	
36.0	27.0	2.6033740759502804	0.0	-0.15707963267948966	5.0	22.0	-2.807146605232141	0.2777777777777778	0.0	28.72769731647386	22.788276637862058	1.556176524753683	0.8333333333333333	0.0	
36.0	27.0	2.6033740759502804	0.0	-0.15707963267948966	5.0	22.0	-2.807146605232141	0.2777777777777778	0.0	21.296162194123102	19.563794396436762	1.6434429873533993	0.8333333333333333	0.0	
36.0	27.0	2.6033740759502804	0.0	-0.15707963267948966	5.0	22.0	-2.807146605232141	0.2777777777777778	0.0	13.546162194123102	18.313794396436762	1.9052423751525485	0.8333333333333333	0.0	
12.0	27.0	0.4836200884750088	0.0	0.0	37.0	26.0	-0.30177807492243947	1.3888888888888888	0.0	30.909872153395487	30.246803834887157	-1.7853079391176196	0.8333333333333333	0.0	
12.0	27.0	0.4836200884750088	0.0	0.0	37.0	26.0	-0.30177807492243947	1.3888888888888888	0.0	18.409872153395487	30.746803834887157	-1.5235085513184705	1.1111111111111112	0.0	
12.0	27.0	0.4836200884750088	0.0	0.0	37.0	26.0	-0.30177807492243947	1.3888888888888888	0.0	30.94984019174436	31.246004793608947	-1.4362420887187541	1.1111111111111112	0.0	
12.0	27.0	0.4836200884750088	0.0	0.0	37.0	26.0	-0.30177807492243947	1.3888888888888888	0.0	30.909872153395487	30.246803834887157	-1.6980414765179033	0.2777777777777778	0.0	
37.0	32.0	2.9589344367298533	0.0	0.0	10.0	25.0	2.697135048930704	0.5555555555555556	0.0	10.75288647635118	22.096009305502598	1.8244704229335387	0.2777777777777778	0.0	
37.0	32.0	2.9589344367298533	0.0	0.0	10.0	25.0	2.697135048930704	0.5555555555555556	0.0	10.501924317567452	23.0640062036684	1.7372039603338223	0.2777777777777778	0.0	
37.0	32.0	2.9589344367298533	0.0	0.0	10.0	25.0	2.697135048930704	0.5555555555555556	0.0	11.25481079391863	20.160015509170996	1.911736885533255	0.2777777777777778	0.0	
37.0	32.0	2.9589344367298533	0.0	0.0	10.0	25.0	2.697135048930704	0.5555555555555556	0.0	17.25192431756745	24.8140062036684	1.911736885533255	0.2777777777777778	0.0	
34.0	5.0	2.970857442114511	0.0	0.13962634015954636	5.0	10.0	2.0981928161173453	0.0	0.0	4.660186166984709	8.029079768511304	1.2255281901201815	0.2777777777777778	0.0	
34.0	5.0	2.970857442114511	0.0	0.13962634015954636	5.0	10.0	2.0981928161173453	0.0	0.0	26.410186166984708	4.279079768511304	1.4000611153196143	0.5555555555555556	0.0	
34.0	5.0	2.970857442114511	0.0	0.13962634015954636	5.0	10.0	2.0981928161173453	0.0	0.0	26.070372333969416	2.3081595370226076	1.4000611153196143	1.1111111111111112	0.0	
34.0	5.0	2.970857442114511	0.0	0.13962634015954636	5.0	10.0	2.0981928161173453	0.0	0.0	11.400465417461772	3.8226994212782595	1.4000611153196143	0.5555555555555556	0.0	
14.0	3.0	0.3857653941858956	0.0	0.13962634015954636	27.0	7.0	0.29849893158617924	2.5	0.0	16.07365660464991	7.8231160348878	-1.0977644700092846	1.1111111111111112	0.0	
14.0	3.0	0.3857653941858956	0.0	0.13962634015954636	27.0	7.0	0.29849893158617924	2.5	0.0	23.161828302324952	7.9115580174439	-1.0977644700092846	0.5555555555555556	0.0	
14.0	3.0	0.3857653941858956	0.0	0.13962634015954636	27.0	7.0	0.29849893158617924	2.5	0.0	26.11774245348743	9.86733702616585	-1.3595638578084337	0.5555555555555556	0.0	
14.0	3.0	0.3857653941858956	0.0	0.13962634015954636	27.0	7.0	0.29849893158617924	2.5	0.0	25.529570755812387	11.77889504360975	-1.44683032040815	0.2777777777777778	0.0	
19.0	24.0	0.4398425828157362	0.0	0.12217304763960307	36.0	32.0	0.5271090454154526	0.2777777777777778	0.0	21.546811854680485	29.619274808803976	-1.0436872813794444	1.1111111111111112	0.0	
19.0	24.0	0.4398425828157362	0.0	0.12217304763960307	36.0	32.0	0.5271090454154526	0.2777777777777778	0.0	30.046811854680485	33.61927480880398	-1.2182202065788772	0.5555555555555556	0.0	
19.0	24.0	0.4398425828157362	0.0	0.12217304763960307	36.0	32.0	0.5271090454154526	0.2777777777777778	0.0	34.72260889101036	34.71445610660298	-0.9564208187797281	0.2777777777777778	0.0	
19.0	24.0	0.4398425828157362	0.0	0.12217304763960307	36.0	32.0	0.5271090454154526	0.2777777777777778	0.0	33.8710148183506	36.52409351100497	-1.3054866691785936	0.2777777777777778	0.0	
18.0	26.0	-1.7873106448970888	0.0	-0.08726646259971647	5.0	9.0	-1.3509783318985065	2.2222222222222223	0.0	8.177431331908783	6.570199569716811	2.576012485088735	1.1111111111111112	0.0	
18.0	26.0	-1.7873106448970888	0.0	-0.08726646259971647	5.0	9.0	-1.3509783318985065	2.2222222222222223	0.0	12.22178916488598	10.212749462146014	2.576012485088735	0.5555555555555556	0.0	
18.0	26.0	-1.7873106448970888	0.0	-0.08726646259971647	5.0	9.0	-1.3509783318985065	2.2222222222222223	0.0	14.677431331908783	15.070199569716811	2.6632789476884513	0.8333333333333333	0.0	
18.0	26.0	-1.7873106448970888	0.0	-0.08726646259971647	5.0	9.0	-1.3509783318985065	2.2222222222222223	0.0	12.22178916488598	10.212749462146014	2.4887460224890186	0.5555555555555556	0.0	
10.0	6.0	-0.8771172873489408	0.0	-0.08726646259971647	21.0	3.0	0.4318796516468062	1.1111111111111112	0.0	18.776234811584217	5.679527642475465	-2.011581301145254	0.5555555555555556	0.0	
10.0	6.0	-0.8771172873489408	0.0	-0.08726646259971647	21.0	3.0	0.4318796516468062	1.1111111111111112	0.0	16.815587028960543	9.323819106188662	-1.8370483759458214	1.1111111111111112	0.0	
10.0	6.0	-0.8771172873489408	0.0	-0.08726646259971647	21.0	3.0	0.4318796516468062	1.1111111111111112	0.0	21.789352217376326	5.894291463713197	-1.6625154507463886	0.5555555555555556	0.0	
10.0	6.0	-0.8771172873489408	0.0	-0.08726646259971647	21.0	3.0	0.4318796516468062	1.1111111111111112	0.0	21.789352217376326	5.894291463713197	-1.9243148385455378	0.2777777777777778	0.0	
36.0	27.0	3.037505466317791	0.0	-0.08726646259971647	4.0	19.0	-2.2857487522649134	0.2777777777777778	0.0	28.970142500145332	21.11942999941867	1.7285085273220444	0.8333333333333333	0.0	
36.0	27.0	3.037505466317791	0.0	-0.08726646259971647	4.0	19.0	-2.2857487522649134	0.2777777777777778	0.0	28.485071250072668	23.059714999709335	1.9903079151211935	0.5555555555555556	0.0	
36.0	27.0	3.037505466317791	0.0	-0.08726646259971647	4.0	19.0	-2.2857487522649134	0.2777777777777778	0.0	4.727606875108999	16.089572499564003	1.9903079151211935	0.2777777777777778	0.0	
36.0	27.0	3.037505466317791	0.0	-0.08726646259971647	4.0	19.0	-2.2857487522649134	0.2777777777777778	0.0	29.212678125181665	20.149287499273342	1.9030414525214772	1.3888888888888888	0.0	
6.0	24.0	0.21617550429802135	0.0	0.03490658503988659	30.0	25.0	-0.5692226590994269	1.1111111111111112	0.0	23.91673891057564	26.748266146184704	-1.5291537476963084	0.5555555555555556	0.0	
6.0	24.0	0.21617550429802135	0.0	0.03490658503988659	30.0	25.0	-0.5692226590994269	1.1111111111111112	0.0	29.833477821151277	28.99653229236941	-1.7036866728957412	0.8333333333333333	0.0	
6.0	24.0	0.21617550429802135	0.0	0.03490658503988659	30.0	25.0	-0.5692226590994269	1.1111111111111112	0.0	17.875108365863458	27.497399219277057	-1.3546208224968765	0.2777777777777778	0.0	
6.0	24.0	0.21617550429802135	0.0	0.03490658503988659	30.0	25.0	-0.5692226590994269	1.1111111111111112	0.0	29.91673891057564	26.998266146184704	-1.6164202102960248	0.2777777777777778	0.0	
15.0	6.0	0.19049192301385887	0.0	0.10471975511965977	29.0	5.0	-0.33310685258443984	2.7777777777777777	0.0	25.856235249939548	10.237293499153676	-1.7293702541799032	1.3888888888888888	0.0	
15.0	6.0	0.19049192301385887	0.0	0.10471975511965977	29.0	5.0	-0.33310685258443984	2.7777777777777777	0.0	18.856235249939548	10.737293499153676	-1.5548373289804704	1.1111111111111112	0.0	
15.0	6.0	0.19049192301385887	0.0	0.10471975511965977	29.0	5.0	-0.33310685258443984	2.7777777777777777	0.0	29.284988199951638	8.98983479932294	-1.8166367167796196	0.8333333333333333	0.0	
15.0	6.0	0.19049192301385887	0.0	0.10471975511965977	29.0	5.0	-0.33310685258443984	2.7777777777777777	0.0	25.64249409997582	7.24491739966147	-1.6421037915801868	0.5555555555555556	0.0	
3.0	5.0	1.59811162279712	0.0	-0.08726646259971647	9.0	23.0	0.3763811464010898	0.8333333333333333	0.0	2.205266807797945	15.264911064067352	-0.4962834795960749	0.5555555555555556	0.0	
3.0	5.0	1.59811162279712	0.0	-0.08726646259971647	9.0	23.0	0.3763811464010898	0.8333333333333333	0.0	2.205266807797945	15.264911064067352	-0.4962834795960749	0.2777777777777778	0.0	
3.0	5.0	1.59811162279712	0.0	-0.08726646259971647	9.0	23.0	0.3763811464010898	0.8333333333333333	0.0	2.756583509747431	20.08113883008419	-0.23448409179692575	1.3888888888888888	0.0	
3.0	5.0	1.59811162279712	0.0	-0.08726646259971647	9.0	23.0	0.3763811464010898	0.8333333333333333	0.0	3.705266807797945	19.764911064067352	-0.4090170169963585	0.5555555555555556	0.0	
8.0	24.0	0.34906585039886595	0.0	-0.03490658503988659	24.0	24.0	-0.17453292519943275	1.3888888888888888	0.0	16.0	29.0	-1.5707963267948966	0.8333333333333333	0.0	
8.0	24.0	0.34906585039886595	0.0	-0.03490658503988659	24.0	24.0	-0.17453292519943275	1.3888888888888888	0.0	16.0	27.0	-1.5707963267948966	0.2777777777777778	0.0	
8.0	24.0	0.34906585039886595	0.0	-0.03490658503988659	24.0	24.0	-0.17453292519943275	1.3888888888888888	0.0	16.0	28.0	-1.4835298641951802	0.5555555555555556	0.0	
8.0	24.0	0.34906585039886595	0.0	-0.03490658503988659	24.0	24.0	-0.17453292519943275	1.3888888888888888	0.0	12.0	28.0	-1.7453292519943293	1.1111111111111112	0.0	
20.0	4.0	-3.0336278921661837	0.0	0.0	5.0	5.0	3.07502448981397	1.1111111111111112	0.0	15.917404947381133	-0.7389257892830452	1.5042281630190732	0.5555555555555556	0.0	
20.0	4.0	-3.0336278921661837	0.0	0.0	5.0	5.0	3.07502448981397	1.1111111111111112	0.0	8.55044296842868	1.7566445264301729	1.678761088218506	0.2777777777777778	0.0	
20.0	4.0	-3.0336278921661837	0.0	0.0	5.0	5.0	3.07502448981397	1.1111111111111112	0.0	12.30044296842868	1.5066445264301729	1.678761088218506	0.5555555555555556	0.0	
20.0	4.0	-3.0336278921661837	0.0	0.0	5.0	5.0	3.07502448981397	1.1111111111111112	0.0	8.417404947381133	-0.2389257892830452	1.5914946256187896	0.8333333333333333	0.0	
31.0	6.0	2.394637080213533	0.0	0.17453292519943295	5.0	5.0	3.0055023184115477	1.9444444444444444	0.0	18.115299366303613	2.5022164761060575	1.6092389168160839	0.8333333333333333	0.0	
31.0	6.0	2.394637080213533	0.0	0.17453292519943295	5.0	5.0	3.0055023184115477	1.9444444444444444	0.0	18.07686624420241	3.5014776507373715	1.6092389168160839	0.5555555555555556	0.0	
31.0	6.0	2.394637080213533	0.0	0.17453292519943295	5.0	5.0	3.0055023184115477	1.9444444444444444	0.0	24.653732488404817	1.752955301474743	1.4347059916166511	0.2777777777777778	0.0	
31.0	6.0	2.394637080213533	0.0	0.17453292519943295	5.0	5.0	3.0055023184115477	1.9444444444444444	0.0	18.115299366303613	2.5022164761060575	1.6092389168160839	0.2777777777777778	0.0	
14.0	6.0	0.15857392738500664	0.0	0.0	28.0	7.0	-0.2777583856135757	2.7777777777777777	0.0	20.786258850036273	9.492376099492205	-1.674021787209039	0.8333333333333333	0.0	
14.0	6.0	0.15857392738500664	0.0	0.0	28.0	7.0	-0.2777583856135757	2.7777777777777777	0.0	24.35750590002418	8.74491739966147	-1.4994888620096063	0.5555555555555556	0.0	
14.0	6.0	0.15857392738500664	0.0	0.0	28.0	7.0	-0.2777583856135757	2.7777777777777777	0.0	24.143764750060452	11.737293499153676	-1.5867553246093227	0.2777777777777778	0.0	
14.0	6.0	0.15857392738500664	0.0	0.0	28.0	7.0	-0.2777583856135757	2.7777777777777777	0.0	24.215011800048362	10.73983479932294	-1.674021787209039	0.5555555555555556	0.0	
6.0	27.0	0.00412523071127513	0.0	-0.13962634015954636	30.0	25.0	0.2659246185104247	1.1111111111111112	0.0	24.4152273992687	30.482728791224396	-1.8284704838827706	0.2777777777777778	0.0	
6.0	27.0	0.00412523071127513	0.0	-0.13962634015954636	30.0	25.0	0.2659246185104247	1.1111111111111112	0.0	18.24913643956122	28.98963727473464	-1.8284704838827706	0.5555555555555556	0.0	
6.0	27.0	0.00412523071127513	0.0	-0.13962634015954636	30.0	25.0	0.2659246185104247	1.1111111111111112	0.0	18.24913643956122	28.98963727473464	-1.6539375586833378	0.2777777777777778	0.0	
6.0	27.0	0.00412523071127513	0.0	-0.13962634015954636	30.0	25.0	0.2659246185104247	1.1111111111111112	0.0	12.16609095970748	28.49309151648976	-1.8284704838827706	0.5555555555555556	0.0	
7.0	24.0	-1.8554583492444938	0.0	0.12217304763960307	4.0	9.0	-1.506392498845628	0.2777777777777778	0.0	6.941742027072761	8.411651594585447	3.031463556339629	0.8333333333333333	0.0	
7.0	24.0	-1.8554583492444938	0.0	0.12217304763960307	4.0	9.0	-1.506392498845628	0.2777777777777778	0.0	9.42232270276368	15.715535459447263	2.76966416854048	1.1111111111111112	0.0	
7.0	24.0	-1.8554583492444938	0.0	0.12217304763960307	4.0	9.0	-1.506392498845628	0.2777777777777778	0.0	9.6529033784546	11.76941932430908	3.031463556339629	0.5555555555555556	0.0	
7.0	24.0	-1.8554583492444938	0.0	0.12217304763960307	4.0	9.0	-1.506392498845628	0.2777777777777778	0.0	5.96116135138184	8.607767729723632	3.031463556339629	0.5555555555555556	0.0	
11.0	25.0	0.34906585039886595	0.0	0.017453292519943295	30.0	25.0	-0.2617993877991496	0.8333333333333333	0.0	30.0	29.0	-1.7453292519943293	0.5555555555555556	0.0	
11.0	25.0	0.34906585039886595	0.0	0.017453292519943295	30.0	25.0	-0.2617993877991496	0.8333333333333333	0.0	20.5	30.0	-1.7453292519943293	0.8333333333333333	0.0	
11.0	25.0	0.34906585039886595	0.0	0.017453292519943295	30.0	25.0	-0.2617993877991496	0.8333333333333333	0.0	25.25	29.0	-1.4835298641951802	1.1111111111111112	0.0	
11.0	25.0	0.34906585039886595	0.0	0.017453292519943295	30.0	25.0	-0.2617993877991496	0.8333333333333333	0.0	15.75	27.0	-1.4835298641951802	0.2777777777777778	0.0	
6.0	3.0	-0.2207139072233275	0.0	0.0	22.0	8.0	1.08828303177242	2.2222222222222223	0.0	16.508625034320264	11.522399890175148	-1.1806449958202094	0.8333333333333333	0.0	
6.0	3.0	-0.2207139072233275	0.0	0.0	22.0	8.0	1.08828303177242	2.2222222222222223	0.0	9.403450013728106	6.15895995607006	-1.267911458419924	0.2777777777777778	0.0	
6.0	3.0	-0.2207139072233275	0.0	0.0	22.0	8.0	1.08828303177242	2.2222222222222223	0.0	13.10517502059216	8.363439934105088	-1.3551779210196422	0.2777777777777778	0.0	
6.0	3.0	-0.2207139072233275	0.0	0.0	22.0	8.0	1.08828303177242	2.2222222222222223	0.0	21.403450013728104	9.90895995607006	-1.0933785332204913	0.2777777777777778	0.0	
