400
22.0	25.0	0.12382687062302988	0.0	-0.03490658503988659	36.0	28.0	0.2983597958224631	1.6666666666666665	0.0	31.661883645076507	31.161209656309637	-1.4469694561718667	1.1111111111111112	0.0	
22.0	25.0	0.12382687062302988	0.0	-0.03490658503988659	36.0	28.0	0.2983597958224631	1.6666666666666665	0.0	31.661883645076507	31.161209656309637	-1.4469694561718667	0.2777777777777778	0.0	
22.0	25.0	0.12382687062302988	0.0	-0.03490658503988659	36.0	28.0	0.2983597958224631	1.6666666666666665	0.0	31.661883645076507	31.161209656309637	-1.534235918771583	1.1111111111111112	0.0	
22.0	25.0	0.12382687062302988	0.0	-0.03490658503988659	36.0	28.0	0.2983597958224631	1.6666666666666665	0.0	28.371412733807382	29.433407242232228	-1.2724365309724348	0.2777777777777778	0.0	
36.0	22.0	-2.256525837701183	0.0	0.13962634015954636	37.0	12.0	-0.947528898705436	1.1111111111111112	0.0	41.225185951049944	19.997518595104992	-2.8673910758991985	1.3888888888888888	0.0	
36.0	22.0	-2.256525837701183	0.0	0.13962634015954636	37.0	12.0	-0.947528898705436	1.1111111111111112	0.0	39.73511157062997	14.798511157062997	-2.954657538498915	0.5555555555555556	0.0	
36.0	22.0	-2.256525837701183	0.0	0.13962634015954636	37.0	12.0	-0.947528898705436	1.1111111111111112	0.0	40.23014876083996	19.898014876083995	3.066728380881522	0.5555555555555556	0.0	
36.0	22.0	-2.256525837701183	0.0	0.13962634015954636	37.0	12.0	-0.947528898705436	1.1111111111111112	0.0	41.975185951049944	12.497518595104994	-2.954657538498915	0.8333333333333333	0.0	
5.0	25.0	0.7853981633974483	0.0	0.12217304763960307	30.0	25.0	0.0	2.2222222222222223	0.0	17.5	28.0	-1.658062789394613	0.2777777777777778	0.0	
5.0	25.0	0.7853981633974483	0.0	0.12217304763960307	30.0	25.0	0.0	2.2222222222222223	0.0	11.25	28.0	-1.3962634015954638	0.5555555555555556	0.0	
5.0	25.0	0.7853981633974483	0.0	0.12217304763960307	30.0	25.0	0.0	2.2222222222222223	0.0	23.75	28.0	-1.4835298641951802	0.5555555555555556	0.0	
5.0	25.0	0.7853981633974483	0.0	0.12217304763960307	30.0	25.0	0.0	2.2222222222222223	0.0	17.5	29.0	-1.3962634015954638	0.8333333333333333	0.0	
13.0	26.0	2.559238055275772	0.0	-0.15707963267948966	5.0	35.0	1.773839891878323	2.5	0.0	9.50518136263268	26.92127232234016	0.9011752658811583	0.5555555555555556	0.0	
13.0	26.0	2.559238055275772	0.0	-0.15707963267948966	5.0	35.0	1.773839891878323	2.5	0.0	5.262953406581701	27.178180805850403	0.7266423406817255	0.2777777777777778	0.0	
13.0	26.0	2.559238055275772	0.0	-0.15707963267948966	5.0	35.0	1.773839891878323	2.5	0.0	2.0103627252653613	32.34254464468032	0.7266423406817255	0.5555555555555556	0.0	
13.0	26.0	2.559238055275772	0.0	-0.15707963267948966	5.0	35.0	1.773839891878323	2.5	0.0	5.505181362632681	31.42127232234016	0.9011752658811583	0.2777777777777778	0.0	
6.0	30.0	-1.1597317794050321	0.0	0.10471975511965977	34.0	19.0	-0.6361330038067332	1.1111111111111112	0.0	20.731304744845986	26.361502986880694	-2.0323964054021966	0.2777777777777778	0.0	
6.0	30.0	-1.1597317794050321	0.0	0.10471975511965977	34.0	19.0	-0.6361330038067332	1.1111111111111112	0.0	28.09695711726898	24.54225448032104	-1.9451299428024802	0.5555555555555556	0.0	
6.0	30.0	-1.1597317794050321	0.0	0.10471975511965977	34.0	19.0	-0.6361330038067332	1.1111111111111112	0.0	27.731304744845986	23.611502986880694	-2.0323964054021966	0.5555555555555556	0.0	
6.0	30.0	-1.1597317794050321	0.0	0.10471975511965977	34.0	19.0	-0.6361330038067332	1.1111111111111112	0.0	14.462609489691973	30.97300597376139	-1.8578634802027638	0.8333333333333333	0.0	
35.0	21.0	-1.977286357826331	0.0	-0.017453292519943295	37.0	4.0	-1.366421119628316	0.5555555555555556	0.0	40.96575302161438	13.084206237836986	-3.024483909022929	0.8333333333333333	0.0	
35.0	21.0	-1.977286357826331	0.0	-0.017453292519943295	37.0	4.0	-1.366421119628316	0.5555555555555556	0.0	39.972602417291505	12.967364990269589	-2.9372174464232126	1.1111111111111112	0.0	
35.0	21.0	-1.977286357826331	0.0	-0.017453292519943295	37.0	4.0	-1.366421119628316	0.5555555555555556	0.0	38.97945181296863	12.85052374270219	3.0841684729572245	0.8333333333333333	0.0	
35.0	21.0	-1.977286357826331	0.0	-0.017453292519943295	37.0	4.0	-1.366421119628316	0.5555555555555556	0.0	41.96575302161438	4.584206237836986	-2.849950983823496	0.2777777777777778	0.0	
34.0	26.0	2.2191283158821573	0.0	0.17453292519943295	5.0	30.0	2.655460628880739	0.8333333333333333	0.0	26.066813014314846	22.046894353782626	1.3464636898849927	0.2777777777777778	0.0	
34.0	26.0	2.2191283158821573	0.0	0.17453292519943295	5.0	30.0	2.655460628880739	0.8333333333333333	0.0	11.976725205725938	27.01875774151305	1.3464636898849927	0.5555555555555556	0.0	
34.0	26.0	2.2191283158821573	0.0	0.17453292519943295	5.0	30.0	2.655460628880739	0.8333333333333333	0.0	26.34008780858891	24.028136612269577	1.3464636898849927	0.2777777777777778	0.0	
34.0	26.0	2.2191283158821573	0.0	0.17453292519943295	5.0	30.0	2.655460628880739	0.8333333333333333	0.0	11.976725205725938	27.01875774151305	1.433730152484709	0.5555555555555556	0.0	
36.0	26.0	3.0132694259039985	0.0	0.12217304763960307	5.0	30.0	2.4896706503056993	1.6666666666666665	0.0	12.110143311849017	24.041110666829873	1.3552066365093856	0.5555555555555556	0.0	
36.0	26.0	3.0132694259039985	0.0	0.12217304763960307	5.0	30.0	2.4896706503056993	1.6666666666666665	0.0	19.988114649479215	24.0328885334639	1.3552066365093856	0.2777777777777778	0.0	
36.0	26.0	3.0132694259039985	0.0	0.12217304763960307	5.0	30.0	2.4896706503056993	1.6666666666666665	0.0	20.11608598710941	25.024666400097924	1.3552066365093856	0.2777777777777778	0.0	
36.0	26.0	3.0132694259039985	0.0	0.12217304763960307	5.0	30.0	2.4896706503056993	1.6666666666666665	0.0	4.488114649479214	26.0328885334639	1.6170060243085347	0.2777777777777778	0.0	
23.0	8.0	3.0543261909900767	0.0	0.12217304763960307	3.0	8.0	2.2689280275926285	0.5555555555555556	0.0	8.0	5.0	1.7453292519943293	0.5555555555555556	0.0	
23.0	8.0	3.0543261909900767	0.0	0.12217304763960307	3.0	8.0	2.2689280275926285	0.5555555555555556	0.0	13.0	3.0	1.4835298641951802	0.8333333333333333	0.0	
23.0	8.0	3.0543261909900767	0.0	0.12217304763960307	3.0	8.0	2.2689280275926285	0.5555555555555556	0.0	8.0	6.0	1.4835298641951802	0.2777777777777778	0.0	
23.0	8.0	3.0543261909900767	0.0	0.12217304763960307	3.0	8.0	2.2689280275926285	0.5555555555555556	0.0	8.0	5.0	1.658062789394613	0.5555555555555556	0.0	
34.0	7.0	-3.046640947247037	0.0	0.12217304763960307	13.0	5.0	-3.046640947247037	1.6666666666666665	0.0	23.68961818525599	4.009009054812095	1.7530144957373697	0.2777777777777778	0.0	
34.0	7.0	-3.046640947247037	0.0	0.12217304763960307	13.0	5.0	-3.046640947247037	1.6666666666666665	0.0	13.474045463139978	0.022522637030238712	1.7530144957373697	0.2777777777777778	0.0	
34.0	7.0	-3.046640947247037	0.0	0.12217304763960307	13.0	5.0	-3.046640947247037	1.6666666666666665	0.0	23.68961818525599	4.009009054812095	1.578481570537937	0.5555555555555556	0.0	
34.0	7.0	-3.046640947247037	0.0	0.12217304763960307	13.0	5.0	-3.046640947247037	1.6666666666666665	0.0	29.224045463139976	1.5225226370302387	1.4912151079382205	0.8333333333333333	0.0	
30.0	22.0	2.4343134902527908	0.0	0.017453292519943295	12.0	27.0	-2.7144078031304817	1.6666666666666665	0.0	20.46471227242781	22.57296418074012	1.299849476456476	0.2777777777777778	0.0	
30.0	22.0	2.4343134902527908	0.0	0.017453292519943295	12.0	27.0	-2.7144078031304817	1.6666666666666665	0.0	15.429424544855621	21.895928361480237	1.1253165512570433	0.8333333333333333	0.0	
30.0	22.0	2.4343134902527908	0.0	0.017453292519943295	12.0	27.0	-2.7144078031304817	1.6666666666666665	0.0	19.661780681069526	19.682410451850295	1.3871159390561925	0.2777777777777778	0.0	
30.0	22.0	2.4343134902527908	0.0	0.017453292519943295	12.0	27.0	-2.7144078031304817	1.6666666666666665	0.0	15.429424544855621	21.895928361480237	1.4743824016559088	0.8333333333333333	0.0	
20.0	23.0	-2.967354575205319	0.0	0.12217304763960307	5.0	30.0	2.1813667181779532	0.5555555555555556	0.0	3.7313436040066277	27.281450580014205	0.9596362417819222	0.5555555555555556	0.0	
20.0	23.0	-2.967354575205319	0.0	0.12217304763960307	5.0	30.0	2.1813667181779532	0.5555555555555556	0.0	7.058458138675504	24.625267440018938	1.0469027043816386	0.5555555555555556	0.0	
20.0	23.0	-2.967354575205319	0.0	0.12217304763960307	5.0	30.0	2.1813667181779532	0.5555555555555556	0.0	14.558458138675503	21.125267440018938	1.0469027043816386	0.8333333333333333	0.0	
20.0	23.0	-2.967354575205319	0.0	0.12217304763960307	5.0	30.0	2.1813667181779532	0.5555555555555556	0.0	10.808458138675503	22.875267440018938	1.2214356295810713	0.8333333333333333	0.0	
35.0	3.0	-2.7718285043670345	0.0	-0.10471975511965977	5.0	5.0	-2.597295579167602	0.2777777777777778	0.0	19.866961978952453	2.004429684286782	1.3296952378196405	0.2777777777777778	0.0	
35.0	3.0	-2.7718285043670345	0.0	-0.10471975511965977	5.0	5.0	-2.597295579167602	0.2777777777777778	0.0	27.366961978952453	1.504429684286782	1.5042281630190732	0.5555555555555556	0.0	
35.0	3.0	-2.7718285043670345	0.0	-0.10471975511965977	5.0	5.0	-2.597295579167602	0.2777777777777778	0.0	4.866961978952453	3.004429684286782	1.5914946256187896	0.5555555555555556	0.0	
35.0	3.0	-2.7718285043670345	0.0	-0.10471975511965977	5.0	5.0	-2.597295579167602	0.2777777777777778	0.0	4.80044296842868	2.006644526430173	1.4169617004193569	0.2777777777777778	0.0	
4.0	37.0	-1.6307474933923891	0.0	0.15707963267948966	10.0	25.0	-0.4962834795960749	0.2777777777777778	0.0	8.788854381999831	31.894427190999917	-2.677945044588987	0.2777777777777778	0.0	
4.0	37.0	-1.6307474933923891	0.0	0.15707963267948966	10.0	25.0	-0.4962834795960749	0.2777777777777778	0.0	11.47213595499958	33.236067977499786	-2.5906785819892706	0.8333333333333333	0.0	
4.0	37.0	-1.6307474933923891	0.0	0.15707963267948966	10.0	25.0	-0.4962834795960749	0.2777777777777778	0.0	8.183281572999748	35.34164078649987	-2.8524779697884197	0.8333333333333333	0.0	
4.0	37.0	-1.6307474933923891	0.0	0.15707963267948966	10.0	25.0	-0.4962834795960749	0.2777777777777778	0.0	11.183281572999748	29.341640786499873	-2.8524779697884197	0.2777777777777778	0.0	
29.0	5.0	-2.4310587629006157	0.0	-0.12217304763960307	9.0	3.0	2.6303960678829394	0.8333333333333333	0.0	19.497518595104992	-0.9751859510499461	1.6704649792860584	1.1111111111111112	0.0	
29.0	5.0	-2.4310587629006157	0.0	-0.12217304763960307	9.0	3.0	2.6303960678829394	0.8333333333333333	0.0	19.398014876083995	0.019851239160043388	1.8449979044854912	0.2777777777777778	0.0	
29.0	5.0	-2.4310587629006157	0.0	-0.12217304763960307	9.0	3.0	2.6303960678829394	0.8333333333333333	0.0	9.298511157062997	0.01488842937003243	1.583198516686342	0.2777777777777778	0.0	
29.0	5.0	-2.4310587629006157	0.0	-0.12217304763960307	9.0	3.0	2.6303960678829394	0.8333333333333333	0.0	19.398014876083995	0.019851239160043388	1.4959320540866257	0.2777777777777778	0.0	
11.0	24.0	-0.808260798047896	0.0	0.03490658503988659	21.0	22.0	0.23893675314870144	1.1111111111111112	0.0	21.392232270276367	23.96116135138184	-1.5936589614453442	0.2777777777777778	0.0	
11.0	24.0	-0.808260798047896	0.0	0.03490658503988659	21.0	22.0	0.23893675314870144	1.1111111111111112	0.0	16.58834840541455	25.94174202707276	-1.5936589614453442	0.8333333333333333	0.0	
11.0	24.0	-0.808260798047896	0.0	0.03490658503988659	21.0	22.0	0.23893675314870144	1.1111111111111112	0.0	19.48058067569092	27.402903378454603	-1.5936589614453442	0.2777777777777778	0.0	
11.0	24.0	-0.808260798047896	0.0	0.03490658503988659	21.0	22.0	0.23893675314870144	1.1111111111111112	0.0	19.48058067569092	27.402903378454603	-1.768191886644777	1.3888888888888888	0.0	
22.0	24.0	-3.1322084058049873	0.0	0.13962634015954636	4.0	27.0	2.88917751357545	0.8333333333333333	0.0	3.342404050778571	23.054424304671425	1.3183811867805533	0.2777777777777778	0.0	
22.0	24.0	-3.1322084058049873	0.0	0.13962634015954636	4.0	27.0	2.88917751357545	0.8333333333333333	0.0	17.171202025389285	22.777212152335714	1.492914111979986	0.5555555555555556	0.0	
22.0	24.0	-3.1322084058049873	0.0	0.13962634015954636	4.0	27.0	2.88917751357545	0.8333333333333333	0.0	3.1780050634732135	22.068030380839282	1.3183811867805533	1.1111111111111112	0.0	
22.0	24.0	-3.1322084058049873	0.0	0.13962634015954636	4.0	27.0	2.88917751357545	0.8333333333333333	0.0	16.84240405077857	20.804424304671425	1.5801805745797024	0.2777777777777778	0.0	
3.0	6.0	-0.5548386090285673	0.0	0.17453292519943295	35.0	5.0	0.23055955436888098	2.2222222222222223	0.0	27.09370425713316	8.248536228261237	-1.7765690854245975	0.5555555555555556	0.0	
3.0	6.0	-0.5548386090285673	0.0	0.17453292519943295	35.0	5.0	0.23055955436888098	2.2222222222222223	0.0	35.06246950475544	6.999024152174158	-1.689302622824881	0.2777777777777778	0.0	
3.0	6.0	-0.5548386090285673	0.0	0.17453292519943295	35.0	5.0	0.23055955436888098	2.2222222222222223	0.0	35.06246950475544	6.999024152174158	-1.427503235025732	0.2777777777777778	0.0	
3.0	6.0	-0.5548386090285673	0.0	0.17453292519943295	35.0	5.0	0.23055955436888098	2.2222222222222223	0.0	35.09370425713316	7.998536228261236	-1.6020361602251647	0.5555555555555556	0.0	
18.0	6.0	2.9511007305759343	0.0	-0.12217304763960307	4.0	5.0	-2.9830187262047865	1.1111111111111112	0.0	7.784988199951639	1.26016520067706	1.467570866380754	0.5555555555555556	0.0	
18.0	6.0	2.9511007305759343	0.0	-0.12217304763960307	4.0	5.0	-2.9830187262047865	1.1111111111111112	0.0	11.142494099975819	3.50508260033853	1.8166367167796196	0.2777777777777778	0.0	
18.0	6.0	2.9511007305759343	0.0	-0.12217304763960307	4.0	5.0	-2.9830187262047865	1.1111111111111112	0.0	7.713741149963729	2.257623900507795	1.467570866380754	0.8333333333333333	0.0	
18.0	6.0	2.9511007305759343	0.0	-0.12217304763960307	4.0	5.0	-2.9830187262047865	1.1111111111111112	0.0	11.284988199951638	1.51016520067706	1.467570866380754	0.2777777777777778	0.0	
32.0	26.0	2.7540842131697394	0.0	-0.13962634015954636	6.0	27.0	2.5795512879703066	2.7777777777777777	0.0	25.423133755797593	24.25147765073737	1.4450872741739929	0.2777777777777778	0.0	
32.0	26.0	2.7540842131697394	0.0	-0.13962634015954636	6.0	27.0	2.5795512879703066	2.7777777777777777	0.0	25.38470063369639	23.252216476106057	1.6196201993734256	0.5555555555555556	0.0	
32.0	26.0	2.7540842131697394	0.0	-0.13962634015954636	6.0	27.0	2.5795512879703066	2.7777777777777777	0.0	25.30783438949398	21.253694126843428	1.706886661973142	0.5555555555555556	0.0	
32.0	26.0	2.7540842131697394	0.0	-0.13962634015954636	6.0	27.0	2.5795512879703066	2.7777777777777777	0.0	25.423133755797593	24.25147765073737	1.4450872741739929	0.5555555555555556	0.0	
32.0	28.0	2.7926660769997333	0.0	0.13962634015954636	15.0	25.0	-2.705121066782404	1.9444444444444444	0.0	28.097570667818093	25.280432882364128	1.9200014510025687	0.2777777777777778	0.0	
32.0	28.0	2.7926660769997333	0.0	0.13962634015954636	15.0	25.0	-2.705121066782404	1.9444444444444444	0.0	28.271356001727142	24.29564932354619	1.745468525803136	0.8333333333333333	0.0	
32.0	28.0	2.7926660769997333	0.0	0.13962634015954636	15.0	25.0	-2.705121066782404	1.9444444444444444	0.0	15.69514133563619	21.060865764728252	1.9200014510025687	0.5555555555555556	0.0	
32.0	28.0	2.7926660769997333	0.0	0.13962634015954636	15.0	25.0	-2.705121066782404	1.9444444444444444	0.0	15.521356001727142	22.04564932354619	1.5709356006037032	0.8333333333333333	0.0	
36.0	26.0	2.621387302592523	0.0	0.0	25.0	25.0	-2.3528010655913163	2.2222222222222223	0.0	27.931071492085035	23.258213587064592	1.7487226765953583	0.2777777777777778	0.0	
36.0	26.0	2.621387302592523	0.0	0.0	25.0	25.0	-2.3528010655913163	2.2222222222222223	0.0	25.181071492085035	23.008213587064592	1.8359891391950747	0.5555555555555556	0.0	
36.0	26.0	2.621387302592523	0.0	0.0	25.0	25.0	-2.3528010655913163	2.2222222222222223	0.0	25.181071492085035	23.008213587064592	1.7487226765953583	0.5555555555555556	0.0	
36.0	26.0	2.621387302592523	0.0	0.0	25.0	25.0	-2.3528010655913163	2.2222222222222223	0.0	33.61214298417007	21.766427174129184	1.8359891391950747	0.8333333333333333	0.0	
13.0	23.0	3.0336278921661837	0.0	-0.03490658503988659	5.0	30.0	1.8991638783698699	1.1111111111111112	0.0	2.365981568525929	26.989693221172487	0.9392327897729889	1.1111111111111112	0.0	
13.0	23.0	3.0336278921661837	0.0	-0.03490658503988659	5.0	30.0	1.8991638783698699	1.1111111111111112	0.0	9.682990784262964	23.244846610586244	0.9392327897729889	0.2777777777777778	0.0	
13.0	23.0	3.0336278921661837	0.0	-0.03490658503988659	5.0	30.0	1.8991638783698699	1.1111111111111112	0.0	5.707476960657411	22.73711652646561	0.7646998645735561	1.3888888888888888	0.0	
13.0	23.0	3.0336278921661837	0.0	-0.03490658503988659	5.0	30.0	1.8991638783698699	1.1111111111111112	0.0	7.682990784262964	24.994846610586244	0.6774334019738397	0.5555555555555556	0.0	
13.0	6.0	0.34906585039886595	0.0	-0.05235987755982988	37.0	6.0	-0.34906585039886595	0.2777777777777778	0.0	37.0	10.0	-1.4835298641951802	0.5555555555555556	0.0	
13.0	6.0	0.34906585039886595	0.0	-0.05235987755982988	37.0	6.0	-0.34906585039886595	0.2777777777777778	0.0	25.0	9.0	-1.3962634015954638	0.5555555555555556	0.0	
13.0	6.0	0.34906585039886595	0.0	-0.05235987755982988	37.0	6.0	-0.34906585039886595	0.2777777777777778	0.0	19.0	10.0	-1.3962634015954638	0.2777777777777778	0.0	
13.0	6.0	0.34906585039886595	0.0	-0.05235987755982988	37.0	6.0	-0.34906585039886595	0.2777777777777778	0.0	37.0	11.0	-1.658062789394613	0.5555555555555556	0.0	
11.0	23.0	0.08779458652344774	0.0	-0.05235987755982988	34.0	21.0	-0.9594029646731501	2.7777777777777777	0.0	22.93314808182421	26.981202940978413	-1.4830017402714493	0.5555555555555556	0.0	
11.0	23.0	0.08779458652344774	0.0	-0.05235987755982988	34.0	21.0	-0.9594029646731501	2.7777777777777777	0.0	34.25988884909453	23.988721764587048	-1.8320675906703148	0.8333333333333333	0.0	
11.0	23.0	0.08779458652344774	0.0	-0.05235987755982988	34.0	21.0	-0.9594029646731501	2.7777777777777777	0.0	16.923259232729684	24.492481176391365	-1.657534665470882	0.5555555555555556	0.0	
11.0	23.0	0.08779458652344774	0.0	-0.05235987755982988	34.0	21.0	-0.9594029646731501	2.7777777777777777	0.0	28.423259232729684	23.492481176391365	-1.657534665470882	0.2777777777777778	0.0	
37.0	9.0	-2.6999397659981654	0.0	-0.10471975511965977	15.0	5.0	2.797847377783972	1.9444444444444444	0.0	21.394427190999917	1.080650449500463	1.9251827517868074	1.1111111111111112	0.0	
37.0	9.0	-2.6999397659981654	0.0	-0.10471975511965977	15.0	5.0	2.797847377783972	1.9444444444444444	0.0	32.21554175279993	4.064520359600371	1.7506498265873747	0.5555555555555556	0.0	
37.0	9.0	-2.6999397659981654	0.0	-0.10471975511965977	15.0	5.0	2.797847377783972	1.9444444444444444	0.0	26.53665631459995	4.048390269700278	1.7506498265873747	0.8333333333333333	0.0	
37.0	9.0	-2.6999397659981654	0.0	-0.10471975511965977	15.0	5.0	2.797847377783972	1.9444444444444444	0.0	26.715541752799933	3.0645203596003703	1.9251827517868074	1.1111111111111112	0.0	
33.0	3.0	-3.053798067066346	0.0	-0.13962634015954636	10.0	5.0	-2.791998679267196	1.6666666666666665	0.0	27.076740767270316	1.507518823608634	1.3095250629194783	0.5555555555555556	0.0	
33.0	3.0	-3.053798067066346	0.0	-0.13962634015954636	10.0	5.0	-2.791998679267196	1.6666666666666665	0.0	26.90348153454063	-0.4849623527827318	1.3095250629194783	0.2777777777777778	0.0	
33.0	3.0	-3.053798067066346	0.0	-0.13962634015954636	10.0	5.0	-2.791998679267196	1.6666666666666665	0.0	21.06685191817579	-0.9812029409784149	1.484057988118911	1.3888888888888888	0.0	
33.0	3.0	-3.053798067066346	0.0	-0.13962634015954636	10.0	5.0	-2.791998679267196	1.6666666666666665	0.0	15.31685191817579	-0.4812029409784149	1.6585909133183439	0.2777777777777778	0.0	
25.0	4.0	3.0916342578678506	0.0	0.12217304763960307	5.0	5.0	2.917101332668418	1.9444444444444444	0.0	19.80024953222443	0.2549906444886214	1.6953708562723868	0.5555555555555556	0.0	
25.0	4.0	3.0916342578678506	0.0	0.12217304763960307	5.0	5.0	2.917101332668418	1.9444444444444444	0.0	9.750311915280541	-0.24376169438922357	1.520837931072954	1.1111111111111112	0.0	
25.0	4.0	3.0916342578678506	0.0	0.12217304763960307	5.0	5.0	2.917101332668418	1.9444444444444444	0.0	19.75031191528054	-0.7437616943892236	1.3463050058735213	0.2777777777777778	0.0	
25.0	4.0	3.0916342578678506	0.0	0.12217304763960307	5.0	5.0	2.917101332668418	1.9444444444444444	0.0	19.900124766112217	2.252495322244311	1.3463050058735213	0.5555555555555556	0.0	
32.0	9.0	-2.360670163020406	0.0	0.17453292519943295	13.0	4.0	2.70078466776315	1.3888888888888888	0.0	14.272466496398218	-0.8353726863132316	1.6535871165665519	0.2777777777777778	0.0	
32.0	9.0	-2.360670163020406	0.0	0.17453292519943295	13.0	4.0	2.70078466776315	1.3888888888888888	0.0	14.017973197118575	0.13170185094941456	2.0026529669654174	0.8333333333333333	0.0	
32.0	9.0	-2.360670163020406	0.0	0.17453292519943295	13.0	4.0	2.70078466776315	1.3888888888888888	0.0	28.01347989783893	4.848776388212061	1.7408535791662683	0.5555555555555556	0.0	
32.0	9.0	-2.360670163020406	0.0	0.17453292519943295	13.0	4.0	2.70078466776315	1.3888888888888888	0.0	14.017973197118575	0.13170185094941456	2.0026529669654174	0.2777777777777778	0.0	
19.0	27.0	2.7105809151842557	0.0	0.0	8.0	25.0	-2.4381403781990163	0.0	0.0	13.857770876399966	24.032260179800186	1.576116901387942	0.2777777777777778	0.0	
19.0	27.0	2.7105809151842557	0.0	0.0	8.0	25.0	-2.4381403781990163	0.0	0.0	8.894427190999915	20.080650449500464	1.837916289187091	1.1111111111111112	0.0	
19.0	27.0	2.7105809151842557	0.0	0.0	8.0	25.0	-2.4381403781990163	0.0	0.0	8.715541752799933	21.06452035960037	1.576116901387942	1.1111111111111112	0.0	
19.0	27.0	2.7105809151842557	0.0	0.0	8.0	25.0	-2.4381403781990163	0.0	0.0	8.894427190999915	20.080650449500464	1.576116901387942	0.8333333333333333	0.0	
36.0	4.0	1.437905980694052	0.0	0.12217304763960307	35.0	28.0	2.136037681491784	0.2777777777777778	0.0	32.25260078072294	21.875108365863454	0.2161755042980218	0.8333333333333333	0.0	
36.0	4.0	1.437905980694052	0.0	0.12217304763960307	35.0	28.0	2.136037681491784	0.2777777777777778	0.0	33.001733853815296	27.916738910575635	-0.04562388350112734	0.5555555555555556	0.0	
36.0	4.0	1.437905980694052	0.0	0.12217304763960307	35.0	28.0	2.136037681491784	0.2777777777777778	0.0	31.75346770763059	9.833477821151272	0.2161755042980218	1.1111111111111112	0.0	
36.0	4.0	1.437905980694052	0.0	0.12217304763960307	35.0	28.0	2.136037681491784	0.2777777777777778	0.0	31.25346770763059	21.833477821151273	-0.04562388350112734	0.2777777777777778	0.0	
4.0	29.0	-0.07044573792743103	0.0	0.10471975511965977	20.0	25.0	-0.419511588326297	0.5555555555555556	0.0	16.727606875109	28.910427500435997	-1.641242064722328	0.8333333333333333	0.0	
4.0	29.0	-0.07044573792743103	0.0	0.10471975511965977	20.0	25.0	-0.419511588326297	0.5555555555555556	0.0	8.970142500145332	31.88057000058133	-1.7285085273220444	0.8333333333333333	0.0	
4.0	29.0	-0.07044573792743103	0.0	0.10471975511965977	20.0	25.0	-0.419511588326297	0.5555555555555556	0.0	17.212678125181665	30.850712500726658	-1.9030414525214772	0.2777777777777778	0.0	
4.0	29.0	-0.07044573792743103	0.0	0.10471975511965977	20.0	25.0	-0.419511588326297	0.5555555555555556	0.0	13.212678125181666	31.850712500726658	-1.641242064722328	1.1111111111111112	0.0	
34.0	20.0	-1.5695993307430882	0.0	-0.15707963267948966	30.0	5.0	-2.1804645689411033	2.5	0.0	33.86493975840499	3.9693493977586716	2.8809902618424523	1.1111111111111112	0.0	
34.0	20.0	-1.5695993307430882	0.0	-0.15707963267948966	30.0	5.0	-2.1804645689411033	2.5	0.0	32.93246987920249	8.234674698879335	2.7064573366430196	0.2777777777777778	0.0	
34.0	20.0	-1.5695993307430882	0.0	-0.15707963267948966	30.0	5.0	-2.1804645689411033	2.5	0.0	37.83117469800623	14.961686747198339	2.9682567244421687	1.1111111111111112	0.0	
34.0	20.0	-1.5695993307430882	0.0	-0.15707963267948966	30.0	5.0	-2.1804645689411033	2.5	0.0	33.898704818803736	7.977012048319003	2.8809902618424523	0.2777777777777778	0.0	
5.0	26.0	-0.6562885176195925	0.0	-0.08726646259971647	27.0	25.0	0.39090903357700535	0.5555555555555556	0.0	27.13622298275595	27.996905620630898	-1.6162196062164735	0.5555555555555556	0.0	
5.0	26.0	-0.6562885176195925	0.0	-0.08726646259971647	27.0	25.0	0.39090903357700535	0.5555555555555556	0.0	27.13622298275595	27.996905620630898	-1.4416866810170408	0.2777777777777778	0.0	
5.0	26.0	-0.6562885176195925	0.0	-0.08726646259971647	27.0	25.0	0.39090903357700535	0.5555555555555556	0.0	21.681630643674602	29.245874160841197	-1.5289531436167572	1.1111111111111112	0.0	
5.0	26.0	-0.6562885176195925	0.0	-0.08726646259971647	27.0	25.0	0.39090903357700535	0.5555555555555556	0.0	21.681630643674602	29.245874160841197	-1.7907525314159063	0.2777777777777778	0.0	
3.0	34.0	-1.0700601858470455	0.0	0.06981317007977318	33.0	28.0	0.41346967834813464	2.7777777777777777	0.0	18.98058067569092	35.9029033784546	-1.9427248118442098	1.3888888888888888	0.0	
3.0	34.0	-1.0700601858470455	0.0	0.06981317007977318	33.0	28.0	0.41346967834813464	2.7777777777777777	0.0	33.39223227027637	29.96116135138184	-1.9427248118442098	0.5555555555555556	0.0	
3.0	34.0	-1.0700601858470455	0.0	0.06981317007977318	33.0	28.0	0.41346967834813464	2.7777777777777777	0.0	18.58834840541455	33.94174202707276	-1.768191886644777	0.5555555555555556	0.0	
3.0	34.0	-1.0700601858470455	0.0	0.06981317007977318	33.0	28.0	0.41346967834813464	2.7777777777777777	0.0	11.088348405414552	35.44174202707276	-1.9427248118442098	0.8333333333333333	0.0	
29.0	4.0	2.576351298892906	0.0	0.17453292519943295	5.0	5.0	2.838150686692055	1.9444444444444444	0.0	4.791847276439095	0.00433463453823979	1.7036866728957412	0.8333333333333333	0.0	
29.0	4.0	2.576351298892906	0.0	0.17453292519943295	5.0	5.0	2.838150686692055	1.9444444444444444	0.0	22.91673891057564	2.251733853815296	1.441887285096592	0.5555555555555556	0.0	
29.0	4.0	2.576351298892906	0.0	0.17453292519943295	5.0	5.0	2.838150686692055	1.9444444444444444	0.0	16.875108365863458	1.5026007807229442	1.5291537476963084	0.2777777777777778	0.0	
29.0	4.0	2.576351298892906	0.0	0.17453292519943295	5.0	5.0	2.838150686692055	1.9444444444444444	0.0	10.916738910575638	2.751733853815296	1.7036866728957412	0.2777777777777778	0.0	
31.0	24.0	-2.682397705940763	0.0	-0.10471975511965977	21.0	22.0	-3.1187300189393454	2.5	0.0	24.08834840541455	19.55825797292724	1.6809254240450606	0.8333333333333333	0.0	
31.0	24.0	-2.682397705940763	0.0	-0.10471975511965977	21.0	22.0	-3.1187300189393454	2.5	0.0	21.98058067569092	17.097096621545397	1.9427248118442098	1.1111111111111112	0.0	
31.0	24.0	-2.682397705940763	0.0	-0.10471975511965977	21.0	22.0	-3.1187300189393454	2.5	0.0	28.892232270276367	21.53883864861816	1.5936589614453442	0.5555555555555556	0.0	
31.0	24.0	-2.682397705940763	0.0	-0.10471975511965977	21.0	22.0	-3.1187300189393454	2.5	0.0	28.892232270276367	21.53883864861816	1.9427248118442098	0.2777777777777778	0.0	
36.0	5.0	-2.9182358558118313	0.0	-0.06981317007977318	10.0	6.0	-3.0055023184115477	1.9444444444444444	0.0	29.38470063369639	2.2522164761060575	1.4450872741739929	0.5555555555555556	0.0	
36.0	5.0	-2.9182358558118313	0.0	-0.06981317007977318	10.0	6.0	-3.0055023184115477	1.9444444444444444	0.0	29.423133755797593	3.2514776507373715	1.5323537367737092	0.2777777777777778	0.0	
36.0	5.0	-2.9182358558118313	0.0	-0.06981317007977318	10.0	6.0	-3.0055023184115477	1.9444444444444444	0.0	16.423133755797593	3.7514776507373715	1.706886661973142	0.2777777777777778	0.0	
36.0	5.0	-2.9182358558118313	0.0	-0.06981317007977318	10.0	6.0	-3.0055023184115477	1.9444444444444444	0.0	22.88470063369639	2.5022164761060575	1.706886661973142	0.8333333333333333	0.0	
34.0	26.0	2.917260016679889	0.0	-0.06981317007977318	5.0	30.0	2.4809277036813064	0.8333333333333333	0.0	26.066813014314846	22.046894353782626	1.433730152484709	0.8333333333333333	0.0	
34.0	26.0	2.917260016679889	0.0	-0.06981317007977318	5.0	30.0	2.4809277036813064	0.8333333333333333	0.0	26.34008780858891	24.028136612269577	1.3464636898849927	0.5555555555555556	0.0	
34.0	26.0	2.917260016679889	0.0	-0.06981317007977318	5.0	30.0	2.4809277036813064	0.8333333333333333	0.0	11.840087808588908	26.028136612269577	1.2591972272852763	0.5555555555555556	0.0	
34.0	26.0	2.917260016679889	0.0	-0.06981317007977318	5.0	30.0	2.4809277036813064	0.8333333333333333	0.0	4.453450411451876	26.0375154830261	1.5209966150844254	0.2777777777777778	0.0	
12.0	3.0	0.6822540377847002	0.0	-0.12217304763960307	37.0	7.0	0.24592172478611785	2.7777777777777777	0.0	17.77602849667998	6.962321895750116	-1.5866739898079274	0.8333333333333333	0.0	
12.0	3.0	0.6822540377847002	0.0	-0.12217304763960307	37.0	7.0	0.24592172478611785	2.7777777777777777	0.0	36.52602849667998	9.962321895750115	-1.3248746020087783	0.2777777777777778	0.0	
12.0	3.0	0.6822540377847002	0.0	-0.12217304763960307	37.0	7.0	0.24592172478611785	2.7777777777777777	0.0	36.210047494466636	11.937203159583525	-1.499407527208211	0.5555555555555556	0.0	
12.0	3.0	0.6822540377847002	0.0	-0.12217304763960307	37.0	7.0	0.24592172478611785	2.7777777777777777	0.0	17.77602849667998	6.962321895750116	-1.4121410646084946	0.8333333333333333	0.0	
4.0	4.0	-0.5724226481768273	0.0	0.03490658503988659	30.0	5.0	-0.7469555733762601	1.3888888888888888	0.0	16.846267511595183	8.497044698525258	-1.6196201993734247	0.2777777777777778	0.0	
4.0	4.0	-0.5724226481768273	0.0	0.03490658503988659	30.0	5.0	-0.7469555733762601	1.3888888888888888	0.0	16.807834389493976	9.496305873156572	-1.706886661973141	0.5555555555555556	0.0	
4.0	4.0	-0.5724226481768273	0.0	0.03490658503988659	30.0	5.0	-0.7469555733762601	1.3888888888888888	0.0	29.846267511595183	8.997044698525258	-1.6196201993734247	0.5555555555555556	0.0	
4.0	4.0	-0.5724226481768273	0.0	0.03490658503988659	30.0	5.0	-0.7469555733762601	1.3888888888888888	0.0	29.846267511595183	8.997044698525258	-1.3578208115742747	0.8333333333333333	0.0	
12.0	3.0	-0.10915005940388411	0.0	-0.05235987755982988	25.0	5.0	0.4144487161944146	2.7777777777777777	0.0	24.239714078730294	9.941858488253086	-1.5926799235990643	0.5555555555555556	0.0	
12.0	3.0	-0.10915005940388411	0.0	-0.05235987755982988	25.0	5.0	0.4144487161944146	2.7777777777777777	0.0	24.391771262984236	8.953486790602469	-1.2436140732001988	0.8333333333333333	0.0	
12.0	3.0	-0.10915005940388411	0.0	-0.05235987755982988	25.0	5.0	0.4144487161944146	2.7777777777777777	0.0	24.239714078730294	9.941858488253086	-1.505413460999348	1.1111111111111112	0.0	
12.0	3.0	-0.10915005940388411	0.0	-0.05235987755982988	25.0	5.0	0.4144487161944146	2.7777777777777777	0.0	24.239714078730294	9.941858488253086	-1.4181469983996315	1.3888888888888888	0.0	
4.0	23.0	-0.39924378105153746	0.0	0.10471975511965977	20.0	25.0	0.3861543823459108	0.2777777777777778	0.0	11.503861061643166	27.96911150685467	-1.5337077948478512	0.2777777777777778	0.0	
4.0	23.0	-0.39924378105153746	0.0	0.10471975511965977	20.0	25.0	0.3861543823459108	0.2777777777777778	0.0	19.751930530821582	26.984555753427337	-1.4464413322481349	0.2777777777777778	0.0	
4.0	23.0	-0.39924378105153746	0.0	0.10471975511965977	20.0	25.0	0.3861543823459108	0.2777777777777778	0.0	15.751930530821582	26.484555753427337	-1.3591748696484185	0.2777777777777778	0.0	
4.0	23.0	-0.39924378105153746	0.0	0.10471975511965977	20.0	25.0	0.3861543823459108	0.2777777777777778	0.0	15.627895796232375	27.476833630141	-1.5337077948478512	0.8333333333333333	0.0	
33.0	24.0	2.541221986721716	0.0	-0.10471975511965977	20.0	25.0	-2.520232844061839	1.6666666666666665	0.0	26.19321400446105	20.511782057993674	1.6685573607245514	1.1111111111111112	0.0	
33.0	24.0	2.541221986721716	0.0	-0.10471975511965977	20.0	25.0	-2.520232844061839	1.6666666666666665	0.0	29.44321400446105	20.261782057993674	1.6685573607245514	0.5555555555555556	0.0	
33.0	24.0	2.541221986721716	0.0	-0.10471975511965977	20.0	25.0	-2.520232844061839	1.6666666666666665	0.0	29.366517505576315	19.26472757249209	1.4940244355251187	0.2777777777777778	0.0	
33.0	24.0	2.541221986721716	0.0	-0.10471975511965977	20.0	25.0	-2.520232844061839	1.6666666666666665	0.0	22.94321400446105	20.761782057993674	1.581290898124835	0.5555555555555556	0.0	
23.0	6.0	-2.2783122753774343	0.0	-0.10471975511965977	11.0	4.0	2.783142555406121	1.9444444444444444	0.0	17.328797974610715	3.0272121523357125	1.648678541609807	0.2777777777777778	0.0	
23.0	6.0	-2.2783122753774343	0.0	-0.10471975511965977	11.0	4.0	2.783142555406121	1.9444444444444444	0.0	20.493196961916073	2.5408182285035688	1.5614120790100907	0.8333333333333333	0.0	
23.0	6.0	-2.2783122753774343	0.0	-0.10471975511965977	11.0	4.0	2.783142555406121	1.9444444444444444	0.0	17.493196961916073	2.0408182285035688	1.8232114668092398	0.5555555555555556	0.0	
23.0	6.0	-2.2783122753774343	0.0	-0.10471975511965977	11.0	4.0	2.783142555406121	1.9444444444444444	0.0	11.821994936526787	-0.9319696191607187	1.8232114668092398	1.3888888888888888	0.0	
22.0	26.0	-3.1108839329865408	0.0	-0.12217304763960307	5.0	30.0	2.386903210795598	1.1111111111111112	0.0	16.833842665097812	23.106331326665696	1.4269721221987162	0.8333333333333333	0.0	
22.0	26.0	-3.1108839329865408	0.0	-0.12217304763960307	5.0	30.0	2.386903210795598	1.1111111111111112	0.0	17.06288199882336	24.079748494999272	1.4269721221987162	0.5555555555555556	0.0	
22.0	26.0	-3.1108839329865408	0.0	-0.12217304763960307	5.0	30.0	2.386903210795598	1.1111111111111112	0.0	8.791921332548906	27.053165663332848	1.2524391969992834	0.5555555555555556	0.0	
22.0	26.0	-3.1108839329865408	0.0	-0.12217304763960307	5.0	30.0	2.386903210795598	1.1111111111111112	0.0	8.104803331372265	24.13291415833212	1.3397056595989998	0.8333333333333333	0.0	
35.0	25.0	2.443460952792061	0.0	-0.03490658503988659	5.0	25.0	-2.7052603405912112	2.7777777777777777	0.0	5.0	20.0	1.5707963267948966	0.5555555555555556	0.0	
35.0	25.0	2.443460952792061	0.0	-0.03490658503988659	5.0	25.0	-2.7052603405912112	2.7777777777777777	0.0	5.0	23.0	1.658062789394613	0.2777777777777778	0.0	
35.0	25.0	2.443460952792061	0.0	-0.03490658503988659	5.0	25.0	-2.7052603405912112	2.7777777777777777	0.0	5.0	22.0	1.7453292519943293	0.2777777777777778	0.0	
35.0	25.0	2.443460952792061	0.0	-0.03490658503988659	5.0	25.0	-2.7052603405912112	2.7777777777777777	0.0	12.5	22.0	1.3962634015954638	0.5555555555555556	0.0	
35.0	7.0	3.1208943547659	0.0	-0.17453292519943295	5.0	5.0	-3.0750244898139694	2.5	0.0	20.33259505261887	1.0110742107169557	1.4628315653712871	0.2777777777777778	0.0	
35.0	7.0	3.1208943547659	0.0	-0.17453292519943295	5.0	5.0	-3.0750244898139694	2.5	0.0	27.69955703157132	3.5066445264301733	1.6373644905707199	0.5555555555555556	0.0	
35.0	7.0	3.1208943547659	0.0	-0.17453292519943295	5.0	5.0	-3.0750244898139694	2.5	0.0	27.766076042095097	2.5088593685735643	1.7246309531704362	0.8333333333333333	0.0	
35.0	7.0	3.1208943547659	0.0	-0.17453292519943295	5.0	5.0	-3.0750244898139694	2.5	0.0	27.766076042095097	2.5088593685735643	1.6373644905707199	1.1111111111111112	0.0	
5.0	25.0	0.44965973794035863	0.0	0.017453292519943295	32.0	23.0	-0.6848042758559556	1.6666666666666665	0.0	18.721615056545936	26.991803263370127	-1.5574689018531203	0.8333333333333333	0.0	
5.0	25.0	0.44965973794035863	0.0	0.017453292519943295	32.0	23.0	-0.6848042758559556	1.6666666666666665	0.0	11.971615056545934	27.491803263370127	-1.5574689018531203	0.5555555555555556	0.0	
5.0	25.0	0.44965973794035863	0.0	0.017453292519943295	32.0	23.0	-0.6848042758559556	1.6666666666666665	0.0	12.119358427576557	29.486338772283545	-1.6447353644528366	1.1111111111111112	0.0	
5.0	25.0	0.44965973794035863	0.0	0.017453292519943295	32.0	23.0	-0.6848042758559556	1.6666666666666665	0.0	25.545486742061247	27.489071017826838	-1.6447353644528366	0.5555555555555556	0.0	
8.0	8.0	0.09776103392965485	0.0	-0.10471975511965977	21.0	7.0	-0.16403835386949428	0.5555555555555556	0.0	21.30678599553895	10.988217942006326	-1.8221011432641072	1.1111111111111112	0.0	
8.0	8.0	0.09776103392965485	0.0	-0.10471975511965977	21.0	7.0	-0.16403835386949428	0.5555555555555556	0.0	21.30678599553895	10.988217942006326	-1.6475682180646745	0.8333333333333333	0.0	
8.0	8.0	0.09776103392965485	0.0	-0.10471975511965977	21.0	7.0	-0.16403835386949428	0.5555555555555556	0.0	14.653392997769474	9.494108971003163	-1.8221011432641072	0.2777777777777778	0.0	
8.0	8.0	0.09776103392965485	0.0	-0.10471975511965977	21.0	7.0	-0.16403835386949428	0.5555555555555556	0.0	17.903392997769473	9.244108971003163	-1.8221011432641072	0.2777777777777778	0.0	
30.0	25.0	-2.2689280275926285	0.0	-0.15707963267948966	10.0	25.0	2.879793265790644	2.5	0.0	10.0	20.0	1.7453292519943293	1.1111111111111112	0.0	
30.0	25.0	-2.2689280275926285	0.0	-0.15707963267948966	10.0	25.0	2.879793265790644	2.5	0.0	20.0	21.0	1.5707963267948966	0.2777777777777778	0.0	
30.0	25.0	-2.2689280275926285	0.0	-0.15707963267948966	10.0	25.0	2.879793265790644	2.5	0.0	20.0	23.0	1.3962634015954638	0.2777777777777778	0.0	
30.0	25.0	-2.2689280275926285	0.0	-0.15707963267948966	10.0	25.0	2.879793265790644	2.5	0.0	25.0	22.0	1.4835298641951802	0.5555555555555556	0.0	
35.0	21.0	-1.780329791739593	0.0	-0.13962634015954636	25.0	5.0	-2.740260880336474	0.5555555555555556	0.0	35.043994912015265	15.41000317999046	2.4084604130467984	0.2777777777777778	0.0	
35.0	21.0	-1.780329791739593	0.0	-0.13962634015954636	25.0	5.0	-2.740260880336474	0.5555555555555556	0.0	26.695996608010176	3.9400021199936397	2.4957268756465147	0.2777777777777778	0.0	
35.0	21.0	-1.780329791739593	0.0	-0.13962634015954636	25.0	5.0	-2.740260880336474	0.5555555555555556	0.0	26.695996608010176	3.9400021199936397	2.4957268756465147	0.5555555555555556	0.0	
35.0	21.0	-1.780329791739593	0.0	-0.13962634015954636	25.0	5.0	-2.740260880336474	0.5555555555555556	0.0	28.391993216020353	2.88000423998728	2.4957268756465147	0.5555555555555556	0.0	
22.0	26.0	-2.8223690851580745	0.0	-0.17453292519943295	5.0	28.0	2.50088513342463	0.5555555555555556	0.0	4.766317504865206	26.013698791354248	1.4536875822280324	0.2777777777777778	0.0	
22.0	26.0	-2.8223690851580745	0.0	-0.17453292519943295	5.0	28.0	2.50088513342463	0.5555555555555556	0.0	8.782635009730411	23.527397582708495	1.366421119628316	0.8333333333333333	0.0	
22.0	26.0	-2.8223690851580745	0.0	-0.17453292519943295	5.0	28.0	2.50088513342463	0.5555555555555556	0.0	17.39947625729781	23.52054818703137	1.366421119628316	0.5555555555555556	0.0	
22.0	26.0	-2.8223690851580745	0.0	-0.17453292519943295	5.0	28.0	2.50088513342463	0.5555555555555556	0.0	13.14947625729781	24.02054818703137	1.5409540448277488	0.2777777777777778	0.0	
37.0	18.0	-2.816448674592122	0.0	-0.17453292519943295	14.0	27.0	-2.9037151371918384	1.9444444444444444	0.0	19.021201302838975	22.887514440588493	1.3723415301942685	0.2777777777777778	0.0	
37.0	18.0	-2.816448674592122	0.0	-0.17453292519943295	14.0	27.0	-2.9037151371918384	1.9444444444444444	0.0	17.92800325709744	20.09378610147123	1.1105421423951194	0.8333333333333333	0.0	
37.0	18.0	-2.816448674592122	0.0	-0.17453292519943295	14.0	27.0	-2.9037151371918384	1.9444444444444444	0.0	29.792402605677953	16.525028881176986	1.2850750675945521	0.5555555555555556	0.0	
37.0	18.0	-2.816448674592122	0.0	-0.17453292519943295	14.0	27.0	-2.9037151371918384	1.9444444444444444	0.0	24.406801954258466	19.706271660882738	1.2850750675945521	0.5555555555555556	0.0	
37.0	5.0	-2.2689280275926285	0.0	0.12217304763960307	10.0	5.0	2.7925268031909276	0.5555555555555556	0.0	10.0	2.0	1.3962634015954638	0.5555555555555556	0.0	
37.0	5.0	-2.2689280275926285	0.0	0.12217304763960307	10.0	5.0	2.7925268031909276	0.5555555555555556	0.0	10.0	2.0	1.658062789394613	0.8333333333333333	0.0	
37.0	5.0	-2.2689280275926285	0.0	0.12217304763960307	10.0	5.0	2.7925268031909276	0.5555555555555556	0.0	23.5	0.0	1.658062789394613	1.3888888888888888	0.0	
37.0	5.0	-2.2689280275926285	0.0	0.12217304763960307	10.0	5.0	2.7925268031909276	0.5555555555555556	0.0	30.25	1.0	1.5707963267948966	0.5555555555555556	0.0	
29.0	3.0	-2.548337891522295	0.0	0.017453292519943295	10.0	5.0	2.513116939261261	0.8333333333333333	0.0	9.685945646445871	2.016483641235782	1.2913864628652298	0.8333333333333333	0.0	
29.0	3.0	-2.548337891522295	0.0	0.017453292519943295	10.0	5.0	2.513116939261261	0.8333333333333333	0.0	9.476576077409787	0.027472735392970016	1.2913864628652298	1.1111111111111112	0.0	
29.0	3.0	-2.548337891522295	0.0	0.017453292519943295	10.0	5.0	2.513116939261261	0.8333333333333333	0.0	19.185945646445873	1.0164836412357818	1.553185850664379	0.5555555555555556	0.0	
29.0	3.0	-2.548337891522295	0.0	0.017453292519943295	10.0	5.0	2.513116939261261	0.8333333333333333	0.0	23.83126086192783	-0.4780218116856241	1.6404523132640954	0.2777777777777778	0.0	
35.0	17.0	-2.2584334562626904	0.0	-0.017453292519943295	21.0	5.0	2.977554299720298	2.7777777777777777	0.0	31.25395686727984	7.203716988173516	2.4539555241219997	0.5555555555555556	0.0	
35.0	17.0	-2.2584334562626904	0.0	-0.017453292519943295	21.0	5.0	2.977554299720298	2.7777777777777777	0.0	34.10316549382387	10.962973590538812	2.104889673723134	0.2777777777777778	0.0	
35.0	17.0	-2.2584334562626904	0.0	-0.017453292519943295	21.0	5.0	2.977554299720298	2.7777777777777777	0.0	26.452374120367907	5.72223019290411	2.104889673723134	0.2777777777777778	0.0	
35.0	17.0	-2.2584334562626904	0.0	-0.017453292519943295	21.0	5.0	2.977554299720298	2.7777777777777777	0.0	29.952374120367907	8.72223019290411	2.4539555241219997	0.8333333333333333	0.0	
34.0	21.0	-2.007128639793479	0.0	-0.12217304763960307	34.0	4.0	-1.2217304763960306	1.3888888888888888	0.0	38.0	16.75	3.0543261909900767	0.2777777777777778	0.0	
34.0	21.0	-2.007128639793479	0.0	-0.12217304763960307	34.0	4.0	-1.2217304763960306	1.3888888888888888	0.0	36.0	8.25	-3.0543261909900767	0.2777777777777778	0.0	
34.0	21.0	-2.007128639793479	0.0	-0.12217304763960307	34.0	4.0	-1.2217304763960306	1.3888888888888888	0.0	38.0	12.5	-3.141592653589793	1.1111111111111112	0.0	
34.0	21.0	-2.007128639793479	0.0	-0.12217304763960307	34.0	4.0	-1.2217304763960306	1.3888888888888888	0.0	38.0	16.75	-3.141592653589793	0.8333333333333333	0.0	
29.0	4.0	-2.834169382289515	0.0	0.15707963267948966	5.0	5.0	-2.7469029196897985	1.6666666666666665	0.0	10.833477821151275	0.753467707630592	1.6164202102960248	0.8333333333333333	0.0	
29.0	4.0	-2.834169382289515	0.0	0.15707963267948966	5.0	5.0	-2.7469029196897985	1.6666666666666665	0.0	10.833477821151275	0.753467707630592	1.441887285096592	0.8333333333333333	0.0	
29.0	4.0	-2.834169382289515	0.0	0.15707963267948966	5.0	5.0	-2.7469029196897985	1.6666666666666665	0.0	22.833477821151277	0.253467707630592	1.6164202102960248	0.8333333333333333	0.0	
29.0	4.0	-2.834169382289515	0.0	0.15707963267948966	5.0	5.0	-2.7469029196897985	1.6666666666666665	0.0	4.833477821151276	1.003467707630592	1.5291537476963084	1.1111111111111112	0.0	
33.0	25.0	2.9670597283903604	0.0	-0.03490658503988659	5.0	25.0	3.0543261909900767	0.5555555555555556	0.0	26.0	21.0	1.7453292519943293	0.2777777777777778	0.0	
33.0	25.0	2.9670597283903604	0.0	-0.03490658503988659	5.0	25.0	3.0543261909900767	0.5555555555555556	0.0	26.0	21.0	1.4835298641951802	0.5555555555555556	0.0	
33.0	25.0	2.9670597283903604	0.0	-0.03490658503988659	5.0	25.0	3.0543261909900767	0.5555555555555556	0.0	26.0	22.0	1.5707963267948966	0.2777777777777778	0.0	
33.0	25.0	2.9670597283903604	0.0	-0.03490658503988659	5.0	25.0	3.0543261909900767	0.5555555555555556	0.0	19.0	23.0	1.4835298641951802	0.2777777777777778	0.0	
35.0	25.0	-2.5307274153917776	0.0	0.08726646259971647	10.0	25.0	-2.617993877991495	1.9444444444444444	0.0	28.75	23.0	1.658062789394613	0.5555555555555556	0.0	
35.0	25.0	-2.5307274153917776	0.0	0.08726646259971647	10.0	25.0	-2.617993877991495	1.9444444444444444	0.0	22.5	21.0	1.658062789394613	0.2777777777777778	0.0	
35.0	25.0	-2.5307274153917776	0.0	0.08726646259971647	10.0	25.0	-2.617993877991495	1.9444444444444444	0.0	22.5	23.0	1.658062789394613	0.2777777777777778	0.0	
35.0	25.0	-2.5307274153917776	0.0	0.08726646259971647	10.0	25.0	-2.617993877991495	1.9444444444444444	0.0	16.25	22.0	1.4835298641951802	0.2777777777777778	0.0	
5.0	29.0	-0.8168386901109472	0.0	-0.05235987755982988	15.0	25.0	-0.03144052671349895	0.5555555555555556	0.0	16.85695338177052	29.642383454426295	-1.7767697787078287	1.1111111111111112	0.0	
5.0	29.0	-0.8168386901109472	0.0	-0.05235987755982988	15.0	25.0	-0.03144052671349895	0.5555555555555556	0.0	8.985562705416415	31.713906763541036	-1.7767697787078287	0.2777777777777778	0.0	
5.0	29.0	-0.8168386901109472	0.0	-0.05235987755982988	15.0	25.0	-0.03144052671349895	0.5555555555555556	0.0	8.614172029062312	30.785430072655778	-1.7767697787078287	0.2777777777777778	0.0	
5.0	29.0	-0.8168386901109472	0.0	-0.05235987755982988	15.0	25.0	-0.03144052671349895	0.5555555555555556	0.0	13.242781352708208	27.85695338177052	-2.038569166506978	0.2777777777777778	0.0	
28.0	26.0	-2.7359690611944636	0.0	0.17453292519943295	11.0	22.0	3.1108839329865408	0.2777777777777778	0.0	11.916157334902188	18.106331326665696	1.8018869939907933	0.5555555555555556	0.0	
28.0	26.0	-2.7359690611944636	0.0	0.17453292519943295	11.0	22.0	3.1108839329865408	0.2777777777777778	0.0	16.166157334902188	19.106331326665696	1.8018869939907933	1.1111111111111112	0.0	
28.0	26.0	-2.7359690611944636	0.0	0.17453292519943295	11.0	22.0	3.1108839329865408	0.2777777777777778	0.0	24.895196668627737	20.13291415833212	1.976419919190226	1.3888888888888888	0.0	
28.0	26.0	-2.7359690611944636	0.0	0.17453292519943295	11.0	22.0	3.1108839329865408	0.2777777777777778	0.0	20.416157334902188	20.106331326665696	1.976419919190226	0.2777777777777778	0.0	
36.0	7.0	1.9966340684635409	0.0	0.10471975511965977	8.0	31.0	2.1711669936629736	2.2222222222222223	0.0	11.746043132720157	21.203716988173518	0.9494365172669426	0.8333333333333333	0.0	
36.0	7.0	1.9966340684635409	0.0	0.10471975511965977	8.0	31.0	2.1711669936629736	2.2222222222222223	0.0	6.698417253088063	29.481486795269408	0.9494365172669426	0.5555555555555556	0.0	
36.0	7.0	1.9966340684635409	0.0	0.10471975511965977	8.0	31.0	2.1711669936629736	2.2222222222222223	0.0	11.746043132720157	21.203716988173518	0.8621700546672262	1.3888888888888888	0.0	
36.0	7.0	1.9966340684635409	0.0	0.10471975511965977	8.0	31.0	2.1711669936629736	2.2222222222222223	0.0	12.396834506176125	21.962973590538812	0.8621700546672262	0.2777777777777778	0.0	
36.0	14.0	-2.900548830461082	0.0	-0.13962634015954636	16.0	3.0	3.033570626319639	1.1111111111111112	0.0	31.96383749954431	9.497568182646706	2.073639537722757	0.5555555555555556	0.0	
36.0	14.0	-2.900548830461082	0.0	-0.13962634015954636	16.0	3.0	3.033570626319639	1.1111111111111112	0.0	32.44575624931647	8.621352273970059	2.1609060003224734	0.2777777777777778	0.0	
36.0	14.0	-2.900548830461082	0.0	-0.13962634015954636	16.0	3.0	3.033570626319639	1.1111111111111112	0.0	22.927674999088623	2.245136365293412	2.2481724629221898	0.5555555555555556	0.0	
36.0	14.0	-2.900548830461082	0.0	-0.13962634015954636	16.0	3.0	3.033570626319639	1.1111111111111112	0.0	32.92767499908862	7.745136365293412	1.8991066125233242	0.5555555555555556	0.0	
12.0	22.0	-0.2176633671246404	0.0	0.017453292519943295	30.0	26.0	0.5677347962728079	1.9444444444444444	0.0	20.132278168725374	27.904748240735813	-1.3521273809209546	0.8333333333333333	0.0	
12.0	22.0	-0.2176633671246404	0.0	0.017453292519943295	30.0	26.0	0.5677347962728079	1.9444444444444444	0.0	28.91534771090672	30.880935300919766	-1.2648609183212383	0.2777777777777778	0.0	
12.0	22.0	-0.2176633671246404	0.0	0.017453292519943295	30.0	26.0	0.5677347962728079	1.9444444444444444	0.0	15.415347710906719	27.880935300919766	-1.2648609183212383	1.1111111111111112	0.0	
12.0	22.0	-0.2176633671246404	0.0	0.017453292519943295	30.0	26.0	0.5677347962728079	1.9444444444444444	0.0	19.91534771090672	28.880935300919766	-1.2648609183212383	1.1111111111111112	0.0	
32.0	22.0	2.900491564614537	0.0	-0.05235987755982988	17.0	23.0	-2.859094966966751	1.6666666666666665	0.0	27.983923957904906	18.258859368573564	1.3296952378196405	0.2777777777777778	0.0	
32.0	22.0	2.900491564614537	0.0	-0.05235987755982988	17.0	23.0	-2.859094966966751	1.6666666666666665	0.0	16.733923957904906	19.008859368573564	1.3296952378196405	0.2777777777777778	0.0	
32.0	22.0	2.900491564614537	0.0	-0.05235987755982988	17.0	23.0	-2.859094966966751	1.6666666666666665	0.0	27.983923957904906	18.258859368573564	1.4169617004193569	0.8333333333333333	0.0	
32.0	22.0	2.900491564614537	0.0	-0.05235987755982988	17.0	23.0	-2.859094966966751	1.6666666666666665	0.0	24.366961978952453	20.504429684286784	1.5914946256187896	0.2777777777777778	0.0	
32.0	5.0	-2.7525481160676373	0.0	-0.15707963267948966	7.0	4.0	2.6579725651147843	1.3888888888888888	0.0	13.449840191744357	-0.7460047936089467	1.5235085513184696	1.1111111111111112	0.0	
32.0	5.0	-2.7525481160676373	0.0	-0.15707963267948966	7.0	4.0	2.6579725651147843	1.3888888888888888	0.0	19.699840191744357	-0.49600479360894667	1.4362420887187533	1.3888888888888888	0.0	
32.0	5.0	-2.7525481160676373	0.0	-0.15707963267948966	7.0	4.0	2.6579725651147843	1.3888888888888888	0.0	7.079936076697743	2.0015980825564212	1.610775013918186	0.2777777777777778	0.0	
32.0	5.0	-2.7525481160676373	0.0	-0.15707963267948966	7.0	4.0	2.6579725651147843	1.3888888888888888	0.0	25.82993607669774	2.7515980825564212	1.4362420887187533	0.5555555555555556	0.0	
3.0	22.0	0.34244885322053475	0.0	-0.12217304763960307	26.0	28.0	-0.09388345977804757	0.8333333333333333	0.0	13.490312411411988	28.870469089587374	-1.3156139361740777	0.8333333333333333	0.0	
3.0	22.0	0.34244885322053475	0.0	-0.12217304763960307	26.0	28.0	-0.09388345977804757	0.8333333333333333	0.0	18.987890514264983	31.338086361984217	-1.2283474735743614	0.8333333333333333	0.0	
3.0	22.0	0.34244885322053475	0.0	-0.12217304763960307	26.0	28.0	-0.09388345977804757	0.8333333333333333	0.0	13.74273430855899	27.90285181719053	-1.141081010974645	0.2777777777777778	0.0	
3.0	22.0	0.34244885322053475	0.0	-0.12217304763960307	26.0	28.0	-0.09388345977804757	0.8333333333333333	0.0	8.245156205705994	25.435234544793687	-1.4901468613735105	0.2777777777777778	0.0	
33.0	7.0	-3.0543261909900767	0.0	0.15707963267948966	17.0	7.0	-3.0543261909900767	2.5	0.0	25.0	2.0	1.7453292519943293	1.3888888888888888	0.0	
33.0	7.0	-3.0543261909900767	0.0	0.15707963267948966	17.0	7.0	-3.0543261909900767	2.5	0.0	21.0	4.0	1.7453292519943293	0.5555555555555556	0.0	
33.0	7.0	-3.0543261909900767	0.0	0.15707963267948966	17.0	7.0	-3.0543261909900767	2.5	0.0	25.0	3.0	1.4835298641951802	1.1111111111111112	0.0	
33.0	7.0	-3.0543261909900767	0.0	0.15707963267948966	17.0	7.0	-3.0543261909900767	2.5	0.0	25.0	5.0	1.7453292519943293	0.5555555555555556	0.0	
36.0	6.0	2.569170005412966	0.0	0.0	10.0	5.0	3.0055023184115477	2.2222222222222223	0.0	16.69216561050602	0.2536941268434285	1.6965053794158003	0.8333333333333333	0.0	
36.0	6.0	2.569170005412966	0.0	0.0	10.0	5.0	3.0055023184115477	2.2222222222222223	0.0	23.07686624420241	3.5014776507373715	1.4347059916166511	0.5555555555555556	0.0	
36.0	6.0	2.569170005412966	0.0	0.0	10.0	5.0	3.0055023184115477	2.2222222222222223	0.0	29.57686624420241	3.7514776507373715	1.4347059916166511	0.5555555555555556	0.0	
36.0	6.0	2.569170005412966	0.0	0.0	10.0	5.0	3.0055023184115477	2.2222222222222223	0.0	10.153732488404817	1.002955301474743	1.5219724542163675	0.5555555555555556	0.0	
5.0	25.0	0.14121192932118554	0.0	-0.03490658503988659	35.0	24.0	0.4030113171203351	2.7777777777777777	0.0	27.566629660465278	26.248889813958307	-1.7786502478725765	0.5555555555555556	0.0	
5.0	25.0	0.14121192932118554	0.0	-0.03490658503988659	35.0	24.0	0.4030113171203351	2.7777777777777777	0.0	35.16657415116319	28.99722453489577	-1.5168508600734274	0.2777777777777778	0.0	
5.0	25.0	0.14121192932118554	0.0	-0.03490658503988659	35.0	24.0	0.4030113171203351	2.7777777777777777	0.0	12.599944490697915	27.748334720937464	-1.6041173226731438	0.5555555555555556	0.0	
5.0	25.0	0.14121192932118554	0.0	-0.03490658503988659	35.0	24.0	0.4030113171203351	2.7777777777777777	0.0	35.16657415116319	28.99722453489577	-1.429584397473711	1.1111111111111112	0.0	
32.0	26.0	-1.4727148393989182	0.0	-0.06981317007977318	35.0	10.0	-1.036382526400336	1.1111111111111112	0.0	36.215744373868645	14.36857707010037	-2.868978240994382	0.5555555555555556	0.0	
32.0	26.0	-1.4727148393989182	0.0	-0.06981317007977318	35.0	10.0	-1.036382526400336	1.1111111111111112	0.0	38.93148874773729	10.737154140200742	-2.868978240994382	0.5555555555555556	0.0	
32.0	26.0	-1.4727148393989182	0.0	-0.06981317007977318	35.0	10.0	-1.036382526400336	1.1111111111111112	0.0	37.19861656080297	14.552865605150556	-2.9562447035940984	0.5555555555555556	0.0	
32.0	26.0	-1.4727148393989182	0.0	-0.06981317007977318	35.0	10.0	-1.036382526400336	1.1111111111111112	0.0	39.914360934671606	10.921442675250926	-3.130777628793531	0.8333333333333333	0.0	
4.0	3.0	-0.24811080769381144	0.0	0.13962634015954636	25.0	7.0	0.013688580105337689	2.5	0.0	24.438663676330016	9.947015699267425	-1.469841284089842	0.2777777777777778	0.0	
4.0	3.0	-0.24811080769381144	0.0	0.13962634015954636	25.0	7.0	0.013688580105337689	2.5	0.0	24.064439460550023	11.911692832112374	-1.5571077466895584	0.5555555555555556	0.0	
4.0	3.0	-0.24811080769381144	0.0	0.13962634015954636	25.0	7.0	0.013688580105337689	2.5	0.0	8.314439460550023	8.911692832112374	-1.469841284089842	0.2777777777777778	0.0	
4.0	3.0	-0.24811080769381144	0.0	0.13962634015954636	25.0	7.0	0.013688580105337689	2.5	0.0	19.188663676330016	8.947015699267425	-1.3825748214901257	0.8333333333333333	0.0	
29.0	3.0	1.0845056180743713	0.0	0.03490658503988659	30.0	23.0	2.218969631870685	0.5555555555555556	0.0	26.004990644488622	23.19975046777557	0.03730806687777388	0.5555555555555556	0.0	
29.0	3.0	1.0845056180743713	0.0	0.03490658503988659	30.0	23.0	2.218969631870685	0.5555555555555556	0.0	25.754990644488622	18.19975046777557	-0.049958395721942495	0.5555555555555556	0.0	
29.0	3.0	1.0845056180743713	0.0	0.03490658503988659	30.0	23.0	2.218969631870685	0.5555555555555556	0.0	25.006238305610776	23.24968808471946	-0.049958395721942495	0.5555555555555556	0.0	
29.0	3.0	1.0845056180743713	0.0	0.03490658503988659	30.0	23.0	2.218969631870685	0.5555555555555556	0.0	25.006238305610776	23.24968808471946	-0.22449132092137525	0.8333333333333333	0.0	
35.0	11.0	-2.90604767286893	0.0	0.05235987755982988	10.0	5.0	2.5917394709132076	2.5	0.0	10.466745904950649	3.0552253960389653	1.8063413075157602	0.5555555555555556	0.0	
35.0	11.0	-2.90604767286893	0.0	0.05235987755982988	10.0	5.0	2.5917394709132076	2.5	0.0	29.21674590495065	7.555225396038965	1.8063413075157602	0.2777777777777778	0.0	
35.0	11.0	-2.90604767286893	0.0	0.05235987755982988	10.0	5.0	2.5917394709132076	2.5	0.0	23.200118857425974	5.082838094058447	1.7190748449160438	0.5555555555555556	0.0	
35.0	11.0	-2.90604767286893	0.0	0.05235987755982988	10.0	5.0	2.5917394709132076	2.5	0.0	17.41686476237662	1.6380634900974123	1.8063413075157602	0.2777777777777778	0.0	
21.0	5.0	0.08281380124794069	0.0	0.12217304763960307	35.0	13.0	0.9554784272451053	1.1111111111111112	0.0	26.5115831849295	11.604729426373378	-1.051650212548374	0.5555555555555556	0.0	
21.0	5.0	0.08281380124794069	0.0	0.12217304763960307	35.0	13.0	0.9554784272451053	1.1111111111111112	0.0	27.00772212328633	10.736486284248919	-0.8771172873489412	0.5555555555555556	0.0	
21.0	5.0	0.08281380124794069	0.0	0.12217304763960307	35.0	13.0	0.9554784272451053	1.1111111111111112	0.0	29.515444246572667	14.472972568497838	-1.2261831377478067	1.1111111111111112	0.0	
21.0	5.0	0.08281380124794069	0.0	0.12217304763960307	35.0	13.0	0.9554784272451053	1.1111111111111112	0.0	34.007722123286335	14.736486284248919	-0.9643837499486576	0.5555555555555556	0.0	
23.0	23.0	2.3396942189863825	0.0	-0.10471975511965977	9.0	27.0	-2.809027074396889	2.5	0.0	15.450557744205243	23.076952104718355	1.2052302051900687	0.5555555555555556	0.0	
23.0	23.0	2.3396942189863825	0.0	-0.10471975511965977	9.0	27.0	-2.809027074396889	2.5	0.0	15.175836616307866	22.11542815707753	1.1179637425903524	0.8333333333333333	0.0	
23.0	23.0	2.3396942189863825	0.0	-0.10471975511965977	9.0	27.0	-2.809027074396889	2.5	0.0	7.901115488410488	23.153904209436707	1.1179637425903524	1.1111111111111112	0.0	
23.0	23.0	2.3396942189863825	0.0	-0.10471975511965977	9.0	27.0	-2.809027074396889	2.5	0.0	14.901115488410488	21.153904209436707	1.2052302051900687	0.5555555555555556	0.0	
24.0	23.0	2.6003834018609773	0.0	0.06981317007977318	5.0	25.0	-3.0719366671205943	2.5	0.0	18.726576077409785	18.52747273539297	1.553185850664379	1.3888888888888888	0.0	
24.0	23.0	2.6003834018609773	0.0	0.06981317007977318	5.0	25.0	-3.0719366671205943	2.5	0.0	19.040630430963915	21.51098909415719	1.3786529254649462	0.2777777777777778	0.0	
24.0	23.0	2.6003834018609773	0.0	0.06981317007977318	5.0	25.0	-3.0719366671205943	2.5	0.0	13.976576077409787	19.02747273539297	1.3786529254649462	1.3888888888888888	0.0	
24.0	23.0	2.6003834018609773	0.0	0.06981317007977318	5.0	25.0	-3.0719366671205943	2.5	0.0	14.185945646445871	21.01648364123578	1.3786529254649462	0.5555555555555556	0.0	
32.0	25.0	-2.818169780780863	0.0	0.05235987755982988	12.0	22.0	2.9414167508004248	2.2222222222222223	0.0	12.445021358790735	19.03319094139511	1.8942191996038265	0.5555555555555556	0.0	
32.0	25.0	-2.818169780780863	0.0	0.05235987755982988	12.0	22.0	2.9414167508004248	2.2222222222222223	0.0	12.741702264651224	17.05531823565851	1.8942191996038265	0.2777777777777778	0.0	
32.0	25.0	-2.818169780780863	0.0	0.05235987755982988	12.0	22.0	2.9414167508004248	2.2222222222222223	0.0	17.445021358790733	19.78319094139511	1.7196862744043937	0.8333333333333333	0.0	
32.0	25.0	-2.818169780780863	0.0	0.05235987755982988	12.0	22.0	2.9414167508004248	2.2222222222222223	0.0	12.593361811720978	18.04425458852681	1.8942191996038265	0.5555555555555556	0.0	
25.0	26.0	2.6303960678829394	0.0	-0.017453292519943295	15.0	25.0	-2.4310587629006157	2.5	0.0	15.199007438041997	23.00992561958002	1.4959320540866257	0.2777777777777778	0.0	
25.0	26.0	2.6303960678829394	0.0	-0.017453292519943295	15.0	25.0	-2.4310587629006157	2.5	0.0	20.298511157062997	22.514888429370032	1.4959320540866257	0.8333333333333333	0.0	
25.0	26.0	2.6303960678829394	0.0	-0.017453292519943295	15.0	25.0	-2.4310587629006157	2.5	0.0	17.898014876083995	21.269851239160044	1.4959320540866257	0.8333333333333333	0.0	
25.0	26.0	2.6303960678829394	0.0	-0.017453292519943295	15.0	25.0	-2.4310587629006157	2.5	0.0	17.699007438042	23.25992561958002	1.6704649792860584	0.5555555555555556	0.0	
37.0	11.0	3.0651412157863387	0.0	0.15707963267948966	5.0	5.0	2.5415424401880395	1.9444444444444444	0.0	29.73715414020074	5.568511252262713	1.5816113515911585	1.1111111111111112	0.0	
37.0	11.0	3.0651412157863387	0.0	0.15707963267948966	5.0	5.0	2.5415424401880395	1.9444444444444444	0.0	13.921442675250926	1.5856390653283903	1.7561442767905913	1.3888888888888888	0.0	
37.0	11.0	3.0651412157863387	0.0	0.15707963267948966	5.0	5.0	2.5415424401880395	1.9444444444444444	0.0	29.368577070100372	7.5342556261313565	1.7561442767905913	0.2777777777777778	0.0	
37.0	11.0	3.0651412157863387	0.0	0.15707963267948966	5.0	5.0	2.5415424401880395	1.9444444444444444	0.0	29.368577070100372	7.5342556261313565	1.930677201990024	0.5555555555555556	0.0	
29.0	23.0	3.0543261909900767	0.0	-0.15707963267948966	6.0	23.0	-2.356194490192345	0.5555555555555556	0.0	11.75	20.0	1.5707963267948966	0.2777777777777778	0.0	
29.0	23.0	3.0543261909900767	0.0	-0.15707963267948966	6.0	23.0	-2.356194490192345	0.5555555555555556	0.0	6.0	18.0	1.658062789394613	0.5555555555555556	0.0	
29.0	23.0	3.0543261909900767	0.0	-0.15707963267948966	6.0	23.0	-2.356194490192345	0.5555555555555556	0.0	23.25	20.0	1.658062789394613	0.8333333333333333	0.0	
29.0	23.0	3.0543261909900767	0.0	-0.15707963267948966	6.0	23.0	-2.356194490192345	0.5555555555555556	0.0	11.75	18.0	1.7453292519943293	0.5555555555555556	0.0	
35.0	26.0	-1.280940732065499	0.0	-0.06981317007977318	30.0	5.0	-2.5899376710612465	0.2777777777777778	0.0	34.1684186440561	9.55513841808188	3.082382397920324	0.2777777777777778	0.0	
35.0	26.0	-1.280940732065499	0.0	-0.06981317007977318	30.0	5.0	-2.5899376710612465	0.2777777777777778	0.0	36.6684186440561	20.05513841808188	2.7333165475214587	0.5555555555555556	0.0	
35.0	26.0	-1.280940732065499	0.0	-0.06981317007977318	30.0	5.0	-2.5899376710612465	0.2777777777777778	0.0	36.39122485874147	14.57351789077584	3.082382397920324	0.5555555555555556	0.0	
35.0	26.0	-1.280940732065499	0.0	-0.06981317007977318	30.0	5.0	-2.5899376710612465	0.2777777777777778	0.0	32.9184186440561	4.30513841808188	2.820583010121175	0.8333333333333333	0.0	
36.0	4.0	2.236681145157375	0.0	0.03490658503988659	5.0	5.0	2.4112140703568077	0.2777777777777778	0.0	20.435517411978083	2.5010397713206007	1.3640165191602094	0.5555555555555556	0.0	
36.0	4.0	2.236681145157375	0.0	0.03490658503988659	5.0	5.0	2.4112140703568077	0.2777777777777778	0.0	4.871034823956166	1.002079542641202	1.3640165191602094	0.8333333333333333	0.0	
36.0	4.0	2.236681145157375	0.0	0.03490658503988659	5.0	5.0	2.4112140703568077	0.2777777777777778	0.0	20.435517411978083	2.5010397713206007	1.5385494443596421	0.2777777777777778	0.0	
36.0	4.0	2.236681145157375	0.0	0.03490658503988659	5.0	5.0	2.4112140703568077	0.2777777777777778	0.0	20.338793529945207	-0.4974005716984973	1.5385494443596421	0.2777777777777778	0.0	
36.0	16.0	1.843805029881607	0.0	0.03490658503988659	20.0	25.0	-3.1303833383022326	2.5	0.0	30.52921628110232	15.635273388626352	0.9711404038844424	0.5555555555555556	0.0	
36.0	16.0	1.843805029881607	0.0	0.03490658503988659	20.0	25.0	-3.1303833383022326	2.5	0.0	26.52921628110232	17.885273388626352	1.1456733290838752	0.8333333333333333	0.0	
36.0	16.0	1.843805029881607	0.0	0.03490658503988659	20.0	25.0	-3.1303833383022326	2.5	0.0	30.52921628110232	15.635273388626352	1.1456733290838752	0.2777777777777778	0.0	
36.0	16.0	1.843805029881607	0.0	0.03490658503988659	20.0	25.0	-3.1303833383022326	2.5	0.0	26.038955041469762	17.013697851501803	1.0584068664841588	0.2777777777777778	0.0	
35.0	21.0	-1.4169617004193564	0.0	-0.13962634015954636	36.0	6.0	-1.5042281630190728	2.5	0.0	38.99335547356983	6.199557031571322	-2.9877580272142534	0.5555555555555556	0.0	
35.0	21.0	-1.4169617004193564	0.0	-0.13962634015954636	36.0	6.0	-1.5042281630190728	2.5	0.0	37.745570315713216	9.883038021047549	3.1208943547659	0.2777777777777778	0.0	
35.0	21.0	-1.4169617004193564	0.0	-0.13962634015954636	36.0	6.0	-1.5042281630190728	2.5	0.0	39.99114063142643	6.266076042095095	-2.9877580272142534	0.8333333333333333	0.0	
35.0	21.0	-1.4169617004193564	0.0	-0.13962634015954636	36.0	6.0	-1.5042281630190728	2.5	0.0	39.74114063142643	10.016076042095095	-2.9877580272142534	0.8333333333333333	0.0	
23.0	26.0	-2.8366628238654368	0.0	-0.10471975511965977	5.0	30.0	2.3120584695178357	2.7777777777777777	0.0	3.91534771090672	25.119064699080234	1.2648609183212383	1.1111111111111112	0.0	
23.0	26.0	-2.8366628238654368	0.0	-0.10471975511965977	5.0	30.0	2.3120584695178357	2.7777777777777777	0.0	8.632278168725376	25.095251759264187	1.5266603061203874	1.1111111111111112	0.0	
23.0	26.0	-2.8366628238654368	0.0	-0.10471975511965977	5.0	30.0	2.3120584695178357	2.7777777777777777	0.0	13.132278168725376	24.095251759264187	1.2648609183212383	0.2777777777777778	0.0	
23.0	26.0	-2.8366628238654368	0.0	-0.10471975511965977	5.0	30.0	2.3120584695178357	2.7777777777777777	0.0	13.349208626544032	25.07143881944814	1.3521273809209546	0.2777777777777778	0.0	
34.0	13.0	1.8925468811915387	0.0	-0.05235987755982988	10.0	25.0	2.5906785819892706	1.6666666666666665	0.0	14.658359213500127	19.316718427000254	1.2816816429935232	0.8333333333333333	0.0	
34.0	13.0	1.8925468811915387	0.0	-0.05235987755982988	10.0	25.0	2.5906785819892706	1.6666666666666665	0.0	20.211145618000167	15.422291236000337	0.9326157925946577	1.1111111111111112	0.0	
34.0	13.0	1.8925468811915387	0.0	-0.05235987755982988	10.0	25.0	2.5906785819892706	1.6666666666666665	0.0	14.211145618000169	18.422291236000337	1.2816816429935232	0.2777777777777778	0.0	
34.0	13.0	1.8925468811915387	0.0	-0.05235987755982988	10.0	25.0	2.5906785819892706	1.6666666666666665	0.0	14.658359213500127	19.316718427000254	1.1944151803938068	0.2777777777777778	0.0	
35.0	10.0	-2.5951312433410467	0.0	0.10471975511965977	10.0	5.0	-2.9441970937399127	2.7777777777777777	0.0	16.642232270276367	4.288838648618159	1.768191886644777	0.2777777777777778	0.0	
35.0	10.0	-2.5951312433410467	0.0	0.10471975511965977	10.0	5.0	-2.9441970937399127	2.7777777777777777	0.0	17.034464540552737	2.327677297236319	1.5936589614453442	0.8333333333333333	0.0	
35.0	10.0	-2.5951312433410467	0.0	0.10471975511965977	10.0	5.0	-2.9441970937399127	2.7777777777777777	0.0	10.784464540552735	1.077677297236319	1.768191886644777	0.8333333333333333	0.0	
35.0	10.0	-2.5951312433410467	0.0	0.10471975511965977	10.0	5.0	-2.9441970937399127	2.7777777777777777	0.0	23.08834840541455	4.558257972927239	1.5936589614453442	0.8333333333333333	0.0	
6.0	7.0	-0.10487693873023396	0.0	-0.10471975511965977	25.0	5.0	0.6805212246672143	2.7777777777777777	0.0	11.273423922590215	11.47252726460703	-1.5884068029254141	1.1111111111111112	0.0	
6.0	7.0	-0.10487693873023396	0.0	-0.10471975511965977	25.0	5.0	0.6805212246672143	2.7777777777777777	0.0	16.023423922590215	10.97252726460703	-1.8502061907245633	0.5555555555555556	0.0	
6.0	7.0	-0.10487693873023396	0.0	-0.10471975511965977	25.0	5.0	0.6805212246672143	2.7777777777777777	0.0	11.168739138072171	10.478021811685624	-1.5011403403256978	0.2777777777777778	0.0	
6.0	7.0	-0.10487693873023396	0.0	-0.10471975511965977	25.0	5.0	0.6805212246672143	2.7777777777777777	0.0	11.064054353554129	9.483516358764218	-1.6756732655251305	0.8333333333333333	0.0	
31.0	27.0	-2.9374023217116427	0.0	-0.08726646259971647	21.0	24.0	-2.9374023217116427	1.1111111111111112	0.0	29.362043656699036	23.376521144336547	1.774986658673047	0.8333333333333333	0.0	
31.0	27.0	-2.9374023217116427	0.0	-0.08726646259971647	21.0	24.0	-2.9374023217116427	1.1111111111111112	0.0	22.436739427831725	19.210868573894242	2.036786046472196	1.1111111111111112	0.0	
31.0	27.0	-2.9374023217116427	0.0	-0.08726646259971647	21.0	24.0	-2.9374023217116427	1.1111111111111112	0.0	24.936739427831725	19.960868573894242	2.036786046472196	1.1111111111111112	0.0	
31.0	27.0	-2.9374023217116427	0.0	-0.08726646259971647	21.0	24.0	-2.9374023217116427	1.1111111111111112	0.0	21.862043656699036	21.126521144336547	1.774986658673047	0.8333333333333333	0.0	
30.0	23.0	2.6067845627039326	0.0	-0.13962634015954636	5.0	30.0	2.519518100104216	0.2777777777777778	0.0	3.921480297920117	26.148143921143273	1.2105211611084696	0.5555555555555556	0.0	
30.0	23.0	2.6067845627039326	0.0	-0.13962634015954636	5.0	30.0	2.519518100104216	0.2777777777777778	0.0	10.441110223440088	25.361107940857455	1.2105211611084696	0.8333333333333333	0.0	
30.0	23.0	2.6067845627039326	0.0	-0.13962634015954636	5.0	30.0	2.519518100104216	0.2777777777777778	0.0	22.671480297920116	20.898143921143273	1.2105211611084696	0.2777777777777778	0.0	
30.0	23.0	2.6067845627039326	0.0	-0.13962634015954636	5.0	30.0	2.519518100104216	0.2777777777777778	0.0	10.441110223440088	25.361107940857455	1.3850540863079024	0.5555555555555556	0.0	
36.0	16.0	2.102481999295712	0.0	0.05235987755982988	5.0	27.0	2.800613700093444	2.2222222222222223	0.0	19.162360619316942	17.730289018075013	1.40435029849798	1.1111111111111112	0.0	
36.0	16.0	2.102481999295712	0.0	0.05235987755982988	5.0	27.0	2.800613700093444	2.2222222222222223	0.0	4.331180309658471	25.115144509037506	1.2298173732985473	0.5555555555555556	0.0	
36.0	16.0	2.102481999295712	0.0	0.05235987755982988	5.0	27.0	2.800613700093444	2.2222222222222223	0.0	11.746770464487707	21.42271676355626	1.0552844480991146	0.8333333333333333	0.0	
36.0	16.0	2.102481999295712	0.0	0.05235987755982988	5.0	27.0	2.800613700093444	2.2222222222222223	0.0	26.912360619316942	14.980289018075014	1.40435029849798	0.5555555555555556	0.0	
25.0	27.0	0.15167029054898507	0.0	-0.05235987755982988	35.0	25.0	-0.6337278728484632	1.6666666666666665	0.0	28.284464540552737	30.42232270276368	-1.8554583492444934	0.2777777777777778	0.0	
25.0	27.0	0.15167029054898507	0.0	-0.05235987755982988	35.0	25.0	-0.6337278728484632	1.6666666666666665	0.0	30.784464540552737	29.92232270276368	-1.768191886644777	0.5555555555555556	0.0	
25.0	27.0	0.15167029054898507	0.0	-0.05235987755982988	35.0	25.0	-0.6337278728484632	1.6666666666666665	0.0	30.58834840541455	28.94174202707276	-1.9427248118442098	0.5555555555555556	0.0	
25.0	27.0	0.15167029054898507	0.0	-0.05235987755982988	35.0	25.0	-0.6337278728484632	1.6666666666666665	0.0	28.08834840541455	29.44174202707276	-1.5936589614453442	0.8333333333333333	0.0	
36.0	25.0	-2.617993877991495	0.0	-0.08726646259971647	10.0	25.0	3.0543261909900767	1.9444444444444444	0.0	23.0	22.0	1.3962634015954638	0.8333333333333333	0.0	
36.0	25.0	-2.617993877991495	0.0	-0.08726646259971647	10.0	25.0	3.0543261909900767	1.9444444444444444	0.0	23.0	20.0	1.4835298641951802	0.5555555555555556	0.0	
36.0	25.0	-2.617993877991495	0.0	-0.08726646259971647	10.0	25.0	3.0543261909900767	1.9444444444444444	0.0	23.0	22.0	1.7453292519943293	0.8333333333333333	0.0	
36.0	25.0	-2.617993877991495	0.0	-0.08726646259971647	10.0	25.0	3.0543261909900767	1.9444444444444444	0.0	10.0	22.0	1.658062789394613	0.8333333333333333	0.0	
37.0	25.0	-2.7925268031909276	0.0	0.0	3.0	25.0	2.7925268031909276	0.8333333333333333	0.0	3.0	23.0	1.3962634015954638	0.2777777777777778	0.0	
37.0	25.0	-2.7925268031909276	0.0	0.0	3.0	25.0	2.7925268031909276	0.8333333333333333	0.0	20.0	23.0	1.7453292519943293	0.5555555555555556	0.0	
37.0	25.0	-2.7925268031909276	0.0	0.0	3.0	25.0	2.7925268031909276	0.8333333333333333	0.0	3.0	23.0	1.4835298641951802	0.2777777777777778	0.0	
37.0	25.0	-2.7925268031909276	0.0	0.0	3.0	25.0	2.7925268031909276	0.8333333333333333	0.0	11.5	20.0	1.3962634015954638	0.5555555555555556	0.0	
32.0	4.0	2.821037443074921	0.0	0.03490658503988659	15.0	5.0	3.0828368308740703	0.0	0.0	27.57383393414559	1.2551768804750125	1.5120405040791738	0.8333333333333333	0.0	
32.0	4.0	2.821037443074921	0.0	0.03490658503988659	15.0	5.0	3.0828368308740703	0.0	0.0	18.956389890242647	-0.24137186587497972	1.6865734292786065	0.2777777777777778	0.0	
32.0	4.0	2.821037443074921	0.0	0.03490658503988659	15.0	5.0	3.0828368308740703	0.0	0.0	23.32383393414559	1.5051768804750125	1.4247740414794574	0.5555555555555556	0.0	
32.0	4.0	2.821037443074921	0.0	0.03490658503988659	15.0	5.0	3.0828368308740703	0.0	0.0	27.57383393414559	1.2551768804750125	1.6865734292786065	0.2777777777777778	0.0	
35.0	20.0	-3.0270108949878534	0.0	-0.08726646259971647	5.0	30.0	2.7325756365934346	2.7777777777777777	0.0	26.235088935932648	18.705266807797944	1.161779309798538	0.5555555555555556	0.0	
35.0	20.0	-3.0270108949878534	0.0	-0.08726646259971647	5.0	30.0	2.7325756365934346	2.7777777777777777	0.0	11.867544467966324	25.602633403898974	1.2490457723982544	0.5555555555555556	0.0	
35.0	20.0	-3.0270108949878534	0.0	-0.08726646259971647	5.0	30.0	2.7325756365934346	2.7777777777777777	0.0	19.051316701949485	22.15395010584846	1.0745128471988217	0.2777777777777778	0.0	
35.0	20.0	-3.0270108949878534	0.0	-0.08726646259971647	5.0	30.0	2.7325756365934346	2.7777777777777777	0.0	25.91886116991581	17.75658350974743	1.161779309798538	1.3888888888888888	0.0	
37.0	5.0	-2.617993877991495	0.0	-0.13962634015954636	25.0	5.0	2.443460952792061	2.5	0.0	34.0	1.0	1.4835298641951802	1.1111111111111112	0.0	
37.0	5.0	-2.617993877991495	0.0	-0.13962634015954636	25.0	5.0	2.443460952792061	2.5	0.0	28.0	2.0	1.7453292519943293	0.5555555555555556	0.0	
37.0	5.0	-2.617993877991495	0.0	-0.13962634015954636	25.0	5.0	2.443460952792061	2.5	0.0	34.0	3.0	1.658062789394613	0.2777777777777778	0.0	
37.0	5.0	-2.617993877991495	0.0	-0.13962634015954636	25.0	5.0	2.443460952792061	2.5	0.0	31.0	0.0	1.5707963267948966	0.2777777777777778	0.0	
