400
13.0	5.0	0.8640867339341138	0.0	-0.10471975511965977	29.0	16.0	-0.09584435466276764	0.5555555555555556	0.0	15.300413531338803	10.222125772598101	-1.0557754432596482	0.2777777777777778	0.0	
13.0	5.0	0.8640867339341138	0.0	-0.10471975511965977	29.0	16.0	-0.09584435466276764	0.5555555555555556	0.0	22.733884708451736	16.54616769679747	-1.0557754432596482	1.1111111111111112	0.0	
13.0	5.0	0.8640867339341138	0.0	-0.10471975511965977	29.0	16.0	-0.09584435466276764	0.5555555555555556	0.0	26.733884708451736	19.29616769679747	-0.9685089806599319	0.5555555555555556	0.0	
13.0	5.0	0.8640867339341138	0.0	-0.10471975511965977	29.0	16.0	-0.09584435466276764	0.5555555555555556	0.0	18.733884708451736	13.796167696797468	-1.0557754432596482	0.8333333333333333	0.0	
7.0	11.0	1.1332670177445063	0.0	-0.12217304763960307	3.0	26.0	2.180464568941103	2.2222222222222223	0.0	0.10129518119626102	25.227012048319004	0.2606023917473408	0.2777777777777778	0.0	
7.0	11.0	1.1332670177445063	0.0	-0.12217304763960307	3.0	26.0	2.180464568941103	2.2222222222222223	0.0	1.0675301207975074	25.484674698879335	0.2606023917473408	0.2777777777777778	0.0	
7.0	11.0	1.1332670177445063	0.0	-0.12217304763960307	3.0	26.0	2.180464568941103	2.2222222222222223	0.0	3.101295181196261	13.977012048319004	0.43513531694677354	0.5555555555555556	0.0	
7.0	11.0	1.1332670177445063	0.0	-0.12217304763960307	3.0	26.0	2.180464568941103	2.2222222222222223	0.0	0.13506024159501484	21.21934939775867	0.34786885434705717	0.5555555555555556	0.0	
20.0	12.0	-2.682397705940763	0.0	0.17453292519943295	10.0	10.0	-2.682397705940763	1.6666666666666665	0.0	10.98058067569092	5.097096621545399	1.5936589614453442	0.5555555555555556	0.0	
20.0	12.0	-2.682397705940763	0.0	0.17453292519943295	10.0	10.0	-2.682397705940763	1.6666666666666665	0.0	12.892232270276368	8.53883864861816	1.9427248118442098	0.5555555555555556	0.0	
20.0	12.0	-2.682397705940763	0.0	0.17453292519943295	10.0	10.0	-2.682397705940763	1.6666666666666665	0.0	13.48058067569092	5.597096621545399	1.8554583492444934	1.3888888888888888	0.0	
20.0	12.0	-2.682397705940763	0.0	0.17453292519943295	10.0	10.0	-2.682397705940763	1.6666666666666665	0.0	13.088348405414552	7.558257972927239	1.6809254240450606	0.8333333333333333	0.0	
5.0	9.0	-0.14487551852071512	0.0	0.017453292519943295	25.0	15.0	0.7277891074764495	1.6666666666666665	0.0	23.563260572168275	19.789131426105758	-1.2793395323170298	0.5555555555555556	0.0	
5.0	9.0	-0.14487551852071512	0.0	0.017453292519943295	25.0	15.0	0.7277891074764495	1.6666666666666665	0.0	9.42530422886731	12.415652570442303	-1.4538724575164625	0.5555555555555556	0.0	
5.0	9.0	-0.14487551852071512	0.0	0.017453292519943295	25.0	15.0	0.7277891074764495	1.6666666666666665	0.0	13.85060845773462	15.831305140884606	-1.1920730697173134	0.8333333333333333	0.0	
5.0	9.0	-0.14487551852071512	0.0	0.017453292519943295	25.0	15.0	0.7277891074764495	1.6666666666666665	0.0	24.42530422886731	16.915652570442305	-1.3666059949167462	0.5555555555555556	0.0	
3.0	27.0	-1.3416328095910164	0.0	-0.05235987755982988	6.0	6.0	-1.865231585189315	1.9444444444444444	0.0	6.719848480983499	22.174264068711928	-3.0869620615853455	0.8333333333333333	0.0	
3.0	27.0	-1.3416328095910164	0.0	-0.05235987755982988	6.0	6.0	-1.865231585189315	1.9444444444444444	0.0	7.709797974644665	22.315685424949237	-2.9124291363859127	0.5555555555555556	0.0	
3.0	27.0	-1.3416328095910164	0.0	-0.05235987755982988	6.0	6.0	-1.865231585189315	1.9444444444444444	0.0	9.449747468305834	17.207106781186546	3.1089567829945244	1.1111111111111112	0.0	
3.0	27.0	-1.3416328095910164	0.0	-0.05235987755982988	6.0	6.0	-1.865231585189315	1.9444444444444444	0.0	7.229898987322333	11.532842712474618	-2.9124291363859127	0.2777777777777778	0.0	
35.0	16.0	-2.413803546113344	0.0	0.0	15.0	10.0	-2.413803546113344	0.8333333333333333	0.0	30.862043656699036	11.626521144336547	1.8622531212727633	0.8333333333333333	0.0	
35.0	16.0	-2.413803546113344	0.0	0.0	15.0	10.0	-2.413803546113344	0.8333333333333333	0.0	30.862043656699036	11.626521144336547	1.6877201960733306	0.2777777777777778	0.0	
35.0	16.0	-2.413803546113344	0.0	0.0	15.0	10.0	-2.413803546113344	0.8333333333333333	0.0	21.436739427831725	6.710868573894243	1.6877201960733306	1.1111111111111112	0.0	
35.0	16.0	-2.413803546113344	0.0	0.0	15.0	10.0	-2.413803546113344	0.8333333333333333	0.0	26.436739427831725	8.210868573894242	2.036786046472196	1.1111111111111112	0.0	
4.0	18.0	0.40872217018139967	0.0	0.17453292519943295	30.0	15.0	0.23418924498196692	1.1111111111111112	0.0	30.229248215970262	16.98681787174226	-1.8602058574112288	0.2777777777777778	0.0	
4.0	18.0	0.40872217018139967	0.0	0.17453292519943295	30.0	15.0	0.23418924498196692	1.1111111111111112	0.0	30.34387232395539	17.98022680761339	-1.5111400070123633	0.2777777777777778	0.0	
4.0	18.0	0.40872217018139967	0.0	0.17453292519943295	30.0	15.0	0.23418924498196692	1.1111111111111112	0.0	10.843872323955393	20.23022680761339	-1.8602058574112288	0.5555555555555556	0.0	
4.0	18.0	0.40872217018139967	0.0	0.17453292519943295	30.0	15.0	0.23418924498196692	1.1111111111111112	0.0	10.729248215970262	19.23681787174226	-1.8602058574112288	0.5555555555555556	0.0	
18.0	15.0	2.7760265319849653	0.0	-0.15707963267948966	4.0	19.0	3.1250923823838317	0.8333333333333333	0.0	6.6758366163078655	15.115428157077531	1.2924966677897851	0.2777777777777778	0.0	
18.0	15.0	2.7760265319849653	0.0	-0.15707963267948966	4.0	19.0	3.1250923823838317	0.8333333333333333	0.0	9.62639436051311	12.192380261795885	1.2052302051900687	0.5555555555555556	0.0	
18.0	15.0	2.7760265319849653	0.0	-0.15707963267948966	4.0	19.0	3.1250923823838317	0.8333333333333333	0.0	13.12639436051311	11.192380261795885	1.1179637425903524	1.1111111111111112	0.0	
18.0	15.0	2.7760265319849653	0.0	-0.15707963267948966	4.0	19.0	3.1250923823838317	0.8333333333333333	0.0	10.175836616307866	14.115428157077531	1.2052302051900687	0.8333333333333333	0.0	
3.0	7.0	0.5498548348497754	0.0	-0.017453292519943295	30.0	15.0	0.11352252185119305	2.7777777777777777	0.0	29.147735010925878	17.876394338125163	-1.4572738049437035	0.8333333333333333	0.0	
3.0	7.0	0.5498548348497754	0.0	-0.017453292519943295	30.0	15.0	0.11352252185119305	2.7777777777777777	0.0	15.363646681234504	14.83519245083355	-1.4572738049437035	1.1111111111111112	0.0	
3.0	7.0	0.5498548348497754	0.0	-0.017453292519943295	30.0	15.0	0.11352252185119305	2.7777777777777777	0.0	8.897735010925878	11.876394338125161	-1.4572738049437035	0.8333333333333333	0.0	
3.0	7.0	0.5498548348497754	0.0	-0.017453292519943295	30.0	15.0	0.11352252185119305	2.7777777777777777	0.0	15.079558351543131	15.793990563541936	-1.108207954544838	1.3888888888888888	0.0	
7.0	37.0	-0.627365509403977	0.0	0.06981317007977318	21.0	33.0	0.07076619139375451	1.9444444444444444	0.0	15.373605639486891	39.80761973820412	-1.6745630606005752	1.3888888888888888	0.0	
7.0	37.0	-0.627365509403977	0.0	0.06981317007977318	21.0	33.0	0.07076619139375451	1.9444444444444444	0.0	11.049442255794757	37.92304789528165	-2.0236289109994408	0.5555555555555556	0.0	
7.0	37.0	-0.627365509403977	0.0	0.06981317007977318	21.0	33.0	0.07076619139375451	1.9444444444444444	0.0	22.098884511589514	36.84609579056329	-1.9363624483997244	0.2777777777777778	0.0	
7.0	37.0	-0.627365509403977	0.0	0.06981317007977318	21.0	33.0	0.07076619139375451	1.9444444444444444	0.0	18.87360563948689	38.80761973820412	-1.849095985800008	1.3888888888888888	0.0	
3.0	22.0	-1.4790541913671194	0.0	0.10471975511965977	10.0	10.0	-0.34459017757080534	2.5	0.0	9.091336702695301	17.511613076572257	-2.613518205163434	0.8333333333333333	0.0	
3.0	22.0	-1.4790541913671194	0.0	0.10471975511965977	10.0	10.0	-0.34459017757080534	2.5	0.0	14.318894504492167	12.519355127620429	-2.7880511303628666	1.1111111111111112	0.0	
3.0	22.0	-1.4790541913671194	0.0	0.10471975511965977	10.0	10.0	-0.34459017757080534	2.5	0.0	9.091336702695301	17.511613076572257	-2.438985279964001	0.5555555555555556	0.0	
3.0	22.0	-1.4790541913671194	0.0	0.10471975511965977	10.0	10.0	-0.34459017757080534	2.5	0.0	9.091336702695301	17.511613076572257	-2.7880511303628666	0.8333333333333333	0.0	
36.0	34.0	-2.5453472174329916	0.0	0.17453292519943295	5.0	29.0	-2.632613680032708	0.8333333333333333	0.0	5.318464877649241	27.025517758574704	1.817975912552832	0.5555555555555556	0.0	
36.0	34.0	-2.5453472174329916	0.0	0.17453292519943295	5.0	29.0	-2.632613680032708	0.8333333333333333	0.0	28.56846487764924	30.775517758574704	1.9052423751525485	0.5555555555555556	0.0	
36.0	34.0	-2.5453472174329916	0.0	0.17453292519943295	5.0	29.0	-2.632613680032708	0.8333333333333333	0.0	28.886929755298482	28.801035517149412	1.9052423751525485	0.2777777777777778	0.0	
36.0	34.0	-2.5453472174329916	0.0	0.17453292519943295	5.0	29.0	-2.632613680032708	0.8333333333333333	0.0	28.56846487764924	30.775517758574704	1.7307094499531157	0.2777777777777778	0.0	
7.0	29.0	-2.1711669936629736	0.0	-0.15707963267948966	5.0	3.0	-1.909367605863824	0.5555555555555556	0.0	8.988217942006326	2.693214004461052	2.8902878371205825	0.5555555555555556	0.0	
7.0	29.0	-2.1711669936629736	0.0	-0.15707963267948966	5.0	3.0	-1.909367605863824	0.5555555555555556	0.0	10.488217942006326	22.19321400446105	2.8902878371205825	0.2777777777777778	0.0	
7.0	29.0	-2.1711669936629736	0.0	-0.15707963267948966	5.0	3.0	-1.909367605863824	0.5555555555555556	0.0	8.991163456504745	15.76991050334579	2.977554299720299	0.5555555555555556	0.0	
7.0	29.0	-2.1711669936629736	0.0	-0.15707963267948966	5.0	3.0	-1.909367605863824	0.5555555555555556	0.0	9.491163456504745	22.269910503345788	2.8902878371205825	0.5555555555555556	0.0	
11.0	10.0	-0.2662750606272102	0.0	0.17453292519943295	30.0	15.0	0.5191231027702381	1.3888888888888888	0.0	24.23202680288143	17.618298149050588	-1.3134726118238085	0.2777777777777778	0.0	
11.0	10.0	-0.2662750606272102	0.0	0.17453292519943295	30.0	15.0	0.5191231027702381	1.3888888888888888	0.0	28.98202680288143	18.868298149050588	-1.1389396866243757	0.8333333333333333	0.0	
11.0	10.0	-0.2662750606272102	0.0	0.17453292519943295	30.0	15.0	0.5191231027702381	1.3888888888888888	0.0	19.73652010216107	15.40122361178794	-1.226206149224092	0.8333333333333333	0.0	
11.0	10.0	-0.2662750606272102	0.0	0.17453292519943295	30.0	15.0	0.5191231027702381	1.3888888888888888	0.0	29.23652010216107	17.90122361178794	-1.3134726118238085	0.5555555555555556	0.0	
4.0	8.0	0.32175055439664213	0.0	0.08726646259971647	25.0	15.0	0.059951166597493	2.5	0.0	18.16886116991581	17.99341649025257	-1.3363122349979708	0.5555555555555556	0.0	
4.0	8.0	0.32175055439664213	0.0	0.08726646259971647	25.0	15.0	0.059951166597493	2.5	0.0	23.735088935932648	18.794733192202056	-1.2490457723982544	1.1111111111111112	0.0	
4.0	8.0	0.32175055439664213	0.0	0.08726646259971647	25.0	15.0	0.059951166597493	2.5	0.0	13.551316701949487	14.346049894151541	-1.2490457723982544	0.2777777777777778	0.0	
4.0	8.0	0.32175055439664213	0.0	0.08726646259971647	25.0	15.0	0.059951166597493	2.5	0.0	23.735088935932648	18.794733192202056	-1.2490457723982544	0.5555555555555556	0.0	
3.0	20.0	0.37302931074056467	0.0	-0.05235987755982988	36.0	12.0	-0.5869017778563164	0.8333333333333333	0.0	12.428000128107522	22.859250528443525	-1.9831651794517802	1.1111111111111112	0.0	
3.0	20.0	0.37302931074056467	0.0	-0.05235987755982988	36.0	12.0	-0.5869017778563164	0.8333333333333333	0.0	28.92800012810752	18.859250528443525	-1.8086322542523474	0.8333333333333333	0.0	
3.0	20.0	0.37302931074056467	0.0	-0.05235987755982988	36.0	12.0	-0.5869017778563164	0.8333333333333333	0.0	28.92800012810752	18.859250528443525	-1.8086322542523474	0.8333333333333333	0.0	
3.0	20.0	0.37302931074056467	0.0	-0.05235987755982988	36.0	12.0	-0.5869017778563164	0.8333333333333333	0.0	19.97120005124301	17.943700211377408	-1.721365791652631	0.2777777777777778	0.0	
5.0	6.0	1.5707963267948966	0.0	0.017453292519943295	5.0	25.0	1.3962634015954638	2.2222222222222223	0.0	1.0	10.75	0.0	0.5555555555555556	0.0	
5.0	6.0	1.5707963267948966	0.0	0.017453292519943295	5.0	25.0	1.3962634015954638	2.2222222222222223	0.0	1.0	10.75	0.08726646259971638	0.5555555555555556	0.0	
5.0	6.0	1.5707963267948966	0.0	0.017453292519943295	5.0	25.0	1.3962634015954638	2.2222222222222223	0.0	1.0	25.0	0.0	1.1111111111111112	0.0	
5.0	6.0	1.5707963267948966	0.0	0.017453292519943295	5.0	25.0	1.3962634015954638	2.2222222222222223	0.0	1.0	15.5	-0.17453292519943275	1.1111111111111112	0.0	
7.0	35.0	-1.8853930761942546	0.0	-0.15707963267948966	8.0	6.0	-0.8381955249976567	1.3888888888888888	0.0	9.998811998707176	6.068924551679558	-3.019857089990569	0.2777777777777778	0.0	
7.0	35.0	-1.8853930761942546	0.0	-0.15707963267948966	8.0	6.0	-0.8381955249976567	1.3888888888888888	0.0	9.748811998707176	13.318924551679558	-2.9325906273908524	0.5555555555555556	0.0	
7.0	35.0	-1.8853930761942546	0.0	-0.15707963267948966	8.0	6.0	-0.8381955249976567	1.3888888888888888	0.0	12.247029996767939	27.922311379198895	3.0015288293898683	1.3888888888888888	0.0	
7.0	35.0	-1.8853930761942546	0.0	-0.15707963267948966	8.0	6.0	-0.8381955249976567	1.3888888888888888	0.0	10.748217998060763	13.353386827519337	-3.019857089990569	0.8333333333333333	0.0	
19.0	13.0	2.520232844061839	0.0	-0.08726646259971647	5.0	25.0	1.560301755464959	0.5555555555555556	0.0	1.7460431327201569	21.203716988173518	0.9494365172669426	1.1111111111111112	0.0	
19.0	13.0	2.520232844061839	0.0	-0.08726646259971647	5.0	25.0	1.560301755464959	0.5555555555555556	0.0	13.547625879632093	13.72223019290411	1.036702979866659	0.5555555555555556	0.0	
19.0	13.0	2.520232844061839	0.0	-0.08726646259971647	5.0	25.0	1.560301755464959	0.5555555555555556	0.0	9.396834506176125	15.962973590538814	0.8621700546672262	0.2777777777777778	0.0	
19.0	13.0	2.520232844061839	0.0	-0.08726646259971647	5.0	25.0	1.560301755464959	0.5555555555555556	0.0	7.198417253088063	20.481486795269408	0.8621700546672262	0.5555555555555556	0.0	
12.0	3.0	0.15167029054898507	0.0	-0.05235987755982988	30.0	15.0	-0.11012909725016407	0.8333333333333333	0.0	27.781199215099086	18.328201177351374	-1.1573266484467624	0.5555555555555556	0.0	
12.0	3.0	0.15167029054898507	0.0	-0.05235987755982988	30.0	15.0	-0.11012909725016407	0.8333333333333333	0.0	28.335899411324313	17.49615088301353	-1.070060185847046	0.5555555555555556	0.0	
12.0	3.0	0.15167029054898507	0.0	-0.05235987755982988	30.0	15.0	-0.11012909725016407	0.8333333333333333	0.0	18.781199215099086	12.328201177351376	-0.9827937232473296	0.5555555555555556	0.0	
12.0	3.0	0.15167029054898507	0.0	-0.05235987755982988	30.0	15.0	-0.11012909725016407	0.8333333333333333	0.0	13.726499018873858	10.16025147168922	-1.1573266484467624	0.2777777777777778	0.0	
29.0	18.0	-2.9071085617928674	0.0	0.15707963267948966	8.0	11.0	-2.7325756365934346	0.2777777777777778	0.0	8.632455532033676	9.102633403898972	1.8052804185918223	0.5555555555555556	0.0	
29.0	18.0	-2.9071085617928674	0.0	0.15707963267948966	8.0	11.0	-2.7325756365934346	0.2777777777777778	0.0	13.882455532033676	10.852633403898972	1.718013955992106	0.2777777777777778	0.0	
29.0	18.0	-2.9071085617928674	0.0	0.15707963267948966	8.0	11.0	-2.7325756365934346	0.2777777777777778	0.0	25.33113883008419	11.506583509747431	1.8052804185918223	0.5555555555555556	0.0	
29.0	18.0	-2.9071085617928674	0.0	0.15707963267948966	8.0	11.0	-2.7325756365934346	0.2777777777777778	0.0	9.581138830084189	6.256583509747431	1.8925468811915387	1.3888888888888888	0.0	
3.0	5.0	2.256525837701183	0.0	-0.08726646259971647	5.0	25.0	1.1220618239048683	2.5	0.0	-1.475185951049946	10.497518595104994	-0.012402189891446369	0.8333333333333333	0.0	
3.0	5.0	2.256525837701183	0.0	-0.08726646259971647	5.0	25.0	1.1220618239048683	2.5	0.0	1.0198512391600434	25.398014876083995	-0.09966865249116097	0.2777777777777778	0.0	
3.0	5.0	2.256525837701183	0.0	-0.08726646259971647	5.0	25.0	1.1220618239048683	2.5	0.0	2.509925619580022	20.199007438042	-0.18693511509087912	0.2777777777777778	0.0	
3.0	5.0	2.256525837701183	0.0	-0.08726646259971647	5.0	25.0	1.1220618239048683	2.5	0.0	2.509925619580022	20.199007438042	-0.012402189891446369	0.5555555555555556	0.0	
4.0	7.0	0.9690785511361524	0.0	0.13962634015954636	22.0	12.0	-0.3399183878595946	0.5555555555555556	0.0	16.161780681069526	15.567589548149703	-1.2125830138567597	1.1111111111111112	0.0	
4.0	7.0	0.9690785511361524	0.0	0.13962634015954636	22.0	12.0	-0.3399183878595946	0.5555555555555556	0.0	7.9647122724278105	10.177035819259881	-1.299849476456476	0.5555555555555556	0.0	
4.0	7.0	0.9690785511361524	0.0	0.13962634015954636	22.0	12.0	-0.3399183878595946	0.5555555555555556	0.0	7.161780681069527	13.067589548149703	-1.4743824016559088	0.2777777777777778	0.0	
4.0	7.0	0.9690785511361524	0.0	0.13962634015954636	22.0	12.0	-0.3399183878595946	0.5555555555555556	0.0	7.429424544855622	12.104071638519763	-1.1253165512570433	0.2777777777777778	0.0	
25.0	15.0	-3.1247719289175073	0.0	0.06981317007977318	5.0	20.0	2.3730152148646297	2.7777777777777777	0.0	14.272393124891002	14.589572499564005	1.1512847384685996	0.5555555555555556	0.0	
25.0	15.0	-3.1247719289175073	0.0	0.06981317007977318	5.0	20.0	2.3730152148646297	2.7777777777777777	0.0	3.787321874818335	15.14928749927334	1.238551201068316	1.3888888888888888	0.0	
25.0	15.0	-3.1247719289175073	0.0	0.06981317007977318	5.0	20.0	2.3730152148646297	2.7777777777777777	0.0	19.029857499854668	12.369429999418672	1.500350588867465	0.8333333333333333	0.0	
25.0	15.0	-3.1247719289175073	0.0	0.06981317007977318	5.0	20.0	2.3730152148646297	2.7777777777777777	0.0	4.272393124891001	17.089572499564003	1.500350588867465	0.5555555555555556	0.0	
35.0	13.0	2.7999632800784067	0.0	0.15707963267948966	10.0	15.0	-2.610557401104015	0.2777777777777778	0.0	22.34050955543422	12.00636944292775	1.4909663410826592	0.5555555555555556	0.0	
35.0	13.0	2.7999632800784067	0.0	0.15707963267948966	10.0	15.0	-2.610557401104015	0.2777777777777778	0.0	15.93101911086844	10.5127388858555	1.4909663410826592	1.1111111111111112	0.0	
35.0	13.0	2.7999632800784067	0.0	0.15707963267948966	10.0	15.0	-2.610557401104015	0.2777777777777778	0.0	15.93101911086844	10.5127388858555	1.4909663410826592	1.1111111111111112	0.0	
35.0	13.0	2.7999632800784067	0.0	0.15707963267948966	10.0	15.0	-2.610557401104015	0.2777777777777778	0.0	22.26076433315133	11.009554164391625	1.665499266282092	0.2777777777777778	0.0	
11.0	8.0	1.9310714924813235	0.0	0.017453292519943295	4.0	33.0	0.9711404038844424	0.8333333333333333	0.0	1.8981439211432733	25.671480297920116	0.4475416282861433	0.5555555555555556	0.0	
11.0	8.0	1.9310714924813235	0.0	0.017453292519943295	4.0	33.0	0.9711404038844424	0.8333333333333333	0.0	4.611107940857455	19.691110223440088	0.0984757778872778	0.2777777777777778	0.0	
11.0	8.0	1.9310714924813235	0.0	0.017453292519943295	4.0	33.0	0.9711404038844424	0.8333333333333333	0.0	1.8981439211432733	25.671480297920116	0.4475416282861433	0.5555555555555556	0.0	
11.0	8.0	1.9310714924813235	0.0	0.017453292519943295	4.0	33.0	0.9711404038844424	0.8333333333333333	0.0	2.861107940857455	25.941110223440088	0.3602751656864269	0.2777777777777778	0.0	
4.0	35.0	-1.185170068372717	0.0	-0.12217304763960307	7.0	21.0	-1.6215023813712994	2.7777777777777777	0.0	8.205604828154819	24.919058177461746	-2.755966395167614	0.2777777777777778	0.0	
4.0	35.0	-1.185170068372717	0.0	-0.12217304763960307	7.0	21.0	-1.6215023813712994	2.7777777777777777	0.0	8.205604828154819	24.919058177461746	-3.0177657829667632	0.5555555555555556	0.0	
4.0	35.0	-1.185170068372717	0.0	-0.12217304763960307	7.0	21.0	-1.6215023813712994	2.7777777777777777	0.0	10.911209656309637	21.838116354923493	-2.755966395167614	0.2777777777777778	0.0	
4.0	35.0	-1.185170068372717	0.0	-0.12217304763960307	7.0	21.0	-1.6215023813712994	2.7777777777777777	0.0	8.205604828154819	24.919058177461746	-2.755966395167614	0.5555555555555556	0.0	
25.0	18.0	-3.011890116433881	0.0	0.03490658503988659	15.0	5.0	-1.7901596400378503	0.2777777777777778	0.0	24.8778719673138	12.920867717450923	2.311364102148824	0.5555555555555556	0.0	
25.0	18.0	-3.011890116433881	0.0	0.03490658503988659	15.0	5.0	-1.7901596400378503	0.2777777777777778	0.0	22.3778719673138	9.670867717450923	2.311364102148824	0.2777777777777778	0.0	
25.0	18.0	-3.011890116433881	0.0	0.03490658503988659	15.0	5.0	-1.7901596400378503	0.2777777777777778	0.0	18.963119945523	1.9514461957515383	2.311364102148824	0.5555555555555556	0.0	
25.0	18.0	-3.011890116433881	0.0	0.03490658503988659	15.0	5.0	-1.7901596400378503	0.2777777777777778	0.0	18.1704959564184	2.5611569566012307	2.39863056474854	0.2777777777777778	0.0	
6.0	16.0	1.221730476396031	0.0	0.15707963267948966	6.0	28.0	1.7453292519943293	1.3888888888888888	0.0	1.0	25.0	0.08726646259971638	1.3888888888888888	0.0	
6.0	16.0	1.221730476396031	0.0	0.15707963267948966	6.0	28.0	1.7453292519943293	1.3888888888888888	0.0	4.0	28.0	0.17453292519943275	0.2777777777777778	0.0	
6.0	16.0	1.221730476396031	0.0	0.15707963267948966	6.0	28.0	1.7453292519943293	1.3888888888888888	0.0	3.0	19.0	0.0	0.2777777777777778	0.0	
6.0	16.0	1.221730476396031	0.0	0.15707963267948966	6.0	28.0	1.7453292519943293	1.3888888888888888	0.0	3.0	19.0	0.08726646259971638	0.8333333333333333	0.0	
12.0	3.0	2.6884396159189254	0.0	-0.06981317007977318	4.0	35.0	2.077574377720911	1.6666666666666665	0.0	2.1194299994186725	26.029857499854668	0.15771220052714785	0.8333333333333333	0.0	
12.0	3.0	2.6884396159189254	0.0	-0.06981317007977318	4.0	35.0	2.077574377720911	1.6666666666666665	0.0	3.0895724995640044	26.272393124891	0.24497866312686423	0.5555555555555556	0.0	
12.0	3.0	2.6884396159189254	0.0	-0.06981317007977318	4.0	35.0	2.077574377720911	1.6666666666666665	0.0	1.0895724995640044	34.272393124891	0.419511588326297	0.5555555555555556	0.0	
12.0	3.0	2.6884396159189254	0.0	-0.06981317007977318	4.0	35.0	2.077574377720911	1.6666666666666665	0.0	4.059714999709336	26.514928749927332	0.419511588326297	0.2777777777777778	0.0	
3.0	8.0	-0.1329917319006122	0.0	0.08726646259971647	20.0	15.0	1.0887387444954184	1.9444444444444444	0.0	14.607750584237117	16.024034295424148	-1.0929228204974937	0.2777777777777778	0.0	
3.0	8.0	-0.1329917319006122	0.0	0.08726646259971647	20.0	15.0	1.0887387444954184	1.9444444444444444	0.0	18.857750584237117	17.774034295424148	-1.0929228204974937	0.2777777777777778	0.0	
3.0	8.0	-0.1329917319006122	0.0	0.08726646259971647	20.0	15.0	1.0887387444954184	1.9444444444444444	0.0	5.727000778982822	13.448712393898864	-1.0056563578977773	1.1111111111111112	0.0	
3.0	8.0	-0.1329917319006122	0.0	0.08726646259971647	20.0	15.0	1.0887387444954184	1.9444444444444444	0.0	6.488500389491411	11.599356196949433	-1.2674557456969264	0.5555555555555556	0.0	
10.0	14.0	-1.467029592989218	0.0	0.17453292519943295	5.0	5.0	-2.688760069385249	0.5555555555555556	0.0	10.122471828364613	8.043071206464104	2.54722768659774	0.8333333333333333	0.0	
10.0	14.0	-1.467029592989218	0.0	0.17453292519943295	5.0	5.0	-2.688760069385249	0.5555555555555556	0.0	8.496629104486152	3.057428275285472	2.6344941491974563	1.1111111111111112	0.0	
10.0	14.0	-1.467029592989218	0.0	0.17453292519943295	5.0	5.0	-2.688760069385249	0.5555555555555556	0.0	10.122471828364613	8.043071206464104	2.7217606117971727	0.2777777777777778	0.0	
10.0	14.0	-1.467029592989218	0.0	0.17453292519943295	5.0	5.0	-2.688760069385249	0.5555555555555556	0.0	10.62078638060769	4.82178534410684	2.4599612239980235	0.5555555555555556	0.0	
32.0	17.0	-2.456571406473585	0.0	-0.05235987755982988	7.0	3.0	-1.8457061682755693	1.6666666666666665	0.0	9.443016844659216	-1.3625300797486002	1.9067517235122393	1.1111111111111112	0.0	
32.0	17.0	-2.456571406473585	0.0	-0.05235987755982988	7.0	3.0	-1.8457061682755693	1.6666666666666665	0.0	15.693016844659216	2.1374699202514	2.255817573911105	1.3888888888888888	0.0	
32.0	17.0	-2.456571406473585	0.0	-0.05235987755982988	7.0	3.0	-1.8457061682755693	1.6666666666666665	0.0	26.727206737863686	11.75498796810056	1.9067517235122393	0.5555555555555556	0.0	
32.0	17.0	-2.456571406473585	0.0	-0.05235987755982988	7.0	3.0	-1.8457061682755693	1.6666666666666665	0.0	21.943016844659216	5.6374699202514	2.081284648711672	0.2777777777777778	0.0	
5.0	21.0	-0.48391541627556567	0.0	0.06981317007977318	15.0	10.0	-1.2693135796730142	2.2222222222222223	0.0	11.479880146791887	16.845345587992625	-2.4037775934693286	0.5555555555555556	0.0	
5.0	21.0	-0.48391541627556567	0.0	0.06981317007977318	15.0	10.0	-1.2693135796730142	2.2222222222222223	0.0	9.719820220187831	20.268018381988938	-2.5783105186687614	0.2777777777777778	0.0	
5.0	21.0	-0.48391541627556567	0.0	0.06981317007977318	15.0	10.0	-1.2693135796730142	2.2222222222222223	0.0	15.459760293583775	15.44069117598525	-2.491044056069045	0.5555555555555556	0.0	
5.0	21.0	-0.48391541627556567	0.0	0.06981317007977318	15.0	10.0	-1.2693135796730142	2.2222222222222223	0.0	18.69970036697972	13.363363969981563	-2.3165111308696122	1.1111111111111112	0.0	
28.0	16.0	-2.775706078518642	0.0	-0.017453292519943295	13.0	7.0	-1.9030414525214772	2.5	0.0	26.307983021710108	10.320028297149824	2.1112158270654806	0.5555555555555556	0.0	
28.0	16.0	-2.775706078518642	0.0	-0.017453292519943295	13.0	7.0	-1.9030414525214772	2.5	0.0	22.04348726628258	8.927521222862367	2.198482289665197	0.8333333333333333	0.0	
28.0	16.0	-2.775706078518642	0.0	-0.017453292519943295	13.0	7.0	-1.9030414525214772	2.5	0.0	26.822478777137633	9.46253537143728	2.198482289665197	0.2777777777777778	0.0	
28.0	16.0	-2.775706078518642	0.0	-0.017453292519943295	13.0	7.0	-1.9030414525214772	2.5	0.0	22.04348726628258	8.927521222862367	2.198482289665197	0.5555555555555556	0.0	
18.0	3.0	1.5063924988456279	0.0	-0.17453292519943295	15.0	18.0	1.8554583492444934	2.5	0.0	12.80825797292724	13.661651594585448	0.11012909725016407	0.8333333333333333	0.0	
18.0	3.0	1.5063924988456279	0.0	-0.17453292519943295	15.0	18.0	1.8554583492444934	2.5	0.0	11.827677297236319	13.465535459447265	0.2846620224495968	0.5555555555555556	0.0	
18.0	3.0	1.5063924988456279	0.0	-0.17453292519943295	15.0	18.0	1.8554583492444934	2.5	0.0	11.077677297236319	17.215535459447263	0.02286263465044769	0.8333333333333333	0.0	
18.0	3.0	1.5063924988456279	0.0	-0.17453292519943295	15.0	18.0	1.8554583492444934	2.5	0.0	12.80825797292724	13.661651594585448	0.3719284850493132	0.5555555555555556	0.0	
3.0	26.0	-1.6853780853968368	0.0	-0.017453292519943295	8.0	11.0	-0.8127134593996721	1.6666666666666665	0.0	6.147366596101028	22.882455532033674	-2.7325756365934346	0.5555555555555556	0.0	
3.0	26.0	-1.6853780853968368	0.0	-0.017453292519943295	8.0	11.0	-0.8127134593996721	1.6666666666666665	0.0	8.346049894151541	19.448683298050515	-2.9943750243925837	0.8333333333333333	0.0	
3.0	26.0	-1.6853780853968368	0.0	-0.017453292519943295	8.0	11.0	-0.8127134593996721	1.6666666666666665	0.0	9.897366596101028	11.632455532033676	-2.6453091739937182	0.5555555555555556	0.0	
3.0	26.0	-1.6853780853968368	0.0	-0.017453292519943295	8.0	11.0	-0.8127134593996721	1.6666666666666665	0.0	8.044733192202056	23.514911064067352	-2.9943750243925837	0.2777777777777778	0.0	
3.0	8.0	0.22078631842405994	0.0	-0.15707963267948966	25.0	15.0	-0.47734538237367197	1.1111111111111112	0.0	18.287185370892214	17.061703120053046	-1.3500100083708375	0.8333333333333333	0.0	
3.0	8.0	0.22078631842405994	0.0	-0.15707963267948966	25.0	15.0	-0.47734538237367197	1.1111111111111112	0.0	17.983981713615265	18.01462890006631	-1.1754770831714048	1.1111111111111112	0.0	
3.0	8.0	0.22078631842405994	0.0	-0.15707963267948966	25.0	15.0	-0.47734538237367197	1.1111111111111112	0.0	18.59038902816916	16.108777340039786	-1.3500100083708375	0.5555555555555556	0.0	
3.0	8.0	0.22078631842405994	0.0	-0.15707963267948966	25.0	15.0	-0.47734538237367197	1.1111111111111112	0.0	13.393592685446107	13.405851560026523	-1.3500100083708375	0.2777777777777778	0.0	
13.0	6.0	0.8361042179738511	0.0	0.0	30.0	17.0	0.6615712927744184	1.9444444444444444	0.0	14.533743609213627	12.947850785760757	-0.9964914966201945	0.5555555555555556	0.0	
13.0	6.0	0.8361042179738511	0.0	0.0	30.0	17.0	0.6615712927744184	1.9444444444444444	0.0	19.3269948873709	14.858280628608604	-0.9964914966201945	0.8333333333333333	0.0	
13.0	6.0	0.8361042179738511	0.0	0.0	30.0	17.0	0.6615712927744184	1.9444444444444444	0.0	15.620246165528176	11.268710471456453	-1.1710244218196273	0.5555555555555556	0.0	
13.0	6.0	0.8361042179738511	0.0	0.0	30.0	17.0	0.6615712927744184	1.9444444444444444	0.0	23.5769948873709	17.608280628608604	-1.1710244218196273	0.8333333333333333	0.0	
28.0	14.0	3.0111392119960634	0.0	0.05235987755982988	3.0	27.0	1.7894087356000323	0.2777777777777778	0.0	6.943236316790053	19.313915993827024	0.9167441096028677	0.8333333333333333	0.0	
28.0	14.0	3.0111392119960634	0.0	0.05235987755982988	3.0	27.0	1.7894087356000323	0.2777777777777778	0.0	19.90458905343204	13.70113279506162	1.2658099600017332	0.5555555555555556	0.0	
28.0	14.0	3.0111392119960634	0.0	0.05235987755982988	3.0	27.0	1.7894087356000323	0.2777777777777778	0.0	8.32729452671602	21.97556639753081	1.004010572202584	0.5555555555555556	0.0	
28.0	14.0	3.0111392119960634	0.0	0.05235987755982988	3.0	27.0	1.7894087356000323	0.2777777777777778	0.0	20.82729452671602	15.475566397530809	1.2658099600017332	0.2777777777777778	0.0	
36.0	33.0	2.576351298892906	0.0	-0.05235987755982988	12.0	34.0	-2.659636457090082	2.2222222222222223	0.0	11.916738910575638	32.001733853815296	1.441887285096592	0.2777777777777778	0.0	
36.0	33.0	2.576351298892906	0.0	-0.05235987755982988	12.0	34.0	-2.659636457090082	2.2222222222222223	0.0	11.791847276439094	29.00433463453824	1.6164202102960248	1.1111111111111112	0.0	
36.0	33.0	2.576351298892906	0.0	-0.05235987755982988	12.0	34.0	-2.659636457090082	2.2222222222222223	0.0	29.833477821151277	29.25346770763059	1.5291537476963084	0.2777777777777778	0.0	
36.0	33.0	2.576351298892906	0.0	-0.05235987755982988	12.0	34.0	-2.659636457090082	2.2222222222222223	0.0	17.91673891057564	31.751733853815296	1.5291537476963084	0.5555555555555556	0.0	
4.0	14.0	-0.42393012310713685	0.0	-0.08726646259971647	15.0	5.0	-0.8602624361057192	2.2222222222222223	0.0	17.53295116102905	8.095829196813284	-2.256525837701183	0.8333333333333333	0.0	
4.0	14.0	-0.42393012310713685	0.0	-0.08726646259971647	15.0	5.0	-0.8602624361057192	2.2222222222222223	0.0	12.666188951286314	13.369786496016605	-2.1692593751014666	1.3888888888888888	0.0	
4.0	14.0	-0.42393012310713685	0.0	-0.08726646259971647	15.0	5.0	-0.8602624361057192	2.2222222222222223	0.0	8.649713370771789	14.071871897609963	-2.1692593751014666	0.2777777777777778	0.0	
4.0	14.0	-0.42393012310713685	0.0	-0.08726646259971647	15.0	5.0	-0.8602624361057192	2.2222222222222223	0.0	8.016475580514525	13.297914598406642	-2.1692593751014666	0.5555555555555556	0.0	
15.0	11.0	1.046000555144789	0.0	0.0	30.0	15.0	-0.0011969960518083411	0.0	0.0	29.484674698879335	16.932469879202493	-1.3101939350475558	0.5555555555555556	0.0	
15.0	11.0	1.046000555144789	0.0	0.0	30.0	15.0	-0.0011969960518083411	0.0	0.0	17.977012048319004	14.89870481880374	-1.3974603976472721	0.5555555555555556	0.0	
15.0	11.0	1.046000555144789	0.0	0.0	30.0	15.0	-0.0011969960518083411	0.0	0.0	18.234674698879335	13.932469879202493	-1.4847268602469885	0.5555555555555556	0.0	
15.0	11.0	1.046000555144789	0.0	0.0	30.0	15.0	-0.0011969960518083411	0.0	0.0	17.46168674719834	16.831174698006233	-1.135661009848123	1.1111111111111112	0.0	
9.0	37.0	-1.5542960555889347	0.0	-0.03490658503988659	17.0	9.0	-0.68163142959177	1.6666666666666665	0.0	13.884571842922469	30.824163383692134	-2.688760069385249	0.2777777777777778	0.0	
9.0	37.0	-1.5542960555889347	0.0	-0.03490658503988659	17.0	9.0	-0.68163142959177	1.6666666666666665	0.0	17.807619738204117	24.37360563948689	-2.688760069385249	0.2777777777777778	0.0	
9.0	37.0	-1.5542960555889347	0.0	-0.03490658503988659	17.0	9.0	-0.68163142959177	1.6666666666666665	0.0	14.846095790563293	31.098884511589514	-2.950559457184398	1.1111111111111112	0.0	
9.0	37.0	-1.5542960555889347	0.0	-0.03490658503988659	17.0	9.0	-0.68163142959177	1.6666666666666665	0.0	12.923047895281647	30.549442255794755	-2.8632929945846817	0.2777777777777778	0.0	
13.0	4.0	-0.12382687062302988	0.0	0.12217304763960307	30.0	15.0	-0.2983597958224631	0.5555555555555556	0.0	23.5769948873709	15.608280628608604	-0.8219585714207618	1.1111111111111112	0.0	
13.0	4.0	-0.12382687062302988	0.0	0.12217304763960307	30.0	15.0	-0.2983597958224631	0.5555555555555556	0.0	19.3269948873709	12.858280628608604	-1.1710244218196273	0.2777777777777778	0.0	
13.0	4.0	-0.12382687062302988	0.0	0.12217304763960307	30.0	15.0	-0.2983597958224631	0.5555555555555556	0.0	28.91349744368545	16.679140314304302	-1.083757959219911	0.2777777777777778	0.0	
13.0	4.0	-0.12382687062302988	0.0	0.12217304763960307	30.0	15.0	-0.2983597958224631	0.5555555555555556	0.0	15.620246165528176	9.268710471456453	-0.9092250340204782	0.5555555555555556	0.0	
36.0	15.0	2.7319947834088207	0.0	-0.15707963267948966	3.0	17.0	-2.8530588229730345	0.2777777777777778	0.0	19.19752469799055	11.009157516844045	1.4229978444130733	0.2777777777777778	0.0	
36.0	15.0	2.7319947834088207	0.0	-0.15707963267948966	3.0	17.0	-2.8530588229730345	0.2777777777777778	0.0	2.81851481879433	14.005494510106427	1.5102643070127897	0.2777777777777778	0.0	
36.0	15.0	2.7319947834088207	0.0	-0.15707963267948966	3.0	17.0	-2.8530588229730345	0.2777777777777778	0.0	11.12900987919622	14.503663006737618	1.335731381813357	0.2777777777777778	0.0	
36.0	15.0	2.7319947834088207	0.0	-0.15707963267948966	3.0	17.0	-2.8530588229730345	0.2777777777777778	0.0	19.25801975839244	12.007326013475236	1.6847972322122224	0.8333333333333333	0.0	
20.0	14.0	-2.0945343762020023	0.0	0.17453292519943295	10.0	7.0	-2.967199002199167	0.8333333333333333	0.0	17.293849377453313	7.2230723179238385	2.094255828584389	0.2777777777777778	0.0	
20.0	14.0	-2.0945343762020023	0.0	0.17453292519943295	10.0	7.0	-2.967199002199167	0.8333333333333333	0.0	11.720387033089985	4.5423042384428785	2.1815222911841055	0.8333333333333333	0.0	
20.0	14.0	-2.0945343762020023	0.0	0.17453292519943295	10.0	7.0	-2.967199002199167	0.8333333333333333	0.0	16.720387033089985	8.042304238442878	2.0069893659846727	0.8333333333333333	0.0	
20.0	14.0	-2.0945343762020023	0.0	0.17453292519943295	10.0	7.0	-2.967199002199167	0.8333333333333333	0.0	12.293849377453313	3.723072317923838	2.268788753783822	0.8333333333333333	0.0	
9.0	9.0	1.6906986599898826	0.0	-0.05235987755982988	13.0	37.0	0.8180340339927175	2.7777777777777777	0.0	8.020101012677667	16.28284271247462	-0.054630592004446754	0.2777777777777778	0.0	
9.0	9.0	1.6906986599898826	0.0	-0.05235987755982988	13.0	37.0	0.8180340339927175	2.7777777777777777	0.0	9.020101012677667	23.28284271247462	-0.1418970546041649	0.5555555555555556	0.0	
9.0	9.0	1.6906986599898826	0.0	-0.05235987755982988	13.0	37.0	0.8180340339927175	2.7777777777777777	0.0	9.040202025355335	37.56568542494924	-0.2291635172038795	0.2777777777777778	0.0	
9.0	9.0	1.6906986599898826	0.0	-0.05235987755982988	13.0	37.0	0.8180340339927175	2.7777777777777777	0.0	8.040202025355335	30.56568542494924	0.032635870595267846	0.8333333333333333	0.0	
4.0	31.0	-1.8814195871725745	0.0	0.17453292519943295	5.0	5.0	-2.2304854375714402	1.9444444444444444	0.0	7.2477835238939425	24.615299366303613	3.0055023184115486	0.5555555555555556	0.0	
4.0	31.0	-1.8814195871725745	0.0	0.17453292519943295	5.0	5.0	-2.2304854375714402	1.9444444444444444	0.0	7.9977835238939425	5.1152993663036135	3.0055023184115486	0.2777777777777778	0.0	
4.0	31.0	-1.8814195871725745	0.0	0.17453292519943295	5.0	5.0	-2.2304854375714402	1.9444444444444444	0.0	7.9977835238939425	5.1152993663036135	3.092768781011265	0.5555555555555556	0.0	
4.0	31.0	-1.8814195871725745	0.0	0.17453292519943295	5.0	5.0	-2.2304854375714402	1.9444444444444444	0.0	9.746305873156572	11.692165610506024	-3.0158836009688885	1.3888888888888888	0.0	
6.0	20.0	-1.7789707013389	0.0	-0.017453292519943295	14.0	5.0	-0.38270729974343665	1.6666666666666665	0.0	13.529411764705882	14.382352941176471	-2.477102402136632	1.1111111111111112	0.0	
6.0	20.0	-1.7789707013389	0.0	-0.017453292519943295	14.0	5.0	-0.38270729974343665	1.6666666666666665	0.0	12.411764705882353	18.602941176470587	-2.8261682525354974	0.2777777777777778	0.0	
6.0	20.0	-1.7789707013389	0.0	-0.017453292519943295	14.0	5.0	-0.38270729974343665	1.6666666666666665	0.0	11.764705882352942	13.441176470588236	-2.477102402136632	0.5555555555555556	0.0	
6.0	20.0	-1.7789707013389	0.0	-0.017453292519943295	14.0	5.0	-0.38270729974343665	1.6666666666666665	0.0	11.529411764705882	18.13235294117647	-2.477102402136632	0.8333333333333333	0.0	
4.0	25.0	-1.41222239940989	0.0	0.15707963267948966	19.0	12.0	-0.1904919230138593	1.6666666666666665	0.0	21.61972215367137	15.02275633115927	-2.372153488006771	0.2777777777777778	0.0	
4.0	25.0	-1.41222239940989	0.0	0.15707963267948966	19.0	12.0	-0.1904919230138593	1.6666666666666665	0.0	21.61972215367137	15.02275633115927	-2.4594199506064873	0.2777777777777778	0.0	
4.0	25.0	-1.41222239940989	0.0	0.15707963267948966	19.0	12.0	-0.1904919230138593	1.6666666666666665	0.0	18.52465269208921	19.028445413949086	-2.4594199506064873	1.3888888888888888	0.0	
4.0	25.0	-1.41222239940989	0.0	0.15707963267948966	19.0	12.0	-0.1904919230138593	1.6666666666666665	0.0	12.809861076835684	20.011378165579636	-2.372153488006771	0.5555555555555556	0.0	
28.0	16.0	-2.346421254247524	0.0	0.17453292519943295	5.0	5.0	-2.6954871046463897	1.1111111111111112	0.0	7.157277486520023	0.4893288918217671	1.929635413138584	0.8333333333333333	0.0	
28.0	16.0	-2.346421254247524	0.0	0.17453292519943295	5.0	5.0	-2.6954871046463897	1.1111111111111112	0.0	23.97582198921602	9.641463113457414	2.1041683383380168	0.2777777777777778	0.0	
28.0	16.0	-2.346421254247524	0.0	0.17453292519943295	5.0	5.0	-2.6954871046463897	1.1111111111111112	0.0	17.794366491912015	7.79359733509306	1.8423689505388676	0.5555555555555556	0.0	
28.0	16.0	-2.346421254247524	0.0	0.17453292519943295	5.0	5.0	-2.6954871046463897	1.1111111111111112	0.0	17.794366491912015	7.79359733509306	2.0169018757383004	0.2777777777777778	0.0	
7.0	33.0	-1.9198621771937625	0.0	-0.10471975511965977	7.0	20.0	-0.959931088596881	1.1111111111111112	0.0	9.0	29.75	3.0543261909900767	0.5555555555555556	0.0	
7.0	33.0	-1.9198621771937625	0.0	-0.10471975511965977	7.0	20.0	-0.959931088596881	1.1111111111111112	0.0	12.0	26.5	3.0543261909900767	1.1111111111111112	0.0	
7.0	33.0	-1.9198621771937625	0.0	-0.10471975511965977	7.0	20.0	-0.959931088596881	1.1111111111111112	0.0	11.0	23.25	3.0543261909900767	0.2777777777777778	0.0	
7.0	33.0	-1.9198621771937625	0.0	-0.10471975511965977	7.0	20.0	-0.959931088596881	1.1111111111111112	0.0	9.0	23.25	3.0543261909900767	0.2777777777777778	0.0	
22.0	16.0	-2.6686999325678973	0.0	0.15707963267948966	8.0	13.0	2.9163536738139566	2.7777777777777777	0.0	8.62858726619262	10.066592757767772	1.60735673481821	0.2777777777777778	0.0	
22.0	16.0	-2.6686999325678973	0.0	0.15707963267948966	8.0	13.0	2.9163536738139566	2.7777777777777777	0.0	19.547645443654368	10.360987929612953	1.6946231974179264	0.2777777777777778	0.0	
22.0	16.0	-2.6686999325678973	0.0	0.15707963267948966	8.0	13.0	2.9163536738139566	2.7777777777777777	0.0	15.838116354923493	10.588790343690363	1.7818896600176428	0.2777777777777778	0.0	
22.0	16.0	-2.6686999325678973	0.0	0.15707963267948966	8.0	13.0	2.9163536738139566	2.7777777777777777	0.0	12.12858726619262	10.816592757767772	1.6946231974179264	0.2777777777777778	0.0	
5.0	29.0	-1.8017332506037116	0.0	-0.15707963267948966	10.0	5.0	-1.1036015498059797	0.5555555555555556	0.0	11.686941259212816	11.611862762336003	-3.110730189599458	0.8333333333333333	0.0	
5.0	29.0	-1.8017332506037116	0.0	-0.15707963267948966	10.0	5.0	-1.1036015498059797	0.5555555555555556	0.0	10.436941259212816	17.611862762336003	-3.0234637269997418	0.8333333333333333	0.0	
5.0	29.0	-1.8017332506037116	0.0	-0.15707963267948966	10.0	5.0	-1.1036015498059797	0.5555555555555556	0.0	11.144902098688025	24.019771270560003	-3.110730189599458	0.2777777777777778	0.0	
5.0	29.0	-1.8017332506037116	0.0	-0.15707963267948966	10.0	5.0	-1.1036015498059797	0.5555555555555556	0.0	9.45796083947521	17.407908508224	-3.0234637269997418	0.5555555555555556	0.0	
23.0	36.0	-2.942109101538131	0.0	-0.03490658503988659	5.0	25.0	-1.8076450877418169	2.2222222222222223	0.0	15.564350028361925	27.940154499044123	2.2066121918451405	0.5555555555555556	0.0	
23.0	36.0	-2.942109101538131	0.0	-0.03490658503988659	5.0	25.0	-1.8076450877418169	2.2222222222222223	0.0	11.5858000378159	24.336872665392164	2.293878654444857	1.1111111111111112	0.0	
23.0	36.0	-2.942109101538131	0.0	-0.03490658503988659	5.0	25.0	-1.8076450877418169	2.2222222222222223	0.0	20.5858000378159	29.836872665392164	1.9448128040459913	1.1111111111111112	0.0	
23.0	36.0	-2.942109101538131	0.0	-0.03490658503988659	5.0	25.0	-1.8076450877418169	2.2222222222222223	0.0	20.064350028361925	30.690154499044123	2.119345729245424	0.8333333333333333	0.0	
13.0	12.0	0.17467219900823983	0.0	0.03490658503988659	30.0	15.0	-0.4361930391897757	2.5	0.0	21.152429332181907	15.469567117635874	-1.2215912025872235	0.5555555555555556	0.0	
13.0	12.0	0.17467219900823983	0.0	0.03490658503988659	30.0	15.0	-0.4361930391897757	2.5	0.0	20.978643998272858	16.45435067645381	-1.57065705298609	0.2777777777777778	0.0	
13.0	12.0	0.17467219900823983	0.0	0.03490658503988659	30.0	15.0	-0.4361930391897757	2.5	0.0	20.978643998272858	16.45435067645381	-1.2215912025872235	0.2777777777777778	0.0	
13.0	12.0	0.17467219900823983	0.0	0.03490658503988659	30.0	15.0	-0.4361930391897757	2.5	0.0	16.902429332181907	14.719567117635874	-1.2215912025872235	0.2777777777777778	0.0	
30.0	14.0	2.9535813415247185	0.0	0.10471975511965977	10.0	5.0	-2.195139951858554	1.3888888888888888	0.0	15.820729354657596	5.426156989649787	2.1681831781272702	0.5555555555555556	0.0	
30.0	14.0	2.9535813415247185	0.0	0.10471975511965977	10.0	5.0	-2.195139951858554	1.3888888888888888	0.0	15.820729354657596	5.426156989649787	2.080916715527554	0.5555555555555556	0.0	
30.0	14.0	2.9535813415247185	0.0	0.10471975511965977	10.0	5.0	-2.195139951858554	1.3888888888888888	0.0	10.820729354657596	3.1761569896497868	2.080916715527554	0.5555555555555556	0.0	
30.0	14.0	2.9535813415247185	0.0	0.10471975511965977	10.0	5.0	-2.195139951858554	1.3888888888888888	0.0	12.051823386643989	0.4403924741244678	1.9936502529278375	1.1111111111111112	0.0	
6.0	32.0	-1.6078164426688266	0.0	-0.13962634015954636	5.0	5.0	-1.4332835174693936	0.8333333333333333	0.0	10.496574168833835	18.3149416974506	3.104572537715863	0.8333333333333333	0.0	
6.0	32.0	-1.6078164426688266	0.0	-0.13962634015954636	5.0	5.0	-1.4332835174693936	0.8333333333333333	0.0	8.747944501300301	25.13896501847036	-3.091346306864007	0.2777777777777778	0.0	
6.0	32.0	-1.6078164426688266	0.0	-0.13962634015954636	5.0	5.0	-1.4332835174693936	0.8333333333333333	0.0	7.997944501300301	4.888965018470359	2.9300396125164303	0.8333333333333333	0.0	
6.0	32.0	-1.6078164426688266	0.0	-0.13962634015954636	5.0	5.0	-1.4332835174693936	0.8333333333333333	0.0	9.747259335067069	25.10195335796048	-3.091346306864007	0.5555555555555556	0.0	
19.0	33.0	2.714965160462917	0.0	-0.06981317007977318	3.0	27.0	-2.259223207720922	0.5555555555555556	0.0	15.702246883176784	29.62734164486191	2.016833459665185	0.2777777777777778	0.0	
19.0	33.0	2.714965160462917	0.0	-0.06981317007977318	3.0	27.0	-2.259223207720922	0.5555555555555556	0.0	3.7022468831767834	25.12734164486191	1.8423005344657524	0.2777777777777778	0.0	
19.0	33.0	2.714965160462917	0.0	-0.06981317007977318	3.0	27.0	-2.259223207720922	0.5555555555555556	0.0	7.702246883176784	26.62734164486191	2.016833459665185	0.2777777777777778	0.0	
19.0	33.0	2.714965160462917	0.0	-0.06981317007977318	3.0	27.0	-2.259223207720922	0.5555555555555556	0.0	12.053370324765176	27.191012467292865	1.9295669970654687	0.5555555555555556	0.0	
6.0	19.0	-0.03708853194704487	0.0	0.08726646259971647	30.0	16.0	0.05017793065267151	1.9444444444444444	0.0	18.248069469178418	19.484555753427337	-1.5206183961422255	0.5555555555555556	0.0	
6.0	19.0	-0.03708853194704487	0.0	0.08726646259971647	30.0	16.0	0.05017793065267151	1.9444444444444444	0.0	30.496138938356836	19.96911150685467	-1.7824177839413746	0.2777777777777778	0.0	
6.0	19.0	-0.03708853194704487	0.0	0.08726646259971647	30.0	16.0	0.05017793065267151	1.9444444444444444	0.0	24.620173672946045	21.71138938356834	-1.869684246541091	1.3888888888888888	0.0	
6.0	19.0	-0.03708853194704487	0.0	0.08726646259971647	30.0	16.0	0.05017793065267151	1.9444444444444444	0.0	30.496138938356836	19.96911150685467	-1.7824177839413746	1.1111111111111112	0.0	
18.0	13.0	-0.28664704040290845	0.0	0.017453292519943295	34.0	14.0	0.49875112299453983	2.7777777777777777	0.0	29.75048685537928	17.742210313931555	-1.6829104419983718	1.1111111111111112	0.0	
18.0	13.0	-0.28664704040290845	0.0	0.017453292519943295	34.0	14.0	0.49875112299453983	2.7777777777777777	0.0	25.87524342768964	15.496105156965777	-1.4211110541992227	0.2777777777777778	0.0	
18.0	13.0	-0.28664704040290845	0.0	0.017453292519943295	34.0	14.0	0.49875112299453983	2.7777777777777777	0.0	25.81286514153446	16.494157735448667	-1.3338445915995063	0.8333333333333333	0.0	
18.0	13.0	-0.28664704040290845	0.0	0.017453292519943295	34.0	14.0	0.49875112299453983	2.7777777777777777	0.0	33.87524342768964	15.996105156965777	-1.508377516798939	0.2777777777777778	0.0	
17.0	13.0	-3.0771888256405244	0.0	0.06981317007977318	5.0	5.0	-2.1172577370436434	0.8333333333333333	0.0	9.664100588675687	4.503849116986469	2.1587989303424635	0.5555555555555556	0.0	
17.0	13.0	-3.0771888256405244	0.0	0.06981317007977318	5.0	5.0	-2.1172577370436434	0.8333333333333333	0.0	9.109400392450459	5.335899411324313	2.1587989303424635	0.2777777777777778	0.0	
17.0	13.0	-3.0771888256405244	0.0	0.06981317007977318	5.0	5.0	-2.1172577370436434	0.8333333333333333	0.0	16.218800784900917	7.671798822648626	2.3333318555418963	0.5555555555555556	0.0	
17.0	13.0	-3.0771888256405244	0.0	0.06981317007977318	5.0	5.0	-2.1172577370436434	0.8333333333333333	0.0	10.218800784900916	3.671798822648625	2.3333318555418963	0.5555555555555556	0.0	
4.0	22.0	-0.6718772937194455	0.0	0.05235987755982988	29.0	16.0	-0.32281144332058	2.5	0.0	17.433491809901298	22.88954920792207	-1.6318083823163274	0.8333333333333333	0.0	
4.0	22.0	-0.6718772937194455	0.0	0.05235987755982988	29.0	16.0	-0.32281144332058	2.5	0.0	10.716745904950649	22.444774603961037	-1.7190748449160438	0.5555555555555556	0.0	
4.0	22.0	-0.6718772937194455	0.0	0.05235987755982988	29.0	16.0	-0.32281144332058	2.5	0.0	23.916864762376623	22.361936509902588	-1.7190748449160438	1.3888888888888888	0.0	
4.0	22.0	-0.6718772937194455	0.0	0.05235987755982988	29.0	16.0	-0.32281144332058	2.5	0.0	17.433491809901298	22.88954920792207	-1.6318083823163274	0.2777777777777778	0.0	
12.0	3.0	2.1722773172081062	0.0	0.08726646259971647	10.0	15.0	1.4741456164103743	1.6666666666666665	0.0	6.068030380839281	8.178005063473213	0.2524151400143433	0.2777777777777778	0.0	
12.0	3.0	2.1722773172081062	0.0	0.08726646259971647	10.0	15.0	1.4741456164103743	1.6666666666666665	0.0	7.054424304671425	8.34240405077857	0.2524151400143433	0.5555555555555556	0.0	
12.0	3.0	2.1722773172081062	0.0	0.08726646259971647	10.0	15.0	1.4741456164103743	1.6666666666666665	0.0	8.027212152335713	14.671202025389285	0.2524151400143433	0.5555555555555556	0.0	
12.0	3.0	2.1722773172081062	0.0	0.08726646259971647	10.0	15.0	1.4741456164103743	1.6666666666666665	0.0	6.054424304671425	14.34240405077857	0.2524151400143433	0.8333333333333333	0.0	
27.0	14.0	3.102339785816193	0.0	-0.05235987755982988	5.0	23.0	2.055142234619595	2.5	0.0	15.242734308558992	16.648906087588646	1.3570105338218639	0.5555555555555556	0.0	
27.0	14.0	3.102339785816193	0.0	-0.05235987755982988	5.0	23.0	2.055142234619595	2.5	0.0	14.864101462838489	15.723359131382969	1.0079446834229984	0.5555555555555556	0.0	
27.0	14.0	3.102339785816193	0.0	-0.05235987755982988	5.0	23.0	2.055142234619595	2.5	0.0	19.985468617117984	12.547812175177292	1.2697440712221475	1.1111111111111112	0.0	
27.0	14.0	3.102339785816193	0.0	-0.05235987755982988	5.0	23.0	2.055142234619595	2.5	0.0	8.606835771397483	16.122265218971616	1.0952111460227147	1.1111111111111112	0.0	
21.0	17.0	-2.7765678053765015	0.0	0.06981317007977318	7.0	18.0	2.7212193384056373	2.7777777777777777	0.0	10.215011800048362	13.76016520067706	1.5867553246093227	0.2777777777777778	0.0	
21.0	17.0	-2.7765678053765015	0.0	0.06981317007977318	7.0	18.0	2.7212193384056373	2.7777777777777777	0.0	13.78625885003627	14.507623900507795	1.4994888620096063	0.8333333333333333	0.0	
21.0	17.0	-2.7765678053765015	0.0	0.06981317007977318	7.0	18.0	2.7212193384056373	2.7777777777777777	0.0	10.143764750060452	12.762706500846324	1.4994888620096063	1.3888888888888888	0.0	
21.0	17.0	-2.7765678053765015	0.0	0.06981317007977318	7.0	18.0	2.7212193384056373	2.7777777777777777	0.0	17.286258850036273	14.257623900507795	1.4994888620096063	0.8333333333333333	0.0	
3.0	29.0	-1.3689481055932398	0.0	0.05235987755982988	10.0	15.0	-1.019882255194374	1.3888888888888888	0.0	6.5388543819998315	26.394427190999917	-2.5906785819892706	0.2777777777777778	0.0	
3.0	29.0	-1.3689481055932398	0.0	0.05235987755982988	10.0	15.0	-1.019882255194374	1.3888888888888888	0.0	8.288854381999831	22.894427190999917	-2.7652115071887033	0.5555555555555556	0.0	
3.0	29.0	-1.3689481055932398	0.0	0.05235987755982988	10.0	15.0	-1.019882255194374	1.3888888888888888	0.0	11.827708763999663	20.288854381999833	-2.503412119389554	0.2777777777777778	0.0	
3.0	29.0	-1.3689481055932398	0.0	0.05235987755982988	10.0	15.0	-1.019882255194374	1.3888888888888888	0.0	9.183281572999748	23.341640786499873	-2.7652115071887033	0.5555555555555556	0.0	
7.0	37.0	-2.1229057422771893	0.0	-0.03490658503988659	8.0	20.0	-1.2502411162800247	0.8333333333333333	0.0	10.744823119524987	24.42616606585441	3.025815551106083	0.2777777777777778	0.0	
7.0	37.0	-2.1229057422771893	0.0	-0.03490658503988659	8.0	20.0	-1.2502411162800247	0.8333333333333333	0.0	10.494823119524987	28.67616606585441	-2.9083039056746376	0.5555555555555556	0.0	
7.0	37.0	-2.1229057422771893	0.0	-0.03490658503988659	8.0	20.0	-1.2502411162800247	0.8333333333333333	0.0	9.746548746349992	24.367444043902942	3.025815551106083	0.5555555555555556	0.0	
7.0	37.0	-2.1229057422771893	0.0	-0.03490658503988659	8.0	20.0	-1.2502411162800247	0.8333333333333333	0.0	10.244823119524987	32.92616606585441	-3.0828368308740703	0.8333333333333333	0.0	
3.0	8.0	1.0714496051147666	0.0	-0.17453292519943295	37.0	18.0	0.28605144171731833	1.9444444444444444	0.0	19.15350102802535	15.878096504713811	-1.1102119598781464	0.5555555555555556	0.0	
3.0	8.0	1.0714496051147666	0.0	-0.17453292519943295	37.0	18.0	0.28605144171731833	1.9444444444444444	0.0	18.8713347040338	16.837462006285083	-1.2847448850775791	0.5555555555555556	0.0	
3.0	8.0	1.0714496051147666	0.0	-0.17453292519943295	37.0	18.0	0.28605144171731833	1.9444444444444444	0.0	19.4356673520169	14.918731003142542	-1.1102119598781464	0.5555555555555556	0.0	
3.0	8.0	1.0714496051147666	0.0	-0.17453292519943295	37.0	18.0	0.28605144171731833	1.9444444444444444	0.0	18.58916838004225	17.796827507856353	-1.1102119598781464	1.3888888888888888	0.0	
3.0	25.0	-1.00191248149964	0.0	-0.017453292519943295	5.0	10.0	-1.7873106448970886	2.5	0.0	6.473683702047904	21.646491160273055	-2.921774658693403	0.5555555555555556	0.0	
3.0	25.0	-1.00191248149964	0.0	-0.017453292519943295	5.0	10.0	-1.7873106448970886	2.5	0.0	9.956139503413173	10.660818600455087	-3.0090411212931194	1.1111111111111112	0.0	
3.0	25.0	-1.00191248149964	0.0	-0.017453292519943295	5.0	10.0	-1.7873106448970886	2.5	0.0	7.473683702047904	14.146491160273053	-3.096307583892836	0.8333333333333333	0.0	
3.0	25.0	-1.00191248149964	0.0	-0.017453292519943295	5.0	10.0	-1.7873106448970886	2.5	0.0	6.982455801365269	10.264327440182035	-3.0090411212931194	0.2777777777777778	0.0	
9.0	10.0	0.7209943354481796	0.0	-0.06981317007977318	34.0	15.0	0.02286263465044769	2.5	0.0	21.107767729723633	14.46116135138184	-1.5479336921444489	0.2777777777777778	0.0	
9.0	10.0	0.7209943354481796	0.0	-0.06981317007977318	34.0	15.0	0.02286263465044769	2.5	0.0	33.60776772972363	16.96116135138184	-1.5479336921444489	0.5555555555555556	0.0	
9.0	10.0	0.7209943354481796	0.0	-0.06981317007977318	34.0	15.0	0.02286263465044769	2.5	0.0	14.269419324309082	16.152903378454603	-1.5479336921444489	1.1111111111111112	0.0	
9.0	10.0	0.7209943354481796	0.0	-0.06981317007977318	34.0	15.0	0.02286263465044769	2.5	0.0	33.019419324309084	19.902903378454603	-1.5479336921444489	1.3888888888888888	0.0	
5.0	31.0	0.32342287280893034	0.0	0.08726646259971647	25.0	34.0	-0.7237746783876675	0.0	0.0	24.703319094139513	35.977872705736594	-1.5964393043848322	0.5555555555555556	0.0	
5.0	31.0	0.32342287280893034	0.0	0.08726646259971647	25.0	34.0	-0.7237746783876675	0.0	0.0	24.703319094139513	35.977872705736594	-1.2473734539859667	0.2777777777777778	0.0	
5.0	31.0	0.32342287280893034	0.0	0.08726646259971647	25.0	34.0	-0.7237746783876675	0.0	0.0	14.406638188279022	36.45574541147319	-1.5091728417851158	0.5555555555555556	0.0	
5.0	31.0	0.32342287280893034	0.0	0.08726646259971647	25.0	34.0	-0.7237746783876675	0.0	0.0	24.703319094139513	35.977872705736594	-1.334639916585683	0.5555555555555556	0.0	
6.0	13.0	1.0430723204853223	0.0	0.17453292519943295	5.0	25.0	2.177536334281637	1.1111111111111112	0.0	3.256908483510241	21.833909040292518	0.257674157087874	0.5555555555555556	0.0	
6.0	13.0	1.0430723204853223	0.0	0.17453292519943295	5.0	25.0	2.177536334281637	1.1111111111111112	0.0	2.5103627252653613	18.75086356043878	0.17040769448815762	0.5555555555555556	0.0	
6.0	13.0	1.0430723204853223	0.0	0.17453292519943295	5.0	25.0	2.177536334281637	1.1111111111111112	0.0	3.256908483510241	21.833909040292518	-0.0913916933109915	0.5555555555555556	0.0	
6.0	13.0	1.0430723204853223	0.0	0.17453292519943295	5.0	25.0	2.177536334281637	1.1111111111111112	0.0	2.2603627252653613	21.75086356043878	0.257674157087874	0.8333333333333333	0.0	
3.0	29.0	1.046000555144789	0.0	-0.12217304763960307	33.0	37.0	-0.17572992125124154	2.2222222222222223	0.0	31.71168674719834	41.83117469800623	-1.135661009848123	0.5555555555555556	0.0	
3.0	29.0	1.046000555144789	0.0	-0.12217304763960307	33.0	37.0	-0.17572992125124154	2.2222222222222223	0.0	31.71168674719834	41.83117469800623	-1.135661009848123	1.1111111111111112	0.0	
3.0	29.0	1.046000555144789	0.0	-0.12217304763960307	33.0	37.0	-0.17572992125124154	2.2222222222222223	0.0	24.984674698879335	36.93246987920249	-1.3101939350475558	0.2777777777777778	0.0	
3.0	29.0	1.046000555144789	0.0	-0.12217304763960307	33.0	37.0	-0.17572992125124154	2.2222222222222223	0.0	24.21168674719834	39.83117469800623	-1.3974603976472721	1.3888888888888888	0.0	
22.0	18.0	-2.957675480605554	0.0	0.08726646259971647	8.0	8.0	-1.9104779294089564	0.0	0.0	17.90619096859548	8.931332643966325	2.3655787379771507	1.1111111111111112	0.0	
22.0	18.0	-2.957675480605554	0.0	0.08726646259971647	8.0	8.0	-1.9104779294089564	0.0	0.0	17.324952774876387	9.74506611517306	2.2783122753774343	0.8333333333333333	0.0	
22.0	18.0	-2.957675480605554	0.0	0.08726646259971647	8.0	8.0	-1.9104779294089564	0.0	0.0	21.40619096859548	11.431332643966325	2.191045812777718	0.5555555555555556	0.0	
22.0	18.0	-2.957675480605554	0.0	0.08726646259971647	8.0	8.0	-1.9104779294089564	0.0	0.0	20.824952774876387	12.24506611517306	2.016512887578285	0.2777777777777778	0.0	
3.0	28.0	-0.1511421666252537	0.0	0.13962634015954636	23.0	12.0	0.19792368377361225	1.9444444444444444	0.0	20.498780190217698	19.123475237772123	-2.4200701942178817	0.5555555555555556	0.0	
3.0	28.0	-0.1511421666252537	0.0	0.13962634015954636	23.0	12.0	0.19792368377361225	1.9444444444444444	0.0	10.498780190217696	27.123475237772123	-2.3328037316181653	0.2777777777777778	0.0	
3.0	28.0	-0.1511421666252537	0.0	0.13962634015954636	23.0	12.0	0.19792368377361225	1.9444444444444444	0.0	19.874085142663272	18.34260642832909	-2.4200701942178817	0.8333333333333333	0.0	
3.0	28.0	-0.1511421666252537	0.0	0.13962634015954636	23.0	12.0	0.19792368377361225	1.9444444444444444	0.0	10.498780190217696	27.123475237772123	-2.3328037316181653	0.2777777777777778	0.0	
11.0	37.0	-1.5205499800691102	0.0	-0.13962634015954636	10.0	10.0	-1.084217667070528	2.5	0.0	14.996574168833835	9.814941697450598	-3.0040798442642904	1.3888888888888888	0.0	
11.0	37.0	-1.5205499800691102	0.0	-0.13962634015954636	10.0	10.0	-1.084217667070528	2.5	0.0	15.496574168833835	23.3149416974506	-3.091346306864007	1.1111111111111112	0.0	
11.0	37.0	-1.5205499800691102	0.0	-0.13962634015954636	10.0	10.0	-1.084217667070528	2.5	0.0	12.498629667533534	23.425976678980238	2.9300396125164303	0.5555555555555556	0.0	
11.0	37.0	-1.5205499800691102	0.0	-0.13962634015954636	10.0	10.0	-1.084217667070528	2.5	0.0	14.996574168833835	9.814941697450598	-3.0040798442642904	0.8333333333333333	0.0	
27.0	37.0	-2.1186471563113645	0.0	-0.12217304763960307	5.0	25.0	-1.856847768512215	0.0	0.0	22.93655639204172	31.366313281256847	1.8956101232755938	0.5555555555555556	0.0	
27.0	37.0	-2.1186471563113645	0.0	-0.12217304763960307	5.0	25.0	-1.856847768512215	0.0	0.0	23.41540852272229	30.488417708342464	2.2446759736744593	0.2777777777777778	0.0	
27.0	37.0	-2.1186471563113645	0.0	-0.12217304763960307	5.0	25.0	-1.856847768512215	0.0	0.0	23.894260653402867	29.610522135428077	1.8956101232755938	0.5555555555555556	0.0	
27.0	37.0	-2.1186471563113645	0.0	-0.12217304763960307	5.0	25.0	-1.856847768512215	0.0	0.0	17.91540852272229	27.488417708342464	1.9828765858753101	1.1111111111111112	0.0	
10.0	34.0	0.29888791974619444	0.0	0.0	26.0	36.0	0.12435499454676124	0.5555555555555556	0.0	25.627895796232373	38.976833630141	-1.6209742574475676	0.8333333333333333	0.0	
10.0	34.0	0.29888791974619444	0.0	0.0	26.0	36.0	0.12435499454676124	0.5555555555555556	0.0	25.751930530821582	37.98455575342734	-1.2719084070487021	0.2777777777777778	0.0	
10.0	34.0	0.29888791974619444	0.0	0.0	26.0	36.0	0.12435499454676124	0.5555555555555556	0.0	21.379826327053955	40.46138938356834	-1.3591748696484185	0.8333333333333333	0.0	
10.0	34.0	0.29888791974619444	0.0	0.0	26.0	36.0	0.12435499454676124	0.5555555555555556	0.0	13.379826327053957	39.46138938356834	-1.5337077948478512	1.1111111111111112	0.0	
6.0	5.0	1.749253789422374	0.0	-0.03490658503988659	12.0	18.0	0.5275233130263435	0.5555555555555556	0.0	3.868162461998194	9.926232709846989	-0.4324077755705389	0.8333333333333333	0.0	
6.0	5.0	1.749253789422374	0.0	-0.03490658503988659	12.0	18.0	0.5275233130263435	0.5555555555555556	0.0	4.460203077497742	13.595290887308735	-0.5196742381702535	1.1111111111111112	0.0	
6.0	5.0	1.749253789422374	0.0	-0.03490658503988659	12.0	18.0	0.5275233130263435	0.5555555555555556	0.0	7.184081230999097	12.338116354923494	-0.6069407007699716	0.2777777777777778	0.0	
6.0	5.0	1.749253789422374	0.0	-0.03490658503988659	12.0	18.0	0.5275233130263435	0.5555555555555556	0.0	4.776121846498645	9.50717453238524	-0.6069407007699716	0.8333333333333333	0.0	
5.0	32.0	-1.8956101232755938	0.0	-0.03490658503988659	10.0	15.0	-0.6738796468795631	1.9444444444444444	0.0	12.587462006285083	20.3786652959662	-2.855541211872475	0.2777777777777778	0.0	
5.0	32.0	-1.8956101232755938	0.0	-0.03490658503988659	10.0	15.0	-0.6738796468795631	1.9444444444444444	0.0	10.378096504713811	24.34649897197465	-2.7682747492727584	0.5555555555555556	0.0	
5.0	32.0	-1.8956101232755938	0.0	-0.03490658503988659	10.0	15.0	-0.6738796468795631	1.9444444444444444	0.0	10.378096504713811	24.34649897197465	-2.855541211872475	0.5555555555555556	0.0	
5.0	32.0	-1.8956101232755938	0.0	-0.03490658503988659	10.0	15.0	-0.6738796468795631	1.9444444444444444	0.0	11.046827507856353	29.16083161995775	-2.681008286673042	0.5555555555555556	0.0	
3.0	33.0	-0.9262896392523103	0.0	-0.03490658503988659	10.0	10.0	-0.7517567140528776	0.8333333333333333	0.0	11.283369402144292	22.955808078913478	-2.8461518164460733	0.2777777777777778	0.0	
3.0	33.0	-0.9262896392523103	0.0	-0.03490658503988659	10.0	10.0	-0.7517567140528776	0.8333333333333333	0.0	7.620021641286575	28.123484847348088	-3.020684741645506	0.2777777777777778	0.0	
3.0	33.0	-0.9262896392523103	0.0	-0.03490658503988659	10.0	10.0	-0.7517567140528776	0.8333333333333333	0.0	11.283369402144292	22.955808078913478	-2.9334182790457897	0.5555555555555556	0.0	
3.0	33.0	-0.9262896392523103	0.0	-0.03490658503988659	10.0	10.0	-0.7517567140528776	0.8333333333333333	0.0	6.663347760857717	27.832323231565393	-2.8461518164460733	0.5555555555555556	0.0	
3.0	14.0	0.27761453372213296	0.0	0.03490658503988659	32.0	17.0	0.7139468467207157	0.2777777777777778	0.0	9.735504244572473	19.723458969132757	-1.5549811808719127	0.8333333333333333	0.0	
3.0	14.0	0.27761453372213296	0.0	0.03490658503988659	32.0	17.0	0.7139468467207157	0.2777777777777778	0.0	16.985504244572475	20.473458969132757	-1.5549811808719127	0.2777777777777778	0.0	
3.0	14.0	0.27761453372213296	0.0	0.03490658503988659	32.0	17.0	0.7139468467207157	0.2777777777777778	0.0	9.838403395657979	18.728767175306206	-1.642247643471629	0.2777777777777778	0.0	
3.0	14.0	0.27761453372213296	0.0	0.03490658503988659	32.0	17.0	0.7139468467207157	0.2777777777777778	0.0	31.79420169782899	18.9893835876531	-1.4677147182721964	0.5555555555555556	0.0	
25.0	17.0	-2.4663235874425093	0.0	0.12217304763960307	4.0	3.0	-2.1172577370436434	2.5	0.0	20.859400392450457	11.835899411324313	2.3333318555418963	0.2777777777777778	0.0	
25.0	17.0	-2.4663235874425093	0.0	0.12217304763960307	4.0	3.0	-2.1172577370436434	2.5	0.0	10.359400392450459	4.835899411324313	2.3333318555418963	0.5555555555555556	0.0	
25.0	17.0	-2.4663235874425093	0.0	0.12217304763960307	4.0	3.0	-2.1172577370436434	2.5	0.0	5.109400392450458	1.3358994113243126	2.071532467742747	0.2777777777777778	0.0	
25.0	17.0	-2.4663235874425093	0.0	0.12217304763960307	4.0	3.0	-2.1172577370436434	2.5	0.0	6.773500981126145	-1.160251471689219	2.3333318555418963	1.3888888888888888	0.0	
16.0	14.0	0.4203733151841562	0.0	-0.08726646259971647	30.0	15.0	-0.5395577734127253	2.5	0.0	22.786258850036273	17.492376099492205	-1.674021787209039	0.8333333333333333	0.0	
16.0	14.0	0.4203733151841562	0.0	-0.08726646259971647	30.0	15.0	-0.5395577734127253	2.5	0.0	22.85750590002418	16.49491739966147	-1.5867553246093227	0.5555555555555556	0.0	
16.0	14.0	0.4203733151841562	0.0	-0.08726646259971647	30.0	15.0	-0.5395577734127253	2.5	0.0	22.643764750060452	19.487293499153676	-1.3249559368101735	1.3888888888888888	0.0	
16.0	14.0	0.4203733151841562	0.0	-0.08726646259971647	30.0	15.0	-0.5395577734127253	2.5	0.0	26.215011800048362	18.73983479932294	-1.4994888620096063	0.5555555555555556	0.0	
8.0	15.0	0.5235987755982987	0.0	-0.03490658503988659	30.0	15.0	-0.5235987755982987	0.0	0.0	19.0	18.0	-1.5707963267948966	0.5555555555555556	0.0	
8.0	15.0	0.5235987755982987	0.0	-0.03490658503988659	30.0	15.0	-0.5235987755982987	0.0	0.0	24.5	18.0	-1.658062789394613	0.2777777777777778	0.0	
8.0	15.0	0.5235987755982987	0.0	-0.03490658503988659	30.0	15.0	-0.5235987755982987	0.0	0.0	13.5	19.0	-1.7453292519943293	0.5555555555555556	0.0	
8.0	15.0	0.5235987755982987	0.0	-0.03490658503988659	30.0	15.0	-0.5235987755982987	0.0	0.0	19.0	18.0	-1.7453292519943293	0.2777777777777778	0.0	
10.0	9.0	1.2996126912109407	0.0	-0.13962634015954636	6.0	33.0	1.0378133034117916	0.8333333333333333	0.0	6.0272121523357125	20.671202025389285	0.2524151400143433	0.2777777777777778	0.0	
10.0	9.0	1.2996126912109407	0.0	-0.13962634015954636	6.0	33.0	1.0378133034117916	0.8333333333333333	0.0	4.0272121523357125	32.671202025389285	0.1651486774146269	0.2777777777777778	0.0	
10.0	9.0	1.2996126912109407	0.0	-0.13962634015954636	6.0	33.0	1.0378133034117916	0.8333333333333333	0.0	3.0680303808392813	20.17800506347321	-0.009384247784805844	0.2777777777777778	0.0	
10.0	9.0	1.2996126912109407	0.0	-0.13962634015954636	6.0	33.0	1.0378133034117916	0.8333333333333333	0.0	4.0272121523357125	32.671202025389285	0.07788221481491053	0.5555555555555556	0.0	
14.0	16.0	0.37391350300262527	0.0	0.0	30.0	15.0	-0.32421819779510663	0.0	0.0	26.249513144620725	19.242210313931555	-1.4586822115914213	0.8333333333333333	0.0	
14.0	16.0	0.37391350300262527	0.0	0.0	30.0	15.0	-0.32421819779510663	0.0	0.0	18.12475657231036	17.746105156965776	-1.4586822115914213	0.5555555555555556	0.0	
14.0	16.0	0.37391350300262527	0.0	0.0	30.0	15.0	-0.32421819779510663	0.0	0.0	26.18713485846554	18.244157735448667	-1.633215136790854	0.5555555555555556	0.0	
14.0	16.0	0.37391350300262527	0.0	0.0	30.0	15.0	-0.32421819779510663	0.0	0.0	18.249513144620725	19.742210313931555	-1.4586822115914213	0.2777777777777778	0.0	
16.0	34.0	-0.4361930391897757	0.0	-0.15707963267948966	33.0	37.0	0.5237380494071058	0.5555555555555556	0.0	32.30485866436381	40.939134235271744	-1.3088576651869417	0.2777777777777778	0.0	
16.0	34.0	-0.4361930391897757	0.0	-0.15707963267948966	33.0	37.0	0.5237380494071058	0.5555555555555556	0.0	32.6524293321819	38.969567117635876	-1.57065705298609	0.5555555555555556	0.0	
16.0	34.0	-0.4361930391897757	0.0	-0.15707963267948966	33.0	37.0	0.5237380494071058	0.5555555555555556	0.0	27.881073330454765	41.17391779408968	-1.57065705298609	1.3888888888888888	0.0	
16.0	34.0	-0.4361930391897757	0.0	-0.15707963267948966	33.0	37.0	0.5237380494071058	0.5555555555555556	0.0	19.381073330454765	39.67391779408968	-1.3088576651869417	1.3888888888888888	0.0	
16.0	37.0	-2.6303849090036326	0.0	0.06981317007977318	3.0	10.0	-2.1940525960050503	1.1111111111111112	0.0	5.7030050092773	8.6985531436813	2.6928693095790717	0.5555555555555556	0.0	
16.0	37.0	-2.6303849090036326	0.0	0.06981317007977318	3.0	10.0	-2.1940525960050503	1.1111111111111112	0.0	12.2030050092773	22.198553143681302	2.6928693095790717	0.2777777777777778	0.0	
16.0	37.0	-2.6303849090036326	0.0	0.06981317007977318	3.0	10.0	-2.1940525960050503	1.1111111111111112	0.0	4.802003339518199	9.1323687624542	2.8674022347785044	0.2777777777777778	0.0	
16.0	37.0	-2.6303849090036326	0.0	0.06981317007977318	3.0	10.0	-2.1940525960050503	1.1111111111111112	0.0	15.4530050092773	28.948553143681302	2.6056028469793553	0.5555555555555556	0.0	
10.0	15.0	0.17453292519943275	0.0	-0.05235987755982988	25.0	15.0	-0.17453292519943275	1.6666666666666665	0.0	25.0	19.0	-1.4835298641951802	0.8333333333333333	0.0	
10.0	15.0	0.17453292519943275	0.0	-0.05235987755982988	25.0	15.0	-0.17453292519943275	1.6666666666666665	0.0	25.0	20.0	-1.7453292519943293	1.3888888888888888	0.0	
10.0	15.0	0.17453292519943275	0.0	-0.05235987755982988	25.0	15.0	-0.17453292519943275	1.6666666666666665	0.0	13.75	17.0	-1.5707963267948966	0.5555555555555556	0.0	
10.0	15.0	0.17453292519943275	0.0	-0.05235987755982988	25.0	15.0	-0.17453292519943275	1.6666666666666665	0.0	25.0	18.0	-1.7453292519943293	0.8333333333333333	0.0	
12.0	35.0	-2.1992720411234292	0.0	0.17453292519943295	10.0	16.0	-0.8030086395279659	1.1111111111111112	0.0	13.978021811685624	15.581260861927829	2.8621827896601264	0.2777777777777778	0.0	
12.0	35.0	-2.1992720411234292	0.0	0.17453292519943295	10.0	16.0	-0.8030086395279659	1.1111111111111112	0.0	14.97252726460703	15.476576077409787	3.1239821774592755	0.8333333333333333	0.0	
12.0	35.0	-2.1992720411234292	0.0	0.17453292519943295	10.0	16.0	-0.8030086395279659	1.1111111111111112	0.0	14.478021811685624	20.331260861927827	2.949449252259843	1.1111111111111112	0.0	
12.0	35.0	-2.1992720411234292	0.0	0.17453292519943295	10.0	16.0	-0.8030086395279659	1.1111111111111112	0.0	12.489010905842813	20.540630430963915	3.036715714859559	0.5555555555555556	0.0	
31.0	12.0	-2.907403408607826	0.0	-0.12217304763960307	5.0	15.0	3.11398251077261	0.2777777777777778	0.0	17.65612767604461	10.519773192386607	1.2813867961785643	0.8333333333333333	0.0	
31.0	12.0	-2.907403408607826	0.0	-0.12217304763960307	5.0	15.0	3.11398251077261	0.2777777777777778	0.0	11.270751784029738	12.263182128257737	1.2813867961785643	0.2777777777777778	0.0	
31.0	12.0	-2.907403408607826	0.0	-0.12217304763960307	5.0	15.0	3.11398251077261	0.2777777777777778	0.0	17.541503568059476	9.526364256515475	1.3686532587782807	0.8333333333333333	0.0	
31.0	12.0	-2.907403408607826	0.0	-0.12217304763960307	5.0	15.0	3.11398251077261	0.2777777777777778	0.0	17.426879460074346	8.532955320644344	1.455919721377997	1.1111111111111112	0.0	
3.0	35.0	-2.0819929125017502	0.0	-0.17453292519943295	5.0	15.0	-1.2965947491043017	1.9444444444444444	0.0	7.980148760839956	25.398014876083995	-3.0419240010986313	0.8333333333333333	0.0	
3.0	35.0	-2.0819929125017502	0.0	-0.17453292519943295	5.0	15.0	-1.2965947491043017	1.9444444444444444	0.0	8.475185951049946	30.497518595104992	3.066728380881522	1.3888888888888888	0.0	
3.0	35.0	-2.0819929125017502	0.0	-0.17453292519943295	5.0	15.0	-1.2965947491043017	1.9444444444444444	0.0	9.975185951049946	15.497518595104994	-2.8673910758991985	0.5555555555555556	0.0	
3.0	35.0	-2.0819929125017502	0.0	-0.17453292519943295	5.0	15.0	-1.2965947491043017	1.9444444444444444	0.0	7.480148760839956	30.398014876083995	-3.1291904636983476	0.8333333333333333	0.0	
18.0	15.0	-2.9670597283903604	0.0	0.017453292519943295	5.0	15.0	2.7925268031909276	2.7777777777777777	0.0	11.5	11.0	1.658062789394613	1.1111111111111112	0.0	
18.0	15.0	-2.9670597283903604	0.0	0.017453292519943295	5.0	15.0	2.7925268031909276	2.7777777777777777	0.0	14.75	11.0	1.3962634015954638	1.1111111111111112	0.0	
18.0	15.0	-2.9670597283903604	0.0	0.017453292519943295	5.0	15.0	2.7925268031909276	2.7777777777777777	0.0	11.5	11.0	1.5707963267948966	0.2777777777777778	0.0	
18.0	15.0	-2.9670597283903604	0.0	0.017453292519943295	5.0	15.0	2.7925268031909276	2.7777777777777777	0.0	5.0	12.0	1.4835298641951802	0.2777777777777778	0.0	
3.0	31.0	-1.4782092896021348	0.0	0.06981317007977318	5.0	20.0	-1.2164099018029855	2.7777777777777777	0.0	5.4677398201998155	28.607770876399965	-2.7872062285978823	0.2777777777777778	0.0	
3.0	31.0	-1.4782092896021348	0.0	0.06981317007977318	5.0	20.0	-1.2164099018029855	2.7777777777777777	0.0	9.419349550499538	23.644427190999917	-2.7872062285978823	1.1111111111111112	0.0	
3.0	31.0	-1.4782092896021348	0.0	0.06981317007977318	5.0	20.0	-1.2164099018029855	2.7777777777777777	0.0	6.951609730299722	26.03665631459995	-3.1362720789967478	0.5555555555555556	0.0	
3.0	31.0	-1.4782092896021348	0.0	0.06981317007977318	5.0	20.0	-1.2164099018029855	2.7777777777777777	0.0	9.419349550499538	23.644427190999917	-3.1362720789967478	0.2777777777777778	0.0	
5.0	6.0	1.1344640137963147	0.0	-0.03490658503988659	5.0	30.0	1.221730476396031	0.8333333333333333	0.0	3.0	24.0	0.17453292519943275	0.5555555555555556	0.0	
5.0	6.0	1.1344640137963147	0.0	-0.03490658503988659	5.0	30.0	1.221730476396031	0.8333333333333333	0.0	0.0	18.0	0.17453292519943275	0.2777777777777778	0.0	
5.0	6.0	1.1344640137963147	0.0	-0.03490658503988659	5.0	30.0	1.221730476396031	0.8333333333333333	0.0	0.0	18.0	-0.17453292519943275	0.2777777777777778	0.0	
5.0	6.0	1.1344640137963147	0.0	-0.03490658503988659	5.0	30.0	1.221730476396031	0.8333333333333333	0.0	3.0	18.0	0.0	0.2777777777777778	0.0	
32.0	14.0	2.0502590817186865	0.0	-0.017453292519943295	5.0	20.0	2.5738578573169857	1.1111111111111112	0.0	4.132278168725375	16.095251759264187	1.2648609183212383	0.2777777777777778	0.0	
32.0	14.0	2.0502590817186865	0.0	-0.017453292519943295	5.0	20.0	2.5738578573169857	1.1111111111111112	0.0	24.382278168725374	11.595251759264189	1.5266603061203874	0.8333333333333333	0.0	
32.0	14.0	2.0502590817186865	0.0	-0.017453292519943295	5.0	20.0	2.5738578573169857	1.1111111111111112	0.0	4.349208626544032	17.07143881944814	1.439393843520671	0.8333333333333333	0.0	
32.0	14.0	2.0502590817186865	0.0	-0.017453292519943295	5.0	20.0	2.5738578573169857	1.1111111111111112	0.0	11.316139084362687	16.547625879632093	1.439393843520671	0.5555555555555556	0.0	
6.0	8.0	1.5253730473733196	0.0	-0.17453292519943295	7.0	30.0	1.6999059725727523	0.5555555555555556	0.0	3.7530943793691014	24.63622298275595	0.12910964577785577	0.2777777777777778	0.0	
6.0	8.0	1.5253730473733196	0.0	-0.17453292519943295	7.0	30.0	1.6999059725727523	0.5555555555555556	0.0	2.2541258391588017	13.6816306436746	-0.13268974202129336	1.1111111111111112	0.0	
6.0	8.0	1.5253730473733196	0.0	-0.17453292519943295	7.0	30.0	1.6999059725727523	0.5555555555555556	0.0	2.005157298948502	30.22703830459325	0.0418431831781394	1.3888888888888888	0.0	
6.0	8.0	1.5253730473733196	0.0	-0.17453292519943295	7.0	30.0	1.6999059725727523	0.5555555555555556	0.0	4.252062919579401	13.590815321837301	-0.21995620462100973	0.5555555555555556	0.0	
