400
4.0	33.0	-1.3962634015954636	0.0	-0.08726646259971647	4.0	14.0	-1.658062789394613	2.5	0.0	9.0	18.75	2.9670597283903604	0.2777777777777778	0.0	
4.0	33.0	-1.3962634015954636	0.0	-0.08726646259971647	4.0	14.0	-1.658062789394613	2.5	0.0	7.0	14.0	-3.141592653589793	0.5555555555555556	0.0	
4.0	33.0	-1.3962634015954636	0.0	-0.08726646259971647	4.0	14.0	-1.658062789394613	2.5	0.0	8.0	14.0	-2.9670597283903604	0.8333333333333333	0.0	
4.0	33.0	-1.3962634015954636	0.0	-0.08726646259971647	4.0	14.0	-1.658062789394613	2.5	0.0	9.0	28.25	-2.9670597283903604	1.3888888888888888	0.0	
10.0	14.0	1.9974238199217726	0.0	0.13962634015954636	5.0	25.0	1.9101573573220563	1.1111111111111112	0.0	1.3585340901495813	23.344788222795263	0.25209456792744334	0.2777777777777778	0.0	
10.0	14.0	1.9974238199217726	0.0	0.13962634015954636	5.0	25.0	1.9101573573220563	1.1111111111111112	0.0	4.1981676126869765	14.680985278494079	0.5138939557265925	1.1111111111111112	0.0	
10.0	14.0	1.9974238199217726	0.0	0.13962634015954636	5.0	25.0	1.9101573573220563	1.1111111111111112	0.0	6.92926704507479	15.922394111397631	0.5138939557265925	0.5555555555555556	0.0	
10.0	14.0	1.9974238199217726	0.0	0.13962634015954636	5.0	25.0	1.9101573573220563	1.1111111111111112	0.0	3.518900567612186	21.008591167096448	0.5138939557265925	0.8333333333333333	0.0	
24.0	37.0	-1.8468216118906433	0.0	-0.12217304763960307	5.0	15.0	-1.410489298892061	1.1111111111111112	0.0	8.784115038845798	11.731900648269537	2.516501518095181	0.2777777777777778	0.0	
24.0	37.0	-1.8468216118906433	0.0	-0.12217304763960307	5.0	15.0	-1.410489298892061	1.1111111111111112	0.0	8.027292031076637	12.38552051861563	2.516501518095181	0.5555555555555556	0.0	
24.0	37.0	-1.8468216118906433	0.0	-0.12217304763960307	5.0	15.0	-1.410489298892061	1.1111111111111112	0.0	20.76364601553832	30.192760259307814	2.4292350554954645	0.2777777777777778	0.0	
24.0	37.0	-1.8468216118906433	0.0	-0.12217304763960307	5.0	15.0	-1.410489298892061	1.1111111111111112	0.0	13.534115038845798	17.231900648269537	2.4292350554954645	1.3888888888888888	0.0	
5.0	19.0	1.5077819181133485	0.0	-0.08726646259971647	11.0	30.0	0.7223837547159007	1.3888888888888888	0.0	5.366313281256847	25.93655639204172	-0.49934672168012995	0.8333333333333333	0.0	
5.0	19.0	1.5077819181133485	0.0	-0.08726646259971647	11.0	30.0	0.7223837547159007	1.3888888888888888	0.0	5.988417708342462	29.16540852272229	-0.5866131842798463	0.2777777777777778	0.0	
5.0	19.0	1.5077819181133485	0.0	-0.08726646259971647	11.0	30.0	0.7223837547159007	1.3888888888888888	0.0	8.366313281256847	31.43655639204172	-0.3248137964806972	0.2777777777777778	0.0	
5.0	19.0	1.5077819181133485	0.0	-0.08726646259971647	11.0	30.0	0.7223837547159007	1.3888888888888888	0.0	2.9884177083424626	23.66540852272229	-0.6738796468795627	0.8333333333333333	0.0	
27.0	35.0	-2.7676791505871683	0.0	0.017453292519943295	10.0	20.0	-1.807748061990287	1.9444444444444444	0.0	15.573243274173693	22.250324289269816	2.1192427549969546	0.2777777777777778	0.0	
27.0	35.0	-2.7676791505871683	0.0	0.017453292519943295	10.0	20.0	-1.807748061990287	1.9444444444444444	0.0	13.308108185434232	16.25081072317454	2.206509217596671	1.3888888888888888	0.0	
27.0	35.0	-2.7676791505871683	0.0	0.017453292519943295	10.0	20.0	-1.807748061990287	1.9444444444444444	0.0	17.558108185434232	20.00081072317454	2.206509217596671	0.8333333333333333	0.0	
27.0	35.0	-2.7676791505871683	0.0	0.017453292519943295	10.0	20.0	-1.807748061990287	1.9444444444444444	0.0	19.82324327417369	26.000324289269816	2.1192427549969546	0.5555555555555556	0.0	
32.0	13.0	-3.036218207570723	0.0	0.0	5.0	25.0	2.461568936211414	1.9444444444444444	0.0	10.531584601839658	19.25856535413923	1.3271049224151001	0.5555555555555556	0.0	
32.0	13.0	-3.036218207570723	0.0	0.0	5.0	25.0	2.461568936211414	1.9444444444444444	0.0	3.3754461357862096	21.34475380551897	1.1525719972156674	1.1111111111111112	0.0	
32.0	13.0	-3.036218207570723	0.0	0.0	5.0	25.0	2.461568936211414	1.9444444444444444	0.0	23.62544613578621	12.344753805518971	0.9780390720162346	1.1111111111111112	0.0	
32.0	13.0	-3.036218207570723	0.0	0.0	5.0	25.0	2.461568936211414	1.9444444444444444	0.0	3.7815846018396573	22.25856535413923	0.9780390720162346	0.2777777777777778	0.0	
13.0	34.0	-1.2913864628652298	0.0	0.05235987755982988	15.0	15.0	-1.116853537665797	0.5555555555555556	0.0	18.47252726460703	29.773423922590215	-3.1239821774592755	0.5555555555555556	0.0	
13.0	34.0	-1.2913864628652298	0.0	0.05235987755982988	15.0	15.0	-1.116853537665797	0.5555555555555556	0.0	18.47252726460703	29.773423922590215	3.0719366671205943	1.1111111111111112	0.0	
13.0	34.0	-1.2913864628652298	0.0	0.05235987755982988	15.0	15.0	-1.116853537665797	0.5555555555555556	0.0	15.989010905842813	24.709369569036085	-3.1239821774592755	0.5555555555555556	0.0	
13.0	34.0	-1.2913864628652298	0.0	0.05235987755982988	15.0	15.0	-1.116853537665797	0.5555555555555556	0.0	16.48351635876422	29.564054353554127	-3.1239821774592755	0.8333333333333333	0.0	
5.0	32.0	-0.7966074786850097	0.0	0.017453292519943295	14.0	16.0	-1.2329397916835918	1.1111111111111112	0.0	18.357877685622746	18.451306198162797	-2.4546702680796226	1.3888888888888888	0.0	
5.0	32.0	-0.7966074786850097	0.0	0.017453292519943295	14.0	16.0	-1.2329397916835918	1.1111111111111112	0.0	12.114726611373648	25.47078371889768	-2.6292031932790554	0.8333333333333333	0.0	
5.0	32.0	-0.7966074786850097	0.0	0.017453292519943295	14.0	16.0	-1.2329397916835918	1.1111111111111112	0.0	13.857877685622746	26.451306198162797	-2.6292031932790554	0.5555555555555556	0.0	
5.0	32.0	-0.7966074786850097	0.0	0.017453292519943295	14.0	16.0	-1.2329397916835918	1.1111111111111112	0.0	9.864726611373648	29.47078371889768	-2.6292031932790554	0.2777777777777778	0.0	
7.0	28.0	-0.5516549825285466	0.0	-0.017453292519943295	33.0	12.0	-0.2898555947293975	0.0	0.0	28.072292276993004	18.554974950113632	-2.035184846723727	0.8333333333333333	0.0	
7.0	28.0	-0.5516549825285466	0.0	-0.017453292519943295	33.0	12.0	-0.2898555947293975	0.0	0.0	15.072292276993004	26.554974950113632	-2.122451309323443	0.5555555555555556	0.0	
7.0	28.0	-0.5516549825285466	0.0	-0.017453292519943295	33.0	12.0	-0.2898555947293975	0.0	0.0	15.596389702657337	27.406633266818176	-2.122451309323443	0.8333333333333333	0.0	
7.0	28.0	-0.5516549825285466	0.0	-0.017453292519943295	33.0	12.0	-0.2898555947293975	0.0	0.0	29.12048712832167	20.25829158352272	-2.035184846723727	0.5555555555555556	0.0	
22.0	16.0	2.977554299720299	0.0	0.13962634015954636	10.0	30.0	1.843090285923985	1.6666666666666665	0.0	14.481486795269408	21.698417253088063	0.7958927347273868	0.5555555555555556	0.0	
22.0	16.0	2.977554299720299	0.0	0.13962634015954636	10.0	30.0	1.843090285923985	1.6666666666666665	0.0	8.481486795269408	28.698417253088063	0.7086262721276704	0.2777777777777778	0.0	
22.0	16.0	2.977554299720299	0.0	0.13962634015954636	10.0	30.0	1.843090285923985	1.6666666666666665	0.0	13.72223019290411	21.047625879632093	0.5340933469282376	0.8333333333333333	0.0	
22.0	16.0	2.977554299720299	0.0	0.13962634015954636	10.0	30.0	1.843090285923985	1.6666666666666665	0.0	12.962973590538814	20.396834506176127	0.8831591973271031	1.1111111111111112	0.0	
9.0	19.0	1.0438041265955693	0.0	-0.13962634015954636	10.0	30.0	2.0910016777921667	1.6666666666666665	0.0	7.508213587064592	24.68107149208504	-0.0033934246010289826	0.2777777777777778	0.0	
9.0	19.0	1.0438041265955693	0.0	-0.13962634015954636	10.0	30.0	2.0910016777921667	1.6666666666666665	0.0	4.520533967661481	24.952678730212593	-0.09065988720074536	0.8333333333333333	0.0	
9.0	19.0	1.0438041265955693	0.0	-0.13962634015954636	10.0	30.0	2.0910016777921667	1.6666666666666665	0.0	7.012320380596888	30.271607238127558	-0.0033934246010289826	0.5555555555555556	0.0	
9.0	19.0	1.0438041265955693	0.0	-0.13962634015954636	10.0	30.0	2.0910016777921667	1.6666666666666665	0.0	7.258213587064592	21.93107149208504	-0.09065988720074536	0.2777777777777778	0.0	
4.0	17.0	0.7677876872669307	0.0	-0.03490658503988659	25.0	34.0	0.244188911668632	1.9444444444444444	0.0	23.112405313996106	36.33173461212246	-0.8902751021276814	0.8333333333333333	0.0	
4.0	17.0	0.7677876872669307	0.0	-0.03490658503988659	25.0	34.0	0.244188911668632	1.9444444444444444	0.0	18.49160354266407	31.304489741414972	-1.064808027327114	0.2777777777777778	0.0	
4.0	17.0	0.7677876872669307	0.0	-0.03490658503988659	25.0	34.0	0.244188911668632	1.9444444444444444	0.0	17.862405313996106	32.08173461212246	-0.7157421769282486	0.8333333333333333	0.0	
4.0	17.0	0.7677876872669307	0.0	-0.03490658503988659	25.0	34.0	0.244188911668632	1.9444444444444444	0.0	23.74160354266407	35.55448974141497	-0.8030086395279667	0.2777777777777778	0.0	
15.0	33.0	-1.3962634015954636	0.0	0.15707963267948966	15.0	20.0	-1.5707963267948966	2.7777777777777777	0.0	18.0	26.5	2.9670597283903604	0.2777777777777778	0.0	
15.0	33.0	-1.3962634015954636	0.0	0.15707963267948966	15.0	20.0	-1.5707963267948966	2.7777777777777777	0.0	18.0	23.25	-3.141592653589793	0.5555555555555556	0.0	
15.0	33.0	-1.3962634015954636	0.0	0.15707963267948966	15.0	20.0	-1.5707963267948966	2.7777777777777777	0.0	18.0	26.5	-2.9670597283903604	0.5555555555555556	0.0	
15.0	33.0	-1.3962634015954636	0.0	0.15707963267948966	15.0	20.0	-1.5707963267948966	2.7777777777777777	0.0	17.0	26.5	-3.0543261909900767	0.5555555555555556	0.0	
15.0	28.0	-1.4782092896021348	0.0	0.05235987755982988	17.0	17.0	-1.1291434392032693	0.8333333333333333	0.0	19.43547964039963	25.965541752799933	-2.8744726911975986	0.5555555555555556	0.0	
15.0	28.0	-1.4782092896021348	0.0	0.05235987755982988	17.0	17.0	-1.1291434392032693	0.8333333333333333	0.0	21.41934955049954	20.644427190999917	-3.1362720789967478	0.5555555555555556	0.0	
15.0	28.0	-1.4782092896021348	0.0	0.05235987755982988	17.0	17.0	-1.1291434392032693	0.8333333333333333	0.0	21.91934955049954	17.894427190999917	-3.1362720789967478	0.2777777777777778	0.0	
15.0	28.0	-1.4782092896021348	0.0	0.05235987755982988	17.0	17.0	-1.1291434392032693	0.8333333333333333	0.0	18.451609730299722	25.78665631459995	-3.1362720789967478	0.5555555555555556	0.0	
5.0	27.0	-1.3258176636680323	0.0	0.10471975511965977	25.0	15.0	-0.3658865750711513	1.3888888888888888	0.0	22.057983021710108	21.429971702850178	-2.1112158270654806	1.1111111111111112	0.0	
5.0	27.0	-1.3258176636680323	0.0	0.10471975511965977	25.0	15.0	-0.3658865750711513	1.3888888888888888	0.0	21.54348726628258	20.572478777137633	-2.2857487522649134	0.5555555555555556	0.0	
5.0	27.0	-1.3258176636680323	0.0	0.10471975511965977	25.0	15.0	-0.3658865750711513	1.3888888888888888	0.0	17.572478777137633	25.28746462856272	-2.0239493644657642	1.3888888888888888	0.0	
5.0	27.0	-1.3258176636680323	0.0	0.10471975511965977	25.0	15.0	-0.3658865750711513	1.3888888888888888	0.0	26.54348726628258	17.572478777137633	-2.198482289665197	0.8333333333333333	0.0	
29.0	17.0	2.819842099193151	0.0	-0.17453292519943295	5.0	25.0	2.2089768609951355	2.2222222222222223	0.0	21.735088935932648	15.205266807797944	1.161779309798538	0.8333333333333333	0.0	
29.0	17.0	2.819842099193151	0.0	-0.17453292519943295	5.0	25.0	2.2089768609951355	2.2222222222222223	0.0	21.735088935932648	15.205266807797944	1.161779309798538	0.2777777777777778	0.0	
29.0	17.0	2.819842099193151	0.0	-0.17453292519943295	5.0	25.0	2.2089768609951355	2.2222222222222223	0.0	16.367544467966326	19.102633403898974	1.2490457723982544	0.5555555555555556	0.0	
29.0	17.0	2.819842099193151	0.0	-0.17453292519943295	5.0	25.0	2.2089768609951355	2.2222222222222223	0.0	3.735088935932649	21.205266807797944	1.3363122349979708	0.5555555555555556	0.0	
7.0	27.0	-1.0640182758688832	0.0	0.15707963267948966	10.0	15.0	-1.413084126267749	1.1111111111111112	0.0	14.85071250072666	16.212678125181665	-2.722081065263496	0.2777777777777778	0.0	
7.0	27.0	-1.0640182758688832	0.0	0.15707963267948966	10.0	15.0	-1.413084126267749	1.1111111111111112	0.0	12.910427500435995	15.727606875108998	-2.722081065263496	0.5555555555555556	0.0	
7.0	27.0	-1.0640182758688832	0.0	0.15707963267948966	10.0	15.0	-1.413084126267749	1.1111111111111112	0.0	11.940285000290665	15.485071250072666	-2.896613990462929	0.5555555555555556	0.0	
7.0	27.0	-1.0640182758688832	0.0	0.15707963267948966	10.0	15.0	-1.413084126267749	1.1111111111111112	0.0	13.130570000581328	18.970142500145332	-3.0711469156623616	0.5555555555555556	0.0	
28.0	15.0	2.177185892164851	0.0	-0.17453292519943295	4.0	29.0	2.438985279964001	1.1111111111111112	0.0	2.4883869234277425	26.4086632973047	0.8681889531691045	0.5555555555555556	0.0	
28.0	15.0	2.177185892164851	0.0	-0.17453292519943295	4.0	29.0	2.438985279964001	1.1111111111111112	0.0	1.480644872379571	24.681105495507833	1.21725480356797	1.1111111111111112	0.0	
28.0	15.0	2.177185892164851	0.0	-0.17453292519943295	4.0	29.0	2.438985279964001	1.1111111111111112	0.0	1.9845158979036568	25.544884396406264	1.0427218783685372	1.1111111111111112	0.0	
28.0	15.0	2.177185892164851	0.0	-0.17453292519943295	4.0	29.0	2.438985279964001	1.1111111111111112	0.0	1.9845158979036568	25.544884396406264	0.9554554157688209	0.2777777777777778	0.0	
3.0	31.0	-0.1913536498717181	0.0	-0.10471975511965977	27.0	37.0	-0.1913536498717181	2.2222222222222223	0.0	14.272393124891002	36.91042750043599	-1.4130841262677478	0.5555555555555556	0.0	
3.0	31.0	-0.1913536498717181	0.0	-0.10471975511965977	27.0	37.0	-0.1913536498717181	2.2222222222222223	0.0	8.272393124891002	35.41042750043599	-1.238551201068315	0.5555555555555556	0.0	
3.0	31.0	-0.1913536498717181	0.0	-0.10471975511965977	27.0	37.0	-0.1913536498717181	2.2222222222222223	0.0	20.272393124891	38.41042750043599	-1.500350588867465	0.8333333333333333	0.0	
3.0	31.0	-0.1913536498717181	0.0	-0.10471975511965977	27.0	37.0	-0.1913536498717181	2.2222222222222223	0.0	26.514928749927336	38.940285000290665	-1.238551201068315	0.2777777777777778	0.0	
5.0	32.0	-0.9597918147880744	0.0	-0.13962634015954636	15.0	25.0	-0.2616601139903425	2.7777777777777777	0.0	10.367311721816643	34.3461596025952	-2.094255828584389	0.2777777777777778	0.0	
5.0	32.0	-0.9597918147880744	0.0	-0.13962634015954636	15.0	25.0	-0.2616601139903425	2.7777777777777777	0.0	8.646924688726656	31.88846384103808	-2.094255828584389	0.5555555555555556	0.0	
5.0	32.0	-0.9597918147880744	0.0	-0.13962634015954636	15.0	25.0	-0.2616601139903425	2.7777777777777777	0.0	15.367311721816643	30.8461596025952	-2.268788753783822	1.3888888888888888	0.0	
5.0	32.0	-0.9597918147880744	0.0	-0.13962634015954636	15.0	25.0	-0.2616601139903425	2.7777777777777777	0.0	15.367311721816643	30.8461596025952	-2.1815222911841055	0.2777777777777778	0.0	
11.0	33.0	-1.9842660051430312	0.0	-0.12217304763960307	13.0	23.0	-0.5880026035475678	1.1111111111111112	0.0	16.42232270276368	26.284464540552733	-2.8569306311401963	0.5555555555555556	0.0	
11.0	33.0	-1.9842660051430312	0.0	-0.12217304763960307	13.0	23.0	-0.5880026035475678	1.1111111111111112	0.0	16.402903378454603	31.48058067569092	-3.031463556339629	1.1111111111111112	0.0	
11.0	33.0	-1.9842660051430312	0.0	-0.12217304763960307	13.0	23.0	-0.5880026035475678	1.1111111111111112	0.0	15.94174202707276	23.58834840541455	-3.031463556339629	0.5555555555555556	0.0	
11.0	33.0	-1.9842660051430312	0.0	-0.12217304763960307	13.0	23.0	-0.5880026035475678	1.1111111111111112	0.0	16.42232270276368	26.284464540552733	-2.8569306311401963	1.1111111111111112	0.0	
11.0	26.0	0.7580828673952245	0.0	-0.12217304763960307	35.0	34.0	-0.3763811464010898	2.2222222222222223	0.0	21.735088935932648	33.79473319220205	-1.4235786975976872	0.8333333333333333	0.0	
11.0	26.0	0.7580828673952245	0.0	-0.12217304763960307	35.0	34.0	-0.3763811464010898	2.2222222222222223	0.0	28.367544467966326	33.89736659610103	-1.2490457723982544	0.5555555555555556	0.0	
11.0	26.0	0.7580828673952245	0.0	-0.12217304763960307	35.0	34.0	-0.3763811464010898	2.2222222222222223	0.0	21.41886116991581	34.74341649025257	-1.2490457723982544	1.3888888888888888	0.0	
11.0	26.0	0.7580828673952245	0.0	-0.12217304763960307	35.0	34.0	-0.3763811464010898	2.2222222222222223	0.0	34.05131670194949	36.84604989415154	-1.4235786975976872	0.8333333333333333	0.0	
14.0	25.0	-1.2614138357187636	0.0	0.13962634015954636	25.0	15.0	0.04758310327698334	2.5	0.0	27.69069117598525	17.959760293583773	-2.1340784617159283	1.1111111111111112	0.0	
14.0	25.0	-1.2614138357187636	0.0	0.13962634015954636	25.0	15.0	0.04758310327698334	2.5	0.0	20.845345587992625	21.47988014679189	-2.2213449243156447	0.5555555555555556	0.0	
14.0	25.0	-1.2614138357187636	0.0	0.13962634015954636	25.0	15.0	0.04758310327698334	2.5	0.0	21.518018381988938	22.21982022018783	-2.483144312114794	0.5555555555555556	0.0	
14.0	25.0	-1.2614138357187636	0.0	0.13962634015954636	25.0	15.0	0.04758310327698334	2.5	0.0	20.845345587992625	21.47988014679189	-2.3958778495150774	0.5555555555555556	0.0	
11.0	36.0	-1.0081923399826658	0.0	-0.17453292519943295	8.0	14.0	-1.5317911155809645	2.5	0.0	13.463320672177197	24.459547181066746	3.0060649396042924	0.5555555555555556	0.0	
11.0	36.0	-1.0081923399826658	0.0	-0.17453292519943295	8.0	14.0	-1.5317911155809645	2.5	0.0	14.454150840221494	24.324433976333435	3.0060649396042924	0.5555555555555556	0.0	
11.0	36.0	-1.0081923399826658	0.0	-0.17453292519943295	8.0	14.0	-1.5317911155809645	2.5	0.0	12.713320672177197	18.959547181066746	3.093331402204009	0.2777777777777778	0.0	
11.0	36.0	-1.0081923399826658	0.0	-0.17453292519943295	8.0	14.0	-1.5317911155809645	2.5	0.0	13.222490504132896	30.09466038580006	3.0060649396042924	0.2777777777777778	0.0	
18.0	15.0	1.6149323474694057	0.0	-0.12217304763960307	14.0	33.0	1.7894652726688385	1.3888888888888888	0.0	11.071438819448142	32.34920862654403	0.3059354084736583	0.2777777777777778	0.0	
18.0	15.0	1.6149323474694057	0.0	-0.12217304763960307	14.0	33.0	1.7894652726688385	1.3888888888888888	0.0	14.071438819448142	18.84920862654403	0.3932018710733747	0.8333333333333333	0.0	
18.0	15.0	1.6149323474694057	0.0	-0.12217304763960307	14.0	33.0	1.7894652726688385	1.3888888888888888	0.0	13.071438819448142	23.34920862654403	0.3932018710733747	0.8333333333333333	0.0	
18.0	15.0	1.6149323474694057	0.0	-0.12217304763960307	14.0	33.0	1.7894652726688385	1.3888888888888888	0.0	12.071438819448142	27.84920862654403	0.3059354084736583	0.2777777777777778	0.0	
24.0	17.0	-3.085034911593329	0.0	-0.17453292519943295	7.0	13.0	-2.82323552379418	2.7777777777777777	0.0	20.895196668627737	11.13291415833212	1.714620531391077	1.3888888888888888	0.0	
24.0	17.0	-3.085034911593329	0.0	-0.17453292519943295	7.0	13.0	-2.82323552379418	2.7777777777777777	0.0	11.708078667451094	12.053165663332848	1.976419919190226	0.2777777777777778	0.0	
24.0	17.0	-3.085034911593329	0.0	-0.17453292519943295	7.0	13.0	-2.82323552379418	2.7777777777777777	0.0	11.937118001176641	11.079748494999272	1.714620531391077	0.8333333333333333	0.0	
24.0	17.0	-3.085034911593329	0.0	-0.17453292519943295	7.0	13.0	-2.82323552379418	2.7777777777777777	0.0	16.187118001176643	12.079748494999272	1.714620531391077	0.5555555555555556	0.0	
36.0	13.0	-2.9344238577950907	0.0	-0.08726646259971647	15.0	16.0	2.6506297485867627	2.2222222222222223	0.0	24.934314575050763	10.540202025355335	1.3416328095910162	0.5555555555555556	0.0	
36.0	13.0	-2.9344238577950907	0.0	-0.08726646259971647	15.0	16.0	2.6506297485867627	2.2222222222222223	0.0	24.792893218813454	9.550252531694166	1.3416328095910162	0.5555555555555556	0.0	
36.0	13.0	-2.9344238577950907	0.0	-0.08726646259971647	15.0	16.0	2.6506297485867627	2.2222222222222223	0.0	14.575735931288072	13.0301515190165	1.516165734790449	0.2777777777777778	0.0	
36.0	13.0	-2.9344238577950907	0.0	-0.08726646259971647	15.0	16.0	2.6506297485867627	2.2222222222222223	0.0	14.717157287525382	14.020101012677667	1.4288992721907325	0.5555555555555556	0.0	
21.0	32.0	-2.6576772373142274	0.0	-0.15707963267948966	11.0	21.0	-1.7850126113170628	1.1111111111111112	0.0	13.219820220187831	18.981981618011062	2.491044056069045	0.2777777777777778	0.0	
21.0	32.0	-2.6576772373142274	0.0	-0.15707963267948966	11.0	21.0	-1.7850126113170628	1.1111111111111112	0.0	21.459760293583773	26.55930882401475	2.5783105186687614	1.1111111111111112	0.0	
21.0	32.0	-2.6576772373142274	0.0	-0.15707963267948966	11.0	21.0	-1.7850126113170628	1.1111111111111112	0.0	20.71982022018783	27.231981618011062	2.229244668269896	0.5555555555555556	0.0	
21.0	32.0	-2.6576772373142274	0.0	-0.15707963267948966	11.0	21.0	-1.7850126113170628	1.1111111111111112	0.0	20.71982022018783	27.231981618011062	2.5783105186687614	0.5555555555555556	0.0	
4.0	27.0	-0.68163142959177	0.0	-0.15707963267948966	31.0	12.0	-0.5943649669920532	1.9444444444444444	0.0	26.67821465589316	20.12078638060769	-2.1651612937869498	1.3888888888888888	0.0	
4.0	27.0	-0.68163142959177	0.0	-0.15707963267948966	31.0	12.0	-0.5943649669920532	1.9444444444444444	0.0	32.456928793535894	14.622471828364613	-2.1651612937869498	0.8333333333333333	0.0	
4.0	27.0	-0.68163142959177	0.0	-0.15707963267948966	31.0	12.0	-0.5943649669920532	1.9444444444444444	0.0	18.471285862357263	21.248314552243077	-2.252427756386666	0.2777777777777778	0.0	
4.0	27.0	-0.68163142959177	0.0	-0.15707963267948966	31.0	12.0	-0.5943649669920532	1.9444444444444444	0.0	18.956928793535894	22.122471828364613	-2.0778948311872334	0.5555555555555556	0.0	
19.0	14.0	2.1637305167754946	0.0	-0.13962634015954636	8.0	22.0	3.036395142772659	2.5	0.0	8.397313209299815	16.765055662787248	0.9420000403794635	0.2777777777777778	0.0	
19.0	14.0	2.1637305167754946	0.0	-0.13962634015954636	8.0	22.0	3.036395142772659	2.5	0.0	5.0591415116247695	17.956319578484056	1.0292665029791799	0.5555555555555556	0.0	
19.0	14.0	2.1637305167754946	0.0	-0.13962634015954636	8.0	22.0	3.036395142772659	2.5	0.0	11.147313209299815	14.765055662787246	0.8547335777797471	0.8333333333333333	0.0	
19.0	14.0	2.1637305167754946	0.0	-0.13962634015954636	8.0	22.0	3.036395142772659	2.5	0.0	8.397313209299815	16.765055662787248	1.1165329655788963	0.2777777777777778	0.0	
8.0	21.0	2.359587914793373	0.0	0.03490658503988659	7.0	32.0	2.2723214521936566	2.7777777777777777	0.0	3.0164271741291846	31.637857015829926	0.2651928124001781	0.2777777777777778	0.0	
8.0	21.0	2.359587914793373	0.0	0.03490658503988659	7.0	32.0	2.2723214521936566	2.7777777777777777	0.0	5.508213587064592	26.31892850791496	-0.0838730379986874	0.2777777777777778	0.0	
8.0	21.0	2.359587914793373	0.0	0.03490658503988659	7.0	32.0	2.2723214521936566	2.7777777777777777	0.0	3.7664271741291846	23.387857015829926	0.0033934246010289826	1.1111111111111112	0.0	
8.0	21.0	2.359587914793373	0.0	0.03490658503988659	7.0	32.0	2.2723214521936566	2.7777777777777777	0.0	5.258213587064592	29.06892850791496	0.0033934246010289826	0.2777777777777778	0.0	
7.0	22.0	-0.8072236018112449	0.0	-0.017453292519943295	25.0	15.0	-0.2836248262129457	1.1111111111111112	0.0	26.81223130577474	19.66002335770648	-2.1162205408069914	0.5555555555555556	0.0	
7.0	22.0	-0.8072236018112449	0.0	-0.017453292519943295	25.0	15.0	-0.2836248262129457	1.1111111111111112	0.0	12.587338783464844	23.04601401462389	-1.9416876156075586	0.2777777777777778	0.0	
7.0	22.0	-0.8072236018112449	0.0	-0.017453292519943295	25.0	15.0	-0.2836248262129457	1.1111111111111112	0.0	21.949785044619794	20.478018686165186	-1.9416876156075586	1.1111111111111112	0.0	
7.0	22.0	-0.8072236018112449	0.0	-0.017453292519943295	25.0	15.0	-0.2836248262129457	1.1111111111111112	0.0	26.087338783464844	17.79601401462389	-1.767154690408126	0.2777777777777778	0.0	
25.0	36.0	-2.2366811451573745	0.0	-0.017453292519943295	10.0	20.0	-2.149414682557658	1.9444444444444444	0.0	12.91814881656034	17.264235484474682	2.562974297827031	1.1111111111111112	0.0	
25.0	36.0	-2.2366811451573745	0.0	-0.017453292519943295	10.0	20.0	-2.149414682557658	1.9444444444444444	0.0	21.147686020700426	24.580294355593352	2.3884413726275984	1.1111111111111112	0.0	
25.0	36.0	-2.2366811451573745	0.0	-0.017453292519943295	10.0	20.0	-2.149414682557658	1.9444444444444444	0.0	12.188611612420257	17.94817661335601	2.2139084474281656	0.2777777777777778	0.0	
25.0	36.0	-2.2366811451573745	0.0	-0.017453292519943295	10.0	20.0	-2.149414682557658	1.9444444444444444	0.0	24.16814881656034	29.264235484474682	2.301174910027882	0.5555555555555556	0.0	
8.0	26.0	-0.03144052671349895	0.0	-0.13962634015954636	29.0	35.0	-0.4677728397120813	2.2222222222222223	0.0	12.462161402841664	30.088290060036115	-1.3404374657092468	0.5555555555555556	0.0	
8.0	26.0	-0.03144052671349895	0.0	-0.13962634015954636	29.0	35.0	-0.4677728397120813	2.2222222222222223	0.0	16.924322805683328	34.17658012007223	-1.3404374657092468	0.8333333333333333	0.0	
8.0	26.0	-0.03144052671349895	0.0	-0.13962634015954636	29.0	35.0	-0.4677728397120813	2.2222222222222223	0.0	21.78040350710416	37.34572515009029	-1.165904540509814	0.8333333333333333	0.0	
8.0	26.0	-0.03144052671349895	0.0	-0.13962634015954636	29.0	35.0	-0.4677728397120813	2.2222222222222223	0.0	12.068242104262497	31.007435090054173	-1.2531710031095287	0.5555555555555556	0.0	
27.0	37.0	-2.3151814208172556	0.0	0.17453292519943295	20.0	15.0	-1.0061844818215082	0.8333333333333333	0.0	24.76462890006631	13.483981713615265	3.0080727977654496	0.8333333333333333	0.0	
27.0	37.0	-2.3151814208172556	0.0	0.17453292519943295	20.0	15.0	-1.0061844818215082	0.8333333333333333	0.0	22.858777340039786	14.09038902816916	2.920806335165733	0.5555555555555556	0.0	
27.0	37.0	-2.3151814208172556	0.0	0.17453292519943295	20.0	15.0	-1.0061844818215082	0.8333333333333333	0.0	27.155851560026523	30.893592685446105	2.833539872566017	0.2777777777777778	0.0	
27.0	37.0	-2.3151814208172556	0.0	0.17453292519943295	20.0	15.0	-1.0061844818215082	0.8333333333333333	0.0	30.01462890006631	29.983981713615265	2.920806335165733	1.1111111111111112	0.0	
4.0	36.0	-2.356194490192345	0.0	-0.017453292519943295	4.0	19.0	-1.1344640137963142	1.3888888888888888	0.0	6.0	23.25	-2.9670597283903604	0.2777777777777778	0.0	
4.0	36.0	-2.356194490192345	0.0	-0.017453292519943295	4.0	19.0	-1.1344640137963142	1.3888888888888888	0.0	6.0	27.5	-3.141592653589793	0.5555555555555556	0.0	
4.0	36.0	-2.356194490192345	0.0	-0.017453292519943295	4.0	19.0	-1.1344640137963142	1.3888888888888888	0.0	6.0	27.5	-3.141592653589793	0.5555555555555556	0.0	
4.0	36.0	-2.356194490192345	0.0	-0.017453292519943295	4.0	19.0	-1.1344640137963142	1.3888888888888888	0.0	6.0	23.25	2.9670597283903604	0.5555555555555556	0.0	
37.0	14.0	2.650156341410116	0.0	0.17453292519943295	9.0	36.0	2.0392911032121006	1.1111111111111112	0.0	21.764356896136192	23.427363322355156	0.9920935520155032	0.2777777777777778	0.0	
37.0	14.0	2.650156341410116	0.0	0.17453292519943295	9.0	36.0	2.0392911032121006	1.1111111111111112	0.0	14.14653534420429	28.14104498353273	0.9920935520155032	0.5555555555555556	0.0	
37.0	14.0	2.650156341410116	0.0	0.17453292519943295	9.0	36.0	2.0392911032121006	1.1111111111111112	0.0	7.764356896136193	34.427363322355156	0.8175606268160704	0.5555555555555556	0.0	
37.0	14.0	2.650156341410116	0.0	0.17453292519943295	9.0	36.0	2.0392911032121006	1.1111111111111112	0.0	7.14653534420429	33.64104498353273	0.9920935520155032	0.2777777777777778	0.0	
35.0	13.0	-3.085766717703576	0.0	0.017453292519943295	5.0	25.0	2.3247539634788463	2.7777777777777777	0.0	18.88582797093769	16.214569927344222	1.3648228748819644	0.8333333333333333	0.0	
35.0	13.0	-3.085766717703576	0.0	0.017453292519943295	5.0	25.0	2.3247539634788463	2.7777777777777777	0.0	11.385827970937688	19.214569927344222	1.1030234870828153	0.2777777777777778	0.0	
35.0	13.0	-3.085766717703576	0.0	0.017453292519943295	5.0	25.0	2.3247539634788463	2.7777777777777777	0.0	19.257218647291793	17.14304661822948	1.015757024483099	0.2777777777777778	0.0	
35.0	13.0	-3.085766717703576	0.0	0.017453292519943295	5.0	25.0	2.3247539634788463	2.7777777777777777	0.0	26.38582797093769	13.214569927344222	1.015757024483099	0.5555555555555556	0.0	
11.0	19.0	-0.4779748920971709	0.0	-0.06981317007977318	35.0	18.0	0.8310220468985765	2.5	0.0	29.08326108942436	20.248266146184704	-1.5251724432937683	0.5555555555555556	0.0	
11.0	19.0	-0.4779748920971709	0.0	-0.06981317007977318	35.0	18.0	0.8310220468985765	2.5	0.0	35.16652217884872	21.99653229236941	-1.6124389058934847	0.5555555555555556	0.0	
11.0	19.0	-0.4779748920971709	0.0	-0.06981317007977318	35.0	18.0	0.8310220468985765	2.5	0.0	23.08326108942436	20.498266146184704	-1.437905980694052	0.5555555555555556	0.0	
11.0	19.0	-0.4779748920971709	0.0	-0.06981317007977318	35.0	18.0	0.8310220468985765	2.5	0.0	35.08326108942436	19.998266146184704	-1.437905980694052	0.2777777777777778	0.0	
17.0	33.0	-2.1597779681887443	0.0	0.12217304763960307	15.0	20.0	-0.9380474917927133	1.3888888888888888	0.0	20.941858488253086	25.739714078730294	3.0762097877942445	0.2777777777777778	0.0	
17.0	33.0	-2.1597779681887443	0.0	0.12217304763960307	15.0	20.0	-0.9380474917927133	1.3888888888888888	0.0	20.941858488253086	25.739714078730294	-3.1197090567856254	1.3888888888888888	0.0	
17.0	33.0	-2.1597779681887443	0.0	0.12217304763960307	15.0	20.0	-0.9380474917927133	1.3888888888888888	0.0	17.976743395301234	26.195885631492118	2.8144103999950953	0.2777777777777778	0.0	
17.0	33.0	-2.1597779681887443	0.0	0.12217304763960307	15.0	20.0	-0.9380474917927133	1.3888888888888888	0.0	18.95348679060247	19.391771262984236	2.9016768625948117	1.1111111111111112	0.0	
8.0	35.0	-0.7434167704946892	0.0	0.03490658503988659	21.0	18.0	-0.21981799489639053	0.5555555555555556	0.0	19.338715665954393	23.464900215141594	-2.401479559889303	0.2777777777777778	0.0	
8.0	35.0	-0.7434167704946892	0.0	0.03490658503988659	21.0	18.0	-0.21981799489639053	0.5555555555555556	0.0	17.677431331908785	28.929800430283187	-2.576012485088736	0.5555555555555556	0.0	
8.0	35.0	-0.7434167704946892	0.0	0.03490658503988659	21.0	18.0	-0.21981799489639053	0.5555555555555556	0.0	23.383073498931587	19.822350322712392	-2.4887460224890194	0.2777777777777778	0.0	
8.0	35.0	-0.7434167704946892	0.0	0.03490658503988659	21.0	18.0	-0.21981799489639053	0.5555555555555556	0.0	13.633073498931589	32.57235032271239	-2.4887460224890194	0.2777777777777778	0.0	
20.0	18.0	2.221189323357301	0.0	-0.10471975511965977	6.0	27.0	2.919321024155032	1.6666666666666665	0.0	3.2962120434325066	22.79410762311723	0.9994588469612697	1.3888888888888888	0.0	
20.0	18.0	2.221189323357301	0.0	-0.10471975511965977	6.0	27.0	2.919321024155032	1.6666666666666665	0.0	10.836969634746005	19.135286098493786	0.824925921761837	0.2777777777777778	0.0	
20.0	18.0	2.221189323357301	0.0	-0.10471975511965977	6.0	27.0	2.919321024155032	1.6666666666666665	0.0	8.418484817373002	23.067643049246893	1.0867253095609861	0.5555555555555556	0.0	
20.0	18.0	2.221189323357301	0.0	-0.10471975511965977	6.0	27.0	2.919321024155032	1.6666666666666665	0.0	6.796212043432506	20.54410762311723	0.824925921761837	0.2777777777777778	0.0	
35.0	17.0	2.9596232515028813	0.0	0.05235987755982988	10.0	15.0	-2.9744962052778394	1.3888888888888888	0.0	22.81898088913156	12.0127388858555	1.5633598499074175	0.2777777777777778	0.0	
35.0	17.0	2.9596232515028813	0.0	0.05235987755982988	10.0	15.0	-2.9744962052778394	1.3888888888888888	0.0	16.56898088913156	11.5127388858555	1.6506263125071339	1.1111111111111112	0.0	
35.0	17.0	2.9596232515028813	0.0	0.05235987755982988	10.0	15.0	-2.9744962052778394	1.3888888888888888	0.0	16.56898088913156	11.5127388858555	1.5633598499074175	1.1111111111111112	0.0	
35.0	17.0	2.9596232515028813	0.0	0.05235987755982988	10.0	15.0	-2.9744962052778394	1.3888888888888888	0.0	10.318980889131561	11.0127388858555	1.6506263125071339	1.1111111111111112	0.0	
5.0	35.0	-1.4498884148506095	0.0	0.13962634015954636	12.0	12.0	-0.7517567140528776	0.5555555555555556	0.0	16.78336940214429	13.45580807891348	-2.758885353846357	0.5555555555555556	0.0	
5.0	35.0	-1.4498884148506095	0.0	0.13962634015954636	12.0	12.0	-0.7517567140528776	0.5555555555555556	0.0	12.326695521715434	24.664646463130783	-2.9334182790457897	0.8333333333333333	0.0	
5.0	35.0	-1.4498884148506095	0.0	0.13962634015954636	12.0	12.0	-0.7517567140528776	0.5555555555555556	0.0	11.370021641286575	24.373484847348088	-2.8461518164460733	0.8333333333333333	0.0	
5.0	35.0	-1.4498884148506095	0.0	0.13962634015954636	12.0	12.0	-0.7517567140528776	0.5555555555555556	0.0	10.576695521715434	30.414646463130783	-2.758885353846357	0.2777777777777778	0.0	
11.0	37.0	-1.0121970114513341	0.0	0.10471975511965977	8.0	24.0	-2.321193950447081	2.5	0.0	10.69878239138924	26.800280986602484	2.740260880336475	0.2777777777777778	0.0	
11.0	37.0	-1.0121970114513341	0.0	0.10471975511965977	8.0	24.0	-2.321193950447081	2.5	0.0	13.173173587083859	33.075421479903724	3.002060268135624	0.5555555555555556	0.0	
11.0	37.0	-1.0121970114513341	0.0	0.10471975511965977	8.0	24.0	-2.321193950447081	2.5	0.0	10.923173587083859	23.325421479903724	2.740260880336475	0.2777777777777778	0.0	
11.0	37.0	-1.0121970114513341	0.0	0.10471975511965977	8.0	24.0	-2.321193950447081	2.5	0.0	13.6219559784731	26.12570246650621	2.9147938055359077	1.1111111111111112	0.0	
4.0	36.0	-0.7939760554604995	0.0	-0.06981317007977318	15.0	20.0	-1.5793742188579478	0.5555555555555556	0.0	18.29616769679747	22.26611529154826	-2.5393053074548284	0.8333333333333333	0.0	
4.0	36.0	-0.7939760554604995	0.0	-0.06981317007977318	15.0	20.0	-1.5793742188579478	0.5555555555555556	0.0	9.222125772598103	33.699586468661195	-2.452038844855112	0.2777777777777778	0.0	
4.0	36.0	-0.7939760554604995	0.0	-0.06981317007977318	15.0	20.0	-1.5793742188579478	0.5555555555555556	0.0	8.398083848398734	33.13305764577413	-2.3647723822553957	0.2777777777777778	0.0	
4.0	36.0	-0.7939760554604995	0.0	-0.06981317007977318	15.0	20.0	-1.5793742188579478	0.5555555555555556	0.0	11.972125772598103	29.699586468661195	-2.626571770054545	0.5555555555555556	0.0	
9.0	12.0	0.2291635172038804	0.0	0.10471975511965977	30.0	15.0	-0.11990233319498556	0.5555555555555556	0.0	24.46715728752538	16.229898987322333	-1.6034321973901653	0.2777777777777778	0.0	
9.0	12.0	0.2291635172038804	0.0	0.10471975511965977	30.0	15.0	-0.11990233319498556	0.5555555555555556	0.0	24.184314575050763	18.209797974644665	-1.3416328095910153	1.1111111111111112	0.0	
9.0	12.0	0.2291635172038804	0.0	0.10471975511965977	30.0	15.0	-0.11990233319498556	0.5555555555555556	0.0	19.075735931288072	16.4698484809835	-1.516165734790449	0.8333333333333333	0.0	
9.0	12.0	0.2291635172038804	0.0	0.10471975511965977	30.0	15.0	-0.11990233319498556	0.5555555555555556	0.0	29.434314575050763	18.959797974644665	-1.6034321973901653	0.5555555555555556	0.0	
29.0	15.0	1.8872263065984933	0.0	0.17453292519943295	9.0	30.0	1.9744927691982106	2.7777777777777777	0.0	7.800000000000001	28.4	0.7527622928021795	0.2777777777777778	0.0	
29.0	15.0	1.8872263065984933	0.0	0.17453292519943295	9.0	30.0	1.9744927691982106	2.7777777777777777	0.0	6.6000000000000005	26.8	0.9272952180016123	0.5555555555555556	0.0	
29.0	15.0	1.8872263065984933	0.0	0.17453292519943295	9.0	30.0	1.9744927691982106	2.7777777777777777	0.0	6.000000000000001	26.0	1.101828143201045	1.1111111111111112	0.0	
29.0	15.0	1.8872263065984933	0.0	0.17453292519943295	9.0	30.0	1.9744927691982106	2.7777777777777777	0.0	16.0	18.5	1.101828143201045	0.8333333333333333	0.0	
12.0	20.0	-0.018107983419353157	0.0	-0.17453292519943295	25.0	15.0	-0.7162396842170851	1.9444444444444444	0.0	20.294895396544344	22.166728031015296	-1.8507036980133993	0.5555555555555556	0.0	
12.0	20.0	-0.018107983419353157	0.0	-0.17453292519943295	25.0	15.0	-0.7162396842170851	1.9444444444444444	0.0	22.826937237926607	19.05003681860918	-2.1125030858125484	0.5555555555555556	0.0	
12.0	20.0	-0.018107983419353157	0.0	-0.17453292519943295	25.0	15.0	-0.7162396842170851	1.9444444444444444	0.0	17.044895396544344	23.416728031015296	-1.8507036980133993	0.5555555555555556	0.0	
12.0	20.0	-0.018107983419353157	0.0	-0.17453292519943295	25.0	15.0	-0.7162396842170851	1.9444444444444444	0.0	19.935916317235478	21.233382424812238	-2.025236623212832	0.2777777777777778	0.0	
4.0	37.0	-1.9239874079050376	0.0	-0.017453292519943295	5.0	25.0	-1.051322781907873	1.3888888888888888	0.0	7.239637274734639	34.24913643956122	3.137467422878518	0.8333333333333333	0.0	
4.0	37.0	-1.9239874079050376	0.0	-0.017453292519943295	5.0	25.0	-1.051322781907873	1.3888888888888888	0.0	7.239637274734639	34.24913643956122	3.137467422878518	0.8333333333333333	0.0	
4.0	37.0	-1.9239874079050376	0.0	-0.017453292519943295	5.0	25.0	-1.051322781907873	1.3888888888888888	0.0	6.243091516489759	34.16609095970748	-3.058451421701352	0.5555555555555556	0.0	
4.0	37.0	-1.9239874079050376	0.0	-0.017453292519943295	5.0	25.0	-1.051322781907873	1.3888888888888888	0.0	7.739637274734639	28.24913643956122	3.137467422878518	0.5555555555555556	0.0	
27.0	13.0	2.7455034362067323	0.0	0.03490658503988659	5.0	30.0	3.0073028240058814	0.2777777777777778	0.0	8.054209995696938	22.58485999443133	1.000174184212403	0.8333333333333333	0.0	
27.0	13.0	2.7455034362067323	0.0	0.03490658503988659	5.0	30.0	3.0073028240058814	0.2777777777777778	0.0	9.27710499784847	24.167429997215667	0.7383747964132539	0.5555555555555556	0.0	
27.0	13.0	2.7455034362067323	0.0	0.03490658503988659	5.0	30.0	3.0073028240058814	0.2777777777777778	0.0	9.27710499784847	24.167429997215667	0.9129077216126866	0.2777777777777778	0.0	
27.0	13.0	2.7455034362067323	0.0	0.03490658503988659	5.0	30.0	3.0073028240058814	0.2777777777777778	0.0	1.9427624946211735	26.043574993039165	1.000174184212403	1.3888888888888888	0.0	
27.0	37.0	-2.4691039303819973	0.0	-0.12217304763960307	10.0	14.0	-1.5091728417851158	2.5	0.0	21.716704565865303	23.122435755664778	2.3305515126024092	0.2777777777777778	0.0	
27.0	37.0	-2.4691039303819973	0.0	-0.12217304763960307	10.0	14.0	-1.5091728417851158	2.5	0.0	25.162528424398978	29.466826816748583	2.5923509004015584	0.2777777777777778	0.0	
27.0	37.0	-2.4691039303819973	0.0	-0.12217304763960307	10.0	14.0	-1.5091728417851158	2.5	0.0	22.520880707331628	22.52804469458097	2.3305515126024092	0.2777777777777778	0.0	
27.0	37.0	-2.4691039303819973	0.0	-0.12217304763960307	10.0	14.0	-1.5091728417851158	2.5	0.0	16.662528424398978	17.966826816748583	2.5923509004015584	0.2777777777777778	0.0	
13.0	27.0	-1.8419799623788522	0.0	-0.06981317007977318	15.0	15.0	-0.8820488737819709	0.8333333333333333	0.0	15.972787847664287	21.328797974610715	-2.8019110509757335	0.5555555555555556	0.0	
13.0	27.0	-1.8419799623788522	0.0	-0.06981317007977318	15.0	15.0	-0.8820488737819709	0.8333333333333333	0.0	17.959181771496432	15.493196961916071	-2.88917751357545	0.8333333333333333	0.0	
13.0	27.0	-1.8419799623788522	0.0	-0.06981317007977318	15.0	15.0	-0.8820488737819709	0.8333333333333333	0.0	16.959181771496432	21.493196961916073	3.1322084058049873	0.2777777777777778	0.0	
13.0	27.0	-1.8419799623788522	0.0	-0.06981317007977318	15.0	15.0	-0.8820488737819709	0.8333333333333333	0.0	19.431969619160718	18.821994936526785	-2.8019110509757335	0.5555555555555556	0.0	
6.0	17.0	0.7677876872669307	0.0	0.12217304763960307	27.0	34.0	-0.017610476130517583	1.3888888888888888	0.0	20.49160354266407	31.304489741414972	-0.8902751021276814	0.5555555555555556	0.0	
6.0	17.0	0.7677876872669307	0.0	0.12217304763960307	27.0	34.0	-0.017610476130517583	1.3888888888888888	0.0	25.74160354266407	35.55448974141497	-0.9775415647273995	0.5555555555555556	0.0	
6.0	17.0	0.7677876872669307	0.0	0.12217304763960307	27.0	34.0	-0.017610476130517583	1.3888888888888888	0.0	25.112405313996106	36.33173461212246	-0.9775415647273995	0.2777777777777778	0.0	
6.0	17.0	0.7677876872669307	0.0	0.12217304763960307	27.0	34.0	-0.017610476130517583	1.3888888888888888	0.0	24.483207085328143	37.108979482829945	-1.064808027327114	0.5555555555555556	0.0	
5.0	31.0	-0.6984265476126907	0.0	-0.06981317007977318	9.0	20.0	-2.007423486608438	0.8333333333333333	0.0	9.759173693953748	29.616972252346816	-2.967354575205319	0.8333333333333333	0.0	
5.0	31.0	-0.6984265476126907	0.0	-0.06981317007977318	9.0	20.0	-2.007423486608438	0.8333333333333333	0.0	10.879586846976874	20.68348612617341	-2.967354575205319	0.2777777777777778	0.0	
5.0	31.0	-0.6984265476126907	0.0	-0.06981317007977318	9.0	20.0	-2.007423486608438	0.8333333333333333	0.0	10.819380270465311	23.775229189260113	-2.880088112605603	0.8333333333333333	0.0	
5.0	31.0	-0.6984265476126907	0.0	-0.06981317007977318	9.0	20.0	-2.007423486608438	0.8333333333333333	0.0	8.879586846976874	26.18348612617341	-2.7928216500058864	0.2777777777777778	0.0	
21.0	32.0	-2.8759955520664935	0.0	-0.15707963267948966	4.0	20.0	-1.8287980008698956	2.7777777777777777	0.0	19.056732790394623	25.732128546940952	2.010926353517629	0.2777777777777778	0.0	
21.0	32.0	-2.8759955520664935	0.0	-0.15707963267948966	4.0	20.0	-1.8287980008698956	2.7777777777777777	0.0	10.556732790394621	19.732128546940952	2.272725741316778	1.1111111111111112	0.0	
21.0	32.0	-2.8759955520664935	0.0	-0.15707963267948966	4.0	20.0	-1.8287980008698956	2.7777777777777777	0.0	18.480049592795964	26.549096410205713	2.010926353517629	0.8333333333333333	0.0	
21.0	32.0	-2.8759955520664935	0.0	-0.15707963267948966	4.0	20.0	-1.8287980008698956	2.7777777777777777	0.0	19.633415987993278	24.91516068367619	2.3599922039164944	0.2777777777777778	0.0	
21.0	35.0	-2.256525837701183	0.0	0.05235987755982988	12.0	24.0	-1.9947264499020336	2.7777777777777777	0.0	15.797914598406642	25.483524419485473	2.281330217484074	0.5555555555555556	0.0	
21.0	35.0	-2.256525837701183	0.0	0.05235987755982988	12.0	24.0	-1.9947264499020336	2.7777777777777777	0.0	16.571871897609963	24.85028662922821	2.543129605283223	0.8333333333333333	0.0	
21.0	35.0	-2.256525837701183	0.0	0.05235987755982988	12.0	24.0	-1.9947264499020336	2.7777777777777777	0.0	20.297914598406642	30.983524419485473	2.6303960678829394	0.5555555555555556	0.0	
21.0	35.0	-2.256525837701183	0.0	0.05235987755982988	12.0	24.0	-1.9947264499020336	2.7777777777777777	0.0	20.369786496016605	26.333811048713684	2.4558631426835067	0.5555555555555556	0.0	
4.0	23.0	-0.3763811464010898	0.0	-0.17453292519943295	24.0	13.0	-0.20184822120165657	1.1111111111111112	0.0	11.23606797749979	24.97213595499958	-1.85991101059627	1.1111111111111112	0.0	
4.0	23.0	-0.3763811464010898	0.0	-0.17453292519943295	24.0	13.0	-0.20184822120165657	1.1111111111111112	0.0	14.894427190999917	19.788854381999833	-2.121710398395419	0.2777777777777778	0.0	
4.0	23.0	-0.3763811464010898	0.0	-0.17453292519943295	24.0	13.0	-0.20184822120165657	1.1111111111111112	0.0	10.788854381999831	24.077708763999663	-2.2089768609951355	0.2777777777777778	0.0	
4.0	23.0	-0.3763811464010898	0.0	-0.17453292519943295	24.0	13.0	-0.20184822120165657	1.1111111111111112	0.0	25.788854381999833	16.577708763999663	-2.121710398395419	0.5555555555555556	0.0	
21.0	15.0	2.521579952852507	0.0	0.17453292519943295	3.0	20.0	-2.9762071909296317	2.7777777777777777	0.0	6.161780681069527	13.932410451850297	1.4743824016559088	1.3888888888888888	0.0	
21.0	15.0	2.521579952852507	0.0	0.17453292519943295	3.0	20.0	-2.9762071909296317	2.7777777777777777	0.0	15.429424544855621	12.395928361480237	1.4743824016559088	0.5555555555555556	0.0	
21.0	15.0	2.521579952852507	0.0	0.17453292519943295	3.0	20.0	-2.9762071909296317	2.7777777777777777	0.0	10.929424544855621	13.645928361480237	1.1253165512570433	0.8333333333333333	0.0	
21.0	15.0	2.521579952852507	0.0	0.17453292519943295	3.0	20.0	-2.9762071909296317	2.7777777777777777	0.0	15.429424544855621	12.395928361480237	1.1253165512570433	1.1111111111111112	0.0	
26.0	35.0	2.3996453855838755	0.0	0.08726646259971647	3.0	34.0	2.486911848183592	2.7777777777777777	0.0	8.923748897105227	30.253775366579763	1.5269807595867109	0.5555555555555556	0.0	
26.0	35.0	2.3996453855838755	0.0	0.08726646259971647	3.0	34.0	2.486911848183592	2.7777777777777777	0.0	14.63031167282892	31.50283152493482	1.4397142969869945	0.2777777777777778	0.0	
26.0	35.0	2.3996453855838755	0.0	0.08726646259971647	3.0	34.0	2.486911848183592	2.7777777777777777	0.0	3.1737488971052272	30.003775366579763	1.4397142969869945	0.2777777777777778	0.0	
26.0	35.0	2.3996453855838755	0.0	0.08726646259971647	3.0	34.0	2.486911848183592	2.7777777777777777	0.0	8.836874448552614	32.25188768328988	1.78878014738586	0.2777777777777778	0.0	
31.0	18.0	2.9943750243925837	0.0	0.08726646259971647	10.0	25.0	2.2089768609951355	0.2777777777777778	0.0	25.117544467966326	17.852633403898974	1.4235786975976872	0.5555555555555556	0.0	
31.0	18.0	2.9943750243925837	0.0	0.08726646259971647	10.0	25.0	2.2089768609951355	0.2777777777777778	0.0	19.235088935932648	17.705266807797944	1.3363122349979708	0.5555555555555556	0.0	
31.0	18.0	2.9943750243925837	0.0	0.08726646259971647	10.0	25.0	2.2089768609951355	0.2777777777777778	0.0	24.801316701949485	16.90395010584846	1.4235786975976872	0.8333333333333333	0.0	
31.0	18.0	2.9943750243925837	0.0	0.08726646259971647	10.0	25.0	2.2089768609951355	0.2777777777777778	0.0	13.985088935932648	19.455266807797944	1.2490457723982544	0.8333333333333333	0.0	
29.0	35.0	2.3177519001711566	0.0	-0.06981317007977318	3.0	36.0	2.5795512879703066	0.5555555555555556	0.0	9.423133755797593	33.75147765073737	1.4450872741739929	0.2777777777777778	0.0	
29.0	35.0	2.3177519001711566	0.0	-0.06981317007977318	3.0	36.0	2.5795512879703066	0.5555555555555556	0.0	15.846267511595185	31.502955301474742	1.6196201993734256	0.2777777777777778	0.0	
29.0	35.0	2.3177519001711566	0.0	-0.06981317007977318	3.0	36.0	2.5795512879703066	0.5555555555555556	0.0	22.423133755797593	33.25147765073737	1.706886661973142	0.2777777777777778	0.0	
29.0	35.0	2.3177519001711566	0.0	-0.06981317007977318	3.0	36.0	2.5795512879703066	0.5555555555555556	0.0	9.346267511595185	31.752955301474742	1.3578208115742765	0.5555555555555556	0.0	
7.0	14.0	0.592934189980598	0.0	0.03490658503988659	15.0	25.0	1.291065890778329	1.9444444444444444	0.0	7.765055662787246	21.852686790700186	-0.4542633612160003	0.5555555555555556	0.0	
7.0	14.0	0.592934189980598	0.0	0.03490658503988659	15.0	25.0	1.291065890778329	1.9444444444444444	0.0	11.382527831393624	23.42634339535009	-0.4542633612160003	0.5555555555555556	0.0	
7.0	14.0	0.592934189980598	0.0	0.03490658503988659	15.0	25.0	1.291065890778329	1.9444444444444444	0.0	6.956319578484058	22.440858488375234	-0.7160627490151494	0.2777777777777778	0.0	
7.0	14.0	0.592934189980598	0.0	0.03490658503988659	15.0	25.0	1.291065890778329	1.9444444444444444	0.0	8.573791747090436	21.26451509302514	-0.6287962864154331	0.8333333333333333	0.0	
35.0	13.0	2.9775201731493626	0.0	0.17453292519943295	7.0	36.0	2.628454322750496	1.1111111111111112	0.0	3.8263028831999306	32.13636872737383	0.7958586081564505	0.2777777777777778	0.0	
35.0	13.0	2.9775201731493626	0.0	0.17453292519943295	7.0	36.0	2.628454322750496	1.1111111111111112	0.0	26.730521153279973	17.20454749094953	0.9703915333558832	0.5555555555555556	0.0	
35.0	13.0	2.9775201731493626	0.0	0.17453292519943295	7.0	36.0	2.628454322750496	1.1111111111111112	0.0	25.461042306559946	15.659094981899063	0.7958586081564505	0.8333333333333333	0.0	
35.0	13.0	2.9775201731493626	0.0	0.17453292519943295	7.0	36.0	2.628454322750496	1.1111111111111112	0.0	10.826302883199931	26.386368727373828	0.7958586081564505	0.2777777777777778	0.0	
8.0	35.0	-1.8331238385177775	0.0	0.08726646259971647	10.0	12.0	-1.8331238385177775	2.2222222222222223	0.0	11.992481176391365	12.173259232729684	3.053798067066346	0.5555555555555556	0.0	
8.0	35.0	-1.8331238385177775	0.0	0.08726646259971647	10.0	12.0	-1.8331238385177775	2.2222222222222223	0.0	12.484962352782732	29.59651846545937	-3.0548543149138077	1.1111111111111112	0.0	
8.0	35.0	-1.8331238385177775	0.0	0.08726646259971647	10.0	12.0	-1.8331238385177775	2.2222222222222223	0.0	10.992481176391365	23.673259232729684	3.141064529666062	0.5555555555555556	0.0	
8.0	35.0	-1.8331238385177775	0.0	0.08726646259971647	10.0	12.0	-1.8331238385177775	2.2222222222222223	0.0	11.488721764587048	29.509888849094526	3.053798067066346	0.2777777777777778	0.0	
21.0	35.0	-2.545640521502556	0.0	0.03490658503988659	13.0	14.0	-1.4111765077062417	2.5	0.0	23.67243867464484	27.97002336204006	2.9521466222795816	1.3888888888888888	0.0	
21.0	35.0	-2.545640521502556	0.0	0.03490658503988659	13.0	14.0	-1.4111765077062417	2.5	0.0	16.868975469857936	18.538009344816025	2.864880159679865	0.5555555555555556	0.0	
21.0	35.0	-2.545640521502556	0.0	0.03490658503988659	13.0	14.0	-1.4111765077062417	2.5	0.0	18.868975469857936	23.788009344816025	2.603080771880716	0.2777777777777778	0.0	
21.0	35.0	-2.545640521502556	0.0	0.03490658503988659	13.0	14.0	-1.4111765077062417	2.5	0.0	17.803463204786905	18.182014017224034	2.603080771880716	0.5555555555555556	0.0	
19.0	37.0	-1.5253730473733196	0.0	-0.10471975511965977	20.0	15.0	-0.6527084213761549	1.6666666666666665	0.0	21.2479370804206	31.5908153218373	3.0997494704116537	0.2777777777777778	0.0	
19.0	37.0	-1.5253730473733196	0.0	-0.10471975511965977	20.0	15.0	-0.6527084213761549	1.6666666666666665	0.0	22.746905620630898	20.63622298275595	-3.0089029115684998	0.8333333333333333	0.0	
19.0	37.0	-1.5253730473733196	0.0	-0.10471975511965977	20.0	15.0	-0.6527084213761549	1.6666666666666665	0.0	21.9979370804206	15.0908153218373	-3.096169374168216	0.5555555555555556	0.0	
19.0	37.0	-1.5253730473733196	0.0	-0.10471975511965977	20.0	15.0	-0.6527084213761549	1.6666666666666665	0.0	21.4979370804206	26.0908153218373	-2.9216364489687834	0.2777777777777778	0.0	
29.0	16.0	2.976443976175166	0.0	-0.05235987755982988	5.0	20.0	-3.1322084058049873	1.1111111111111112	0.0	4.506803038083929	17.040818228503568	1.3183811867805533	0.8333333333333333	0.0	
29.0	16.0	2.976443976175166	0.0	-0.05235987755982988	5.0	20.0	-3.1322084058049873	1.1111111111111112	0.0	4.342404050778571	16.054424304671425	1.5801805745797024	0.2777777777777778	0.0	
29.0	16.0	2.976443976175166	0.0	-0.05235987755982988	5.0	20.0	-3.1322084058049873	1.1111111111111112	0.0	22.671202025389285	15.027212152335713	1.5801805745797024	0.5555555555555556	0.0	
29.0	16.0	2.976443976175166	0.0	-0.05235987755982988	5.0	20.0	-3.1322084058049873	1.1111111111111112	0.0	16.178005063473215	13.068030380839282	1.492914111979986	1.1111111111111112	0.0	
4.0	26.0	1.1071487177940904	0.0	-0.17453292519943295	9.0	36.0	0.9326157925946577	0.5555555555555556	0.0	0.7778640450004204	30.73606797749979	-0.2891146838013725	0.8333333333333333	0.0	
4.0	26.0	1.1071487177940904	0.0	-0.17453292519943295	9.0	36.0	0.9326157925946577	0.5555555555555556	0.0	5.422291236000337	37.78885438199983	-0.638180534200238	0.5555555555555556	0.0	
4.0	26.0	1.1071487177940904	0.0	-0.17453292519943295	9.0	36.0	0.9326157925946577	0.5555555555555556	0.0	1.6722912360003366	30.288854381999833	-0.2891146838013725	0.8333333333333333	0.0	
4.0	26.0	1.1071487177940904	0.0	-0.17453292519943295	9.0	36.0	0.9326157925946577	0.5555555555555556	0.0	5.9611456180001685	34.39442719099991	-0.638180534200238	0.5555555555555556	0.0	
20.0	15.0	1.603043209230151	0.0	-0.05235987755982988	4.0	30.0	2.7375072230264648	0.2777777777777778	0.0	9.94817661335601	20.311388387579747	0.7303785832329854	0.8333333333333333	0.0	
20.0	15.0	1.603043209230151	0.0	-0.05235987755982988	4.0	30.0	2.7375072230264648	0.2777777777777778	0.0	2.63211774223734	28.54092559171983	0.6431121206332691	0.2777777777777778	0.0	
20.0	15.0	1.603043209230151	0.0	-0.05235987755982988	4.0	30.0	2.7375072230264648	0.2777777777777778	0.0	14.632117742237341	17.29092559171983	0.8176450458327018	0.2777777777777778	0.0	
20.0	15.0	1.603043209230151	0.0	-0.05235987755982988	4.0	30.0	2.7375072230264648	0.2777777777777778	0.0	5.94817661335601	24.061388387579747	0.7303785832329854	0.2777777777777778	0.0	
20.0	35.0	-2.0344439357957027	0.0	0.13962634015954636	10.0	15.0	-2.0344439357957027	2.7777777777777777	0.0	12.683281572999748	13.658359213500127	2.8524779697884197	0.2777777777777778	0.0	
20.0	35.0	-2.0344439357957027	0.0	0.13962634015954636	10.0	15.0	-2.0344439357957027	2.7777777777777777	0.0	20.183281572999746	28.658359213500127	2.7652115071887033	0.5555555555555556	0.0	
20.0	35.0	-2.0344439357957027	0.0	0.13962634015954636	10.0	15.0	-2.0344439357957027	2.7777777777777777	0.0	19.288854381999833	29.105572809000083	2.7652115071887033	0.5555555555555556	0.0	
20.0	35.0	-2.0344439357957027	0.0	0.13962634015954636	10.0	15.0	-2.0344439357957027	2.7777777777777777	0.0	14.288854381999831	19.105572809000083	2.503412119389554	0.2777777777777778	0.0	
8.0	27.0	-1.4835298641951802	0.0	-0.10471975511965977	20.0	15.0	-0.43633231299858233	2.5	0.0	16.82842712474619	23.82842712474619	-2.356194490192345	0.2777777777777778	0.0	
8.0	27.0	-1.4835298641951802	0.0	-0.10471975511965977	20.0	15.0	-0.43633231299858233	2.5	0.0	16.82842712474619	23.82842712474619	-2.2689280275926285	0.5555555555555556	0.0	
8.0	27.0	-1.4835298641951802	0.0	-0.10471975511965977	20.0	15.0	-0.43633231299858233	2.5	0.0	16.82842712474619	23.82842712474619	-2.443460952792061	1.1111111111111112	0.0	
8.0	27.0	-1.4835298641951802	0.0	-0.10471975511965977	20.0	15.0	-0.43633231299858233	2.5	0.0	19.82842712474619	20.82842712474619	-2.5307274153917776	1.1111111111111112	0.0	
15.0	18.0	3.0509327663890478	0.0	-0.17453292519943295	5.0	30.0	1.8292022899930176	0.8333333333333333	0.0	8.46355744080525	22.71963120067104	0.520205350997271	0.5555555555555556	0.0	
15.0	18.0	3.0509327663890478	0.0	-0.17453292519943295	5.0	30.0	1.8292022899930176	0.8333333333333333	0.0	6.158893602013123	20.799078001677596	0.6947382761967038	1.1111111111111112	0.0	
15.0	18.0	3.0509327663890478	0.0	-0.17453292519943295	5.0	30.0	1.8292022899930176	0.8333333333333333	0.0	8.658893602013123	17.799078001677596	0.520205350997271	1.1111111111111112	0.0	
15.0	18.0	3.0509327663890478	0.0	-0.17453292519943295	5.0	30.0	1.8292022899930176	0.8333333333333333	0.0	2.695336161207874	28.079446801006558	0.6074718135969874	0.8333333333333333	0.0	
5.0	24.0	1.7285085273220444	0.0	-0.06981317007977318	11.0	34.0	0.5940445135257302	1.6666666666666665	0.0	7.785014148574912	32.52899151085505	-0.6276859628703004	0.2777777777777778	0.0	
5.0	24.0	1.7285085273220444	0.0	-0.06981317007977318	11.0	34.0	0.5940445135257302	1.6666666666666665	0.0	5.212535371437279	34.07247877713763	-0.6276859628703004	0.5555555555555556	0.0	
5.0	24.0	1.7285085273220444	0.0	-0.06981317007977318	11.0	34.0	0.5940445135257302	1.6666666666666665	0.0	3.070028297149823	28.557983021710108	-0.4531530376708677	0.5555555555555556	0.0	
5.0	24.0	1.7285085273220444	0.0	-0.06981317007977318	11.0	34.0	0.5940445135257302	1.6666666666666665	0.0	7.570028297149824	36.05798302171011	-0.540419500270584	0.8333333333333333	0.0	
26.0	37.0	-2.0641013424744203	0.0	0.12217304763960307	10.0	20.0	-1.976834879874704	1.6666666666666665	0.0	24.18459997807841	30.693905902985026	2.3864882501111193	0.5555555555555556	0.0	
26.0	37.0	-2.0641013424744203	0.0	0.12217304763960307	10.0	20.0	-1.976834879874704	1.6666666666666665	0.0	20.91279997077121	25.758541203980037	2.561021175310552	1.1111111111111112	0.0	
26.0	37.0	-2.0641013424744203	0.0	0.12217304763960307	10.0	20.0	-1.976834879874704	1.6666666666666665	0.0	21.640999963464015	25.073176504975045	2.2119553249116866	1.1111111111111112	0.0	
26.0	37.0	-2.0641013424744203	0.0	0.12217304763960307	10.0	20.0	-1.976834879874704	1.6666666666666665	0.0	11.456399985385605	18.62927060199002	2.299221787511403	0.2777777777777778	0.0	
21.0	33.0	-2.265003490164584	0.0	0.17453292519943295	15.0	20.0	-1.4796053267671359	0.5555555555555556	0.0	16.815918769000902	19.161883645076507	2.709184878019255	0.2777777777777778	0.0	
21.0	33.0	-2.265003490164584	0.0	0.17453292519943295	15.0	20.0	-1.4796053267671359	0.5555555555555556	0.0	16.815918769000902	19.161883645076507	2.709184878019255	0.2777777777777778	0.0	
21.0	33.0	-2.265003490164584	0.0	0.17453292519943295	15.0	20.0	-1.4796053267671359	0.5555555555555556	0.0	22.53979692250226	24.404709112691265	2.709184878019255	0.8333333333333333	0.0	
21.0	33.0	-2.265003490164584	0.0	0.17453292519943295	15.0	20.0	-1.4796053267671359	0.5555555555555556	0.0	19.223878153501353	21.992825467614757	2.6219184154195387	0.8333333333333333	0.0	
30.0	13.0	2.9441970937399127	0.0	0.08726646259971647	20.0	15.0	3.031463556339629	0.5555555555555556	0.0	24.41165159458545	11.05825797292724	1.1988678417455834	0.5555555555555556	0.0	
30.0	13.0	2.9441970937399127	0.0	0.08726646259971647	20.0	15.0	3.031463556339629	0.5555555555555556	0.0	24.01941932430908	9.097096621545399	1.3734007669450161	0.8333333333333333	0.0	
30.0	13.0	2.9441970937399127	0.0	0.08726646259971647	20.0	15.0	3.031463556339629	0.5555555555555556	0.0	24.215535459447267	10.077677297236319	1.4606672295447325	0.2777777777777778	0.0	
30.0	13.0	2.9441970937399127	0.0	0.08726646259971647	20.0	15.0	3.031463556339629	0.5555555555555556	0.0	19.607767729723633	13.03883864861816	1.4606672295447325	0.5555555555555556	0.0	
6.0	15.0	1.4277039283089623	0.0	-0.15707963267948966	15.0	36.0	1.864036241307545	0.0	0.0	13.161709939963885	36.787838597158334	-0.2303588610856515	0.2777777777777778	0.0	
6.0	15.0	1.4277039283089623	0.0	-0.15707963267948966	15.0	36.0	1.864036241307545	0.0	0.0	9.992564909945827	31.931757895737505	-0.579424711484517	0.5555555555555556	0.0	
6.0	15.0	1.4277039283089623	0.0	-0.15707963267948966	15.0	36.0	1.864036241307545	0.0	0.0	6.823419879927768	27.075677194316672	-0.49215824888479887	0.5555555555555556	0.0	
6.0	15.0	1.4277039283089623	0.0	-0.15707963267948966	15.0	36.0	1.864036241307545	0.0	0.0	13.161709939963885	36.787838597158334	-0.2303588610856515	0.5555555555555556	0.0	
37.0	34.0	-2.6960530280083406	0.0	0.08726646259971647	6.0	31.0	-2.6960530280083406	1.1111111111111112	0.0	29.63529677944076	29.2685999457788	1.754536564577199	1.1111111111111112	0.0	
37.0	34.0	-2.6960530280083406	0.0	0.08726646259971647	6.0	31.0	-2.6960530280083406	1.1111111111111112	0.0	6.192648389720381	29.0092999728894	1.5800036393777663	0.2777777777777778	0.0	
37.0	34.0	-2.6960530280083406	0.0	0.08726646259971647	6.0	31.0	-2.6960530280083406	1.1111111111111112	0.0	21.88529677944076	28.5185999457788	1.49273717677805	0.8333333333333333	0.0	
37.0	34.0	-2.6960530280083406	0.0	0.08726646259971647	6.0	31.0	-2.6960530280083406	1.1111111111111112	0.0	14.23162097430095	26.7732499322235	1.49273717677805	0.5555555555555556	0.0	
3.0	17.0	-0.03176795735399951	0.0	-0.13962634015954636	20.0	36.0	0.4045643556445828	2.5	0.0	3.5237934323745046	25.08397429734913	-0.5553667329522991	0.8333333333333333	0.0	
3.0	17.0	-0.03176795735399951	0.0	-0.13962634015954636	20.0	36.0	0.4045643556445828	2.5	0.0	12.023793432374504	34.58397429734913	-0.9044325833511646	1.1111111111111112	0.0	
3.0	17.0	-0.03176795735399951	0.0	-0.13962634015954636	20.0	36.0	0.4045643556445828	2.5	0.0	7.773793432374505	29.83397429734913	-0.7298996581517319	0.8333333333333333	0.0	
3.0	17.0	-0.03176795735399951	0.0	-0.13962634015954636	20.0	36.0	0.4045643556445828	2.5	0.0	14.259517372949801	32.58358971893965	-0.8171661207514482	0.2777777777777778	0.0	
9.0	27.0	1.1441688336680205	0.0	-0.15707963267948966	25.0	33.0	0.009704819871706238	1.9444444444444444	0.0	24.297753116823216	34.872658355138086	-1.124759193924607	0.2777777777777778	0.0	
9.0	27.0	1.1441688336680205	0.0	-0.15707963267948966	25.0	33.0	0.009704819871706238	1.9444444444444444	0.0	19.24438279205804	36.18164588784522	-1.386558581723758	0.8333333333333333	0.0	
9.0	27.0	1.1441688336680205	0.0	-0.15707963267948966	25.0	33.0	0.009704819871706238	1.9444444444444444	0.0	11.244382792058042	33.18164588784522	-1.386558581723758	0.5555555555555556	0.0	
9.0	27.0	1.1441688336680205	0.0	-0.15707963267948966	25.0	33.0	0.009704819871706238	1.9444444444444444	0.0	23.24438279205804	37.68164588784522	-1.2120256565243253	0.8333333333333333	0.0	
7.0	31.0	-1.5599813019986348	0.0	0.06981317007977318	10.0	15.0	-1.2981819141994855	2.7777777777777777	0.0	12.198616560802966	19.552865605150554	-2.9562447035940984	0.5555555555555556	0.0	
7.0	31.0	-1.5599813019986348	0.0	0.06981317007977318	10.0	15.0	-1.2981819141994855	2.7777777777777777	0.0	13.41436093467161	23.921442675250926	-2.868978240994382	0.8333333333333333	0.0	
7.0	31.0	-1.5599813019986348	0.0	0.06981317007977318	10.0	15.0	-1.2981819141994855	2.7777777777777777	0.0	11.965744373868644	15.36857707010037	-2.9562447035940984	0.2777777777777778	0.0	
7.0	31.0	-1.5599813019986348	0.0	0.06981317007977318	10.0	15.0	-1.2981819141994855	2.7777777777777777	0.0	12.948616560802966	15.552865605150556	-2.7817117783946657	0.5555555555555556	0.0	
21.0	34.0	-2.760364339772305	0.0	-0.15707963267948966	10.0	20.0	-1.451367400776558	1.1111111111111112	0.0	22.181591694112115	27.410892240340484	2.388356953610967	1.3888888888888888	0.0	
21.0	34.0	-2.760364339772305	0.0	-0.15707963267948966	10.0	20.0	-1.451367400776558	1.1111111111111112	0.0	15.108955016467268	21.64653534420429	2.388356953610967	0.5555555555555556	0.0	
21.0	34.0	-2.760364339772305	0.0	-0.15707963267948966	10.0	20.0	-1.451367400776558	1.1111111111111112	0.0	20.60895501646727	28.64653534420429	2.5628898788103998	0.5555555555555556	0.0	
21.0	34.0	-2.760364339772305	0.0	-0.15707963267948966	10.0	20.0	-1.451367400776558	1.1111111111111112	0.0	17.85895501646727	25.14653534420429	2.3010904910112506	0.8333333333333333	0.0	
36.0	13.0	-2.9653976305410223	0.0	0.0	8.0	26.0	2.2705901254419665	1.3888888888888888	0.0	13.315554774181484	19.121964129006273	1.3106590368450846	0.8333333333333333	0.0	
36.0	13.0	-2.9653976305410223	0.0	0.0	8.0	26.0	2.2705901254419665	1.3888888888888888	0.0	20.736666080636112	16.778973096754704	0.961593186446219	0.8333333333333333	0.0	
36.0	13.0	-2.9653976305410223	0.0	0.0	8.0	26.0	2.2705901254419665	1.3888888888888888	0.0	7.157777387090742	24.185982064503136	1.2233925742453682	0.2777777777777778	0.0	
36.0	13.0	-2.9653976305410223	0.0	0.0	8.0	26.0	2.2705901254419665	1.3888888888888888	0.0	6.736666080636113	23.278973096754704	0.961593186446219	0.2777777777777778	0.0	
36.0	15.0	-2.590539308180464	0.0	-0.017453292519943295	9.0	19.0	2.1218496722042257	2.2222222222222223	0.0	28.663805355642154	12.043186150584516	1.4237179714064947	1.1111111111111112	0.0	
36.0	15.0	-2.590539308180464	0.0	-0.017453292519943295	9.0	19.0	2.1218496722042257	2.2222222222222223	0.0	22.060354016731615	14.032389612938388	1.3364515088067783	0.8333333333333333	0.0	
36.0	15.0	-2.590539308180464	0.0	-0.017453292519943295	9.0	19.0	2.1218496722042257	2.2222222222222223	0.0	28.956902677821077	14.021593075292259	1.510984434006211	0.5555555555555556	0.0	
36.0	15.0	-2.590539308180464	0.0	-0.017453292519943295	9.0	19.0	2.1218496722042257	2.2222222222222223	0.0	22.060354016731615	14.032389612938388	1.5982508966059275	0.8333333333333333	0.0	
3.0	36.0	-2.2612427838495885	0.0	0.17453292519943295	5.0	15.0	-1.039512307453558	2.2222222222222223	0.0	5.490990945187905	30.93961818525599	-3.1339074098467528	0.2777777777777778	0.0	
3.0	36.0	-2.2612427838495885	0.0	0.17453292519943295	5.0	15.0	-1.039512307453558	2.2222222222222223	0.0	6.986486417781856	25.784427277883985	-2.95937448464732	0.2777777777777778	0.0	
3.0	36.0	-2.2612427838495885	0.0	0.17453292519943295	5.0	15.0	-1.039512307453558	2.2222222222222223	0.0	6.490990945187905	20.43961818525599	-3.1339074098467528	0.5555555555555556	0.0	
3.0	36.0	-2.2612427838495885	0.0	0.17453292519943295	5.0	15.0	-1.039512307453558	2.2222222222222223	0.0	5.990990945187905	25.68961818525599	-3.0466409472470364	0.2777777777777778	0.0	
34.0	33.0	-2.5850305767557247	0.0	-0.10471975511965977	15.0	29.0	-2.4977641141560083	0.0	0.0	15.412020962099684	27.042900430026503	1.7782925532300986	0.2777777777777778	0.0	
34.0	33.0	-2.5850305767557247	0.0	-0.10471975511965977	15.0	29.0	-2.4977641141560083	0.0	0.0	20.780052405249208	25.107251075066255	1.6037596280306659	0.8333333333333333	0.0	
34.0	33.0	-2.5850305767557247	0.0	-0.10471975511965977	15.0	29.0	-2.4977641141560083	0.0	0.0	20.574041924199367	26.085800860053006	1.9528254784295314	0.5555555555555556	0.0	
34.0	33.0	-2.5850305767557247	0.0	-0.10471975511965977	15.0	29.0	-2.4977641141560083	0.0	0.0	29.662020962099685	30.042900430026503	1.9528254784295314	0.2777777777777778	0.0	
26.0	36.0	2.6181331518003006	0.0	-0.06981317007977318	9.0	33.0	-2.356055216383538	2.5	0.0	13.597570667818095	31.780432882364128	1.5709356006037032	0.5555555555555556	0.0	
26.0	36.0	2.6181331518003006	0.0	-0.06981317007977318	9.0	33.0	-2.356055216383538	2.5	0.0	14.118926669545237	28.826082205910318	1.9200014510025687	0.5555555555555556	0.0	
26.0	36.0	2.6181331518003006	0.0	-0.06981317007977318	9.0	33.0	-2.356055216383538	2.5	0.0	18.36892666954524	29.576082205910318	1.6582020632034196	0.5555555555555556	0.0	
26.0	36.0	2.6181331518003006	0.0	-0.06981317007977318	9.0	33.0	-2.356055216383538	2.5	0.0	13.597570667818095	31.780432882364128	1.9200014510025687	0.5555555555555556	0.0	
35.0	35.0	3.1182018950156136	0.0	-0.017453292519943295	10.0	15.0	-2.4668517113662407	0.2777777777777778	0.0	31.248780190217698	26.876524762227877	2.071004343819016	0.2777777777777778	0.0	
35.0	35.0	3.1182018950156136	0.0	-0.017453292519943295	10.0	15.0	-2.4668517113662407	0.2777777777777778	0.0	29.999390095108847	28.43826238111394	2.4200701942178817	0.2777777777777778	0.0	
35.0	35.0	3.1182018950156136	0.0	-0.017453292519943295	10.0	15.0	-2.4668517113662407	0.2777777777777778	0.0	18.124085142663272	17.65739357167091	2.1582708064187326	0.2777777777777778	0.0	
35.0	35.0	3.1182018950156136	0.0	-0.017453292519943295	10.0	15.0	-2.4668517113662407	0.2777777777777778	0.0	18.124085142663272	17.65739357167091	2.245537269018449	0.2777777777777778	0.0	
12.0	36.0	-0.5086856694875208	0.0	0.12217304763960307	20.0	15.0	-1.3813502954846855	1.9444444444444444	0.0	19.737950939715873	26.923981310367953	-2.9521466222795816	1.1111111111111112	0.0	
12.0	36.0	-0.5086856694875208	0.0	0.12217304763960307	20.0	15.0	-1.3813502954846855	1.9444444444444444	0.0	19.868975469857936	20.961990655183975	-2.864880159679865	0.2777777777777778	0.0	
12.0	36.0	-0.5086856694875208	0.0	0.12217304763960307	20.0	15.0	-1.3813502954846855	1.9444444444444444	0.0	18.803463204786905	26.567985982775966	-2.864880159679865	0.2777777777777778	0.0	
12.0	36.0	-0.5086856694875208	0.0	0.12217304763960307	20.0	15.0	-1.3813502954846855	1.9444444444444444	0.0	22.67243867464484	22.02997663795994	-2.777613697080149	0.2777777777777778	0.0	
35.0	15.0	-2.8153894378413753	0.0	0.08726646259971647	10.0	20.0	3.1187300189393454	0.5555555555555556	0.0	15.269419324309082	13.847096621545399	1.5479336921444489	0.5555555555555556	0.0	
35.0	15.0	-2.8153894378413753	0.0	0.08726646259971647	10.0	20.0	3.1187300189393454	0.5555555555555556	0.0	21.715535459447267	13.577677297236319	1.4606672295447325	0.8333333333333333	0.0	
35.0	15.0	-2.8153894378413753	0.0	0.08726646259971647	10.0	20.0	3.1187300189393454	0.5555555555555556	0.0	22.107767729723633	15.53883864861816	1.3734007669450161	0.5555555555555556	0.0	
35.0	15.0	-2.8153894378413753	0.0	0.08726646259971647	10.0	20.0	3.1187300189393454	0.5555555555555556	0.0	9.607767729723633	18.03883864861816	1.1988678417455834	0.2777777777777778	0.0	
12.0	37.0	-1.0238067926224188	0.0	0.13962634015954636	14.0	19.0	-1.8092049560198669	1.6666666666666665	0.0	16.975534938694476	28.441726104299388	-3.1182018950156136	0.2777777777777778	0.0	
12.0	37.0	-1.0238067926224188	0.0	0.13962634015954636	14.0	19.0	-1.8092049560198669	1.6666666666666665	0.0	17.469418673368097	33.05215763037423	3.0777169495642562	1.1111111111111112	0.0	
12.0	37.0	-1.0238067926224188	0.0	0.13962634015954636	14.0	19.0	-1.8092049560198669	1.6666666666666665	0.0	14.487767469347238	32.720863052149696	-2.943668969816181	0.2777777777777778	0.0	
12.0	37.0	-1.0238067926224188	0.0	0.13962634015954636	14.0	19.0	-1.8092049560198669	1.6666666666666665	0.0	15.981651204020856	28.33129457822454	-3.1182018950156136	0.5555555555555556	0.0	
16.0	29.0	3.1234846701704395	0.0	-0.08726646259971647	3.0	34.0	1.9890206563741257	0.5555555555555556	0.0	7.705104603455656	26.833271968984704	1.3781554181761102	0.8333333333333333	0.0	
16.0	29.0	3.1234846701704395	0.0	-0.08726646259971647	3.0	34.0	1.9890206563741257	0.5555555555555556	0.0	10.955104603455656	25.583271968984704	1.3781554181761102	1.3888888888888888	0.0	
16.0	29.0	3.1234846701704395	0.0	-0.08726646259971647	3.0	34.0	1.9890206563741257	0.5555555555555556	0.0	2.282041841382262	32.13330878759388	1.116356030376961	0.5555555555555556	0.0	
16.0	29.0	3.1234846701704395	0.0	-0.08726646259971647	3.0	34.0	1.9890206563741257	0.5555555555555556	0.0	7.705104603455656	26.833271968984704	1.2036224929766774	0.5555555555555556	0.0	
10.0	20.0	-0.1145817586019402	0.0	0.017453292519943295	20.0	15.0	-0.8127134593996721	0.5555555555555556	0.0	14.73606797749979	23.22213595499958	-1.9471774731959863	0.5555555555555556	0.0	
10.0	20.0	-0.1145817586019402	0.0	0.017453292519943295	20.0	15.0	-0.8127134593996721	0.5555555555555556	0.0	22.23606797749979	19.47213595499958	-2.2089768609951355	0.8333333333333333	0.0	
10.0	20.0	-0.1145817586019402	0.0	0.017453292519943295	20.0	15.0	-0.8127134593996721	0.5555555555555556	0.0	14.288854381999831	22.327708763999663	-1.9471774731959863	1.1111111111111112	0.0	
10.0	20.0	-0.1145817586019402	0.0	0.017453292519943295	20.0	15.0	-0.8127134593996721	0.5555555555555556	0.0	16.341640786499873	20.183281572999746	-1.9471774731959863	0.2777777777777778	0.0	
7.0	26.0	-1.401583976188509	0.0	-0.15707963267948966	5.0	15.0	-2.4487815273851066	0.2777777777777778	0.0	8.935479640399631	14.284458247200067	2.961739153797315	1.1111111111111112	0.0	
7.0	26.0	-1.401583976188509	0.0	-0.15707963267948966	5.0	15.0	-2.4487815273851066	0.2777777777777778	0.0	9.919349550499538	14.105572809000085	2.8744726911975986	0.8333333333333333	0.0	
7.0	26.0	-1.401583976188509	0.0	-0.15707963267948966	5.0	15.0	-2.4487815273851066	0.2777777777777778	0.0	10.419349550499538	16.855572809000083	3.1362720789967478	1.3888888888888888	0.0	
7.0	26.0	-1.401583976188509	0.0	-0.15707963267948966	5.0	15.0	-2.4487815273851066	0.2777777777777778	0.0	7.951609730299722	14.463343685400051	2.8744726911975986	0.2777777777777778	0.0	
25.0	37.0	-2.041597740792987	0.0	-0.06981317007977318	10.0	23.0	-1.9543312781932705	2.5	0.0	15.796954751080033	24.306834195271392	2.4089918517925533	0.2777777777777778	0.0	
25.0	37.0	-2.041597740792987	0.0	-0.06981317007977318	10.0	23.0	-1.9543312781932705	2.5	0.0	22.61463650072002	32.03788946351426	2.4089918517925533	0.2777777777777778	0.0	
25.0	37.0	-2.041597740792987	0.0	-0.06981317007977318	10.0	23.0	-1.9543312781932705	2.5	0.0	11.364636500720023	21.53788946351426	2.4089918517925533	0.5555555555555556	0.0	
25.0	37.0	-2.041597740792987	0.0	-0.06981317007977318	10.0	23.0	-1.9543312781932705	2.5	0.0	23.979273001440045	30.575778927028523	2.4089918517925533	1.1111111111111112	0.0	
30.0	34.0	-2.8056372568724504	0.0	0.05235987755982988	5.0	20.0	-1.9329726308752857	1.3888888888888888	0.0	19.943016844659216	22.637469920251398	2.081284648711672	0.5555555555555556	0.0	
30.0	34.0	-2.8056372568724504	0.0	0.05235987755982988	5.0	20.0	-1.9329726308752857	1.3888888888888888	0.0	19.45441347572737	23.50997593620112	2.1685511113113884	1.1111111111111112	0.0	
30.0	34.0	-2.8056372568724504	0.0	0.05235987755982988	5.0	20.0	-1.9329726308752857	1.3888888888888888	0.0	13.204413475727373	20.00997593620112	2.081284648711672	0.8333333333333333	0.0	
30.0	34.0	-2.8056372568724504	0.0	0.05235987755982988	5.0	20.0	-1.9329726308752857	1.3888888888888888	0.0	7.4430168446592155	15.6374699202514	1.9067517235122393	1.1111111111111112	0.0	
5.0	15.0	1.238551201068316	0.0	-0.17453292519943295	8.0	27.0	1.5876170514671823	0.0	0.0	2.39928749927334	25.212678125181665	-0.07044573792743236	0.2777777777777778	0.0	
5.0	15.0	1.238551201068316	0.0	-0.17453292519943295	8.0	27.0	1.5876170514671823	0.0	0.0	2.6194299994186725	21.970142500145332	-0.15771220052714696	1.1111111111111112	0.0	
5.0	15.0	1.238551201068316	0.0	-0.17453292519943295	8.0	27.0	1.5876170514671823	0.0	0.0	3.3694299994186725	24.970142500145332	-0.15771220052714696	1.1111111111111112	0.0	
5.0	15.0	1.238551201068316	0.0	-0.17453292519943295	8.0	27.0	1.5876170514671823	0.0	0.0	5.089572499564005	27.727606875109	-0.15771220052714696	0.2777777777777778	0.0	
32.0	37.0	2.2689280275926285	0.0	-0.12217304763960307	6.0	37.0	-2.7925268031909276	0.0	0.0	25.5	32.0	1.4835298641951802	0.2777777777777778	0.0	
32.0	37.0	2.2689280275926285	0.0	-0.12217304763960307	6.0	37.0	-2.7925268031909276	0.0	0.0	12.5	34.0	1.3962634015954638	0.2777777777777778	0.0	
32.0	37.0	2.2689280275926285	0.0	-0.12217304763960307	6.0	37.0	-2.7925268031909276	0.0	0.0	6.0	33.0	1.4835298641951802	0.5555555555555556	0.0	
32.0	37.0	2.2689280275926285	0.0	-0.12217304763960307	6.0	37.0	-2.7925268031909276	0.0	0.0	25.5	34.0	1.5707963267948966	0.8333333333333333	0.0	
16.0	13.0	2.3396942189863825	0.0	-0.13962634015954636	6.0	31.0	1.2052302051900687	2.2222222222222223	0.0	4.129213619392312	24.07178534410684	0.6816314295917696	1.1111111111111112	0.0	
16.0	13.0	2.3396942189863825	0.0	-0.13962634015954636	6.0	31.0	1.2052302051900687	2.2222222222222223	0.0	10.877528171635387	16.043071206464102	0.5070985043923368	0.5555555555555556	0.0	
16.0	13.0	2.3396942189863825	0.0	-0.13962634015954636	6.0	31.0	1.2052302051900687	2.2222222222222223	0.0	8.377528171635387	20.543071206464102	0.3325655791929041	0.5555555555555556	0.0	
16.0	13.0	2.3396942189863825	0.0	-0.13962634015954636	6.0	31.0	1.2052302051900687	2.2222222222222223	0.0	9.129213619392312	15.07178534410684	0.41983204179262046	0.5555555555555556	0.0	
