400
20.0	24.0	2.0629545756796963	0.0	-0.06981317007977318	5.0	30.0	-2.9112337925041425	1.3888888888888888	0.0	8.007218647291793	26.64304661822948	1.1902899496825317	0.2777777777777778	0.0	
20.0	24.0	2.0629545756796963	0.0	-0.06981317007977318	5.0	30.0	-2.9112337925041425	1.3888888888888888	0.0	7.635827970937689	25.714569927344222	1.277556412282248	0.8333333333333333	0.0	
20.0	24.0	2.0629545756796963	0.0	-0.06981317007977318	5.0	30.0	-2.9112337925041425	1.3888888888888888	0.0	10.643046618229482	22.357616545573705	1.1030234870828153	0.2777777777777778	0.0	
20.0	24.0	2.0629545756796963	0.0	-0.06981317007977318	5.0	30.0	-2.9112337925041425	1.3888888888888888	0.0	11.014437294583585	23.286093236458964	1.1902899496825317	1.1111111111111112	0.0	
4.0	33.0	0.15961981908865486	0.0	0.05235987755982988	25.0	25.0	-0.7130448069085098	1.9444444444444444	0.0	15.923981310367953	32.73795093971587	-2.1093082085039736	0.5555555555555556	0.0	
4.0	33.0	0.15961981908865486	0.0	0.05235987755982988	25.0	25.0	-0.7130448069085098	1.9444444444444444	0.0	20.817985982775966	29.803463204786905	-2.1093082085039736	0.2777777777777778	0.0	
4.0	33.0	0.15961981908865486	0.0	0.05235987755982988	25.0	25.0	-0.7130448069085098	1.9444444444444444	0.0	20.817985982775966	29.803463204786905	-1.760242358105108	0.8333333333333333	0.0	
4.0	33.0	0.15961981908865486	0.0	0.05235987755982988	25.0	25.0	-0.7130448069085098	1.9444444444444444	0.0	10.317985982775964	33.8034632047869	-1.760242358105108	0.5555555555555556	0.0	
28.0	26.0	-2.977554299720299	0.0	-0.15707963267948966	15.0	25.0	3.1310980822598546	1.3888888888888888	0.0	18.633482494423685	20.26472757249209	1.6475682180646745	1.1111111111111112	0.0	
28.0	26.0	-2.977554299720299	0.0	-0.15707963267948966	15.0	25.0	3.1310980822598546	1.3888888888888888	0.0	18.403392997769473	23.255891028996835	1.4730352928652417	0.2777777777777778	0.0	
28.0	26.0	-2.977554299720299	0.0	-0.15707963267948966	15.0	25.0	3.1310980822598546	1.3888888888888888	0.0	18.480089496654212	22.258836543495256	1.6475682180646745	0.5555555555555556	0.0	
28.0	26.0	-2.977554299720299	0.0	-0.15707963267948966	15.0	25.0	3.1310980822598546	1.3888888888888888	0.0	21.883482494423685	20.51472757249209	1.560301755464958	0.5555555555555556	0.0	
32.0	4.0	2.443460952792061	0.0	-0.10471975511965977	11.0	4.0	-2.5307274153917776	2.5	0.0	26.75	2.0	1.4835298641951802	0.2777777777777778	0.0	
32.0	4.0	2.443460952792061	0.0	-0.10471975511965977	11.0	4.0	-2.5307274153917776	2.5	0.0	11.0	2.0	1.7453292519943293	0.2777777777777778	0.0	
32.0	4.0	2.443460952792061	0.0	-0.10471975511965977	11.0	4.0	-2.5307274153917776	2.5	0.0	21.5	2.0	1.4835298641951802	0.2777777777777778	0.0	
32.0	4.0	2.443460952792061	0.0	-0.10471975511965977	11.0	4.0	-2.5307274153917776	2.5	0.0	11.0	2.0	1.7453292519943293	0.2777777777777778	0.0	
4.0	27.0	-0.26711996239219493	0.0	0.05235987755982988	15.0	25.0	-0.1798534997924781	0.8333333333333333	0.0	12.607770876399966	27.467739820199814	-1.6633833639876583	0.5555555555555556	0.0	
4.0	27.0	-0.26711996239219493	0.0	0.05235987755982988	15.0	25.0	-0.1798534997924781	0.8333333333333333	0.0	13.144427190999915	30.419349550499536	-1.576116901387942	0.2777777777777778	0.0	
4.0	27.0	-0.26711996239219493	0.0	0.05235987755982988	15.0	25.0	-0.1798534997924781	0.8333333333333333	0.0	10.215541752799933	29.93547964039963	-1.576116901387942	0.8333333333333333	0.0	
4.0	27.0	-0.26711996239219493	0.0	0.05235987755982988	15.0	25.0	-0.1798534997924781	0.8333333333333333	0.0	10.394427190999915	30.919349550499536	-1.576116901387942	0.2777777777777778	0.0	
34.0	7.0	2.599583904692822	0.0	0.15707963267948966	5.0	5.0	2.337784516893673	0.8333333333333333	0.0	19.84401045807689	1.0118483578850839	1.639652816095941	0.2777777777777778	0.0	
34.0	7.0	2.599583904692822	0.0	0.15707963267948966	5.0	5.0	2.337784516893673	0.8333333333333333	0.0	12.456406274846135	2.5071090147310504	1.639652816095941	0.8333333333333333	0.0	
34.0	7.0	2.599583904692822	0.0	0.15707963267948966	5.0	5.0	2.337784516893673	0.8333333333333333	0.0	26.956406274846135	3.5071090147310504	1.4651198908965082	0.8333333333333333	0.0	
34.0	7.0	2.599583904692822	0.0	0.15707963267948966	5.0	5.0	2.337784516893673	0.8333333333333333	0.0	12.456406274846135	2.5071090147310504	1.5523863534962246	0.2777777777777778	0.0	
37.0	25.0	2.684562041767318	0.0	0.17453292519943295	22.0	24.0	-2.4641592516159543	2.5	0.0	22.19955703157132	21.006644526430172	1.8118974157701526	0.2777777777777778	0.0	
37.0	25.0	2.684562041767318	0.0	0.17453292519943295	22.0	24.0	-2.4641592516159543	2.5	0.0	29.633038021047547	22.504429684286784	1.8118974157701526	0.2777777777777778	0.0	
37.0	25.0	2.684562041767318	0.0	0.17453292519943295	22.0	24.0	-2.4641592516159543	2.5	0.0	33.58259505261887	19.761074210716956	1.8118974157701526	0.8333333333333333	0.0	
37.0	25.0	2.684562041767318	0.0	0.17453292519943295	22.0	24.0	-2.4641592516159543	2.5	0.0	29.633038021047547	22.504429684286784	1.6373644905707199	0.5555555555555556	0.0	
9.0	37.0	-0.5632821349210317	0.0	0.0	20.0	27.0	-0.9996144479196145	2.7777777777777777	0.0	22.69069117598525	29.959760293583773	-2.2213449243156447	1.1111111111111112	0.0	
9.0	37.0	-0.5632821349210317	0.0	0.0	20.0	27.0	-0.9996144479196145	2.7777777777777777	0.0	13.768018381988938	36.71982022018783	-2.483144312114794	0.8333333333333333	0.0	
9.0	37.0	-0.5632821349210317	0.0	0.0	20.0	27.0	-0.9996144479196145	2.7777777777777777	0.0	23.363363969981563	30.69970036697972	-2.483144312114794	1.1111111111111112	0.0	
9.0	37.0	-0.5632821349210317	0.0	0.0	20.0	27.0	-0.9996144479196145	2.7777777777777777	0.0	17.19069117598525	34.95976029358378	-2.2213449243156447	0.5555555555555556	0.0	
9.0	5.0	-0.3669968986162835	0.0	-0.017453292519943295	28.0	8.0	0.9420000403794635	2.5	0.0	27.376149706107956	11.951051861316277	-1.4141944498128822	1.1111111111111112	0.0	
9.0	5.0	-0.3669968986162835	0.0	-0.017453292519943295	28.0	8.0	0.9420000403794635	2.5	0.0	27.532112279580968	10.963288895987207	-1.326927987213164	0.5555555555555556	0.0	
9.0	5.0	-0.3669968986162835	0.0	-0.017453292519943295	28.0	8.0	0.9420000403794635	2.5	0.0	27.220187132634948	12.938814826645345	-1.4141944498128822	1.1111111111111112	0.0	
9.0	5.0	-0.3669968986162835	0.0	-0.017453292519943295	28.0	8.0	0.9420000403794635	2.5	0.0	27.68807485305398	9.975525930658138	-1.4141944498128822	0.5555555555555556	0.0	
12.0	25.0	-0.8329812666744316	0.0	0.17453292519943295	33.0	24.0	-0.04758310327698334	0.0	0.0	27.987825747077245	29.244340688622188	-1.7929123552713122	0.8333333333333333	0.0	
12.0	25.0	-0.8329812666744316	0.0	0.17453292519943295	33.0	24.0	-0.04758310327698334	0.0	0.0	22.690260597661794	28.49547255089775	-1.6183794300718795	0.2777777777777778	0.0	
12.0	25.0	-0.8329812666744316	0.0	0.17453292519943295	33.0	24.0	-0.04758310327698334	0.0	0.0	17.440260597661794	28.74547255089775	-1.4438465048724467	0.2777777777777778	0.0	
12.0	25.0	-0.8329812666744316	0.0	0.17453292519943295	33.0	24.0	-0.04758310327698334	0.0	0.0	17.392695448246347	27.746604413173312	-1.7929123552713122	0.8333333333333333	0.0	
14.0	37.0	-1.0678958500204905	0.0	-0.10471975511965977	15.0	22.0	-2.115093401217088	0.0	0.0	16.495570315713216	29.633038021047547	-2.900491564614537	0.2777777777777778	0.0	
14.0	37.0	-1.0678958500204905	0.0	-0.10471975511965977	15.0	22.0	-2.115093401217088	0.0	0.0	16.495570315713216	29.633038021047547	3.0336278921661837	0.2777777777777778	0.0	
14.0	37.0	-1.0678958500204905	0.0	-0.10471975511965977	15.0	22.0	-2.115093401217088	0.0	0.0	17.493355473569828	29.69955703157132	3.0336278921661837	0.5555555555555556	0.0	
14.0	37.0	-1.0678958500204905	0.0	-0.10471975511965977	15.0	22.0	-2.115093401217088	0.0	0.0	17.493355473569828	29.69955703157132	-3.07502448981397	0.8333333333333333	0.0	
33.0	4.0	-3.0900253036694005	0.0	0.017453292519943295	5.0	5.0	2.4077618401127374	1.3888888888888888	0.0	4.892925408462763	2.0019114369573514	1.36056428891614	0.2777777777777778	0.0	
33.0	4.0	-3.0900253036694005	0.0	0.017453292519943295	5.0	5.0	2.4077618401127374	1.3888888888888888	0.0	18.821542347437937	-0.4968142717377475	1.36056428891614	1.3888888888888888	0.0	
33.0	4.0	-3.0900253036694005	0.0	0.017453292519943295	5.0	5.0	2.4077618401127374	1.3888888888888888	0.0	11.928616938975175	2.7512742913049006	1.36056428891614	0.2777777777777778	0.0	
33.0	4.0	-3.0900253036694005	0.0	0.017453292519943295	5.0	5.0	2.4077618401127374	1.3888888888888888	0.0	11.857233877950351	0.7525485826098017	1.36056428891614	0.5555555555555556	0.0	
25.0	26.0	2.8569306311401963	0.0	0.10471975511965977	5.0	30.0	2.4205983181416144	0.5555555555555556	0.0	9.215535459447265	25.07767729723632	1.3734007669450161	1.1111111111111112	0.0	
25.0	26.0	2.8569306311401963	0.0	0.10471975511965977	5.0	30.0	2.4205983181416144	0.5555555555555556	0.0	14.019419324309082	23.097096621545397	1.2861343043452997	0.5555555555555556	0.0	
25.0	26.0	2.8569306311401963	0.0	0.10471975511965977	5.0	30.0	2.4205983181416144	0.5555555555555556	0.0	4.411651594585449	27.05825797292724	1.4606672295447325	0.8333333333333333	0.0	
25.0	26.0	2.8569306311401963	0.0	0.10471975511965977	5.0	30.0	2.4205983181416144	0.5555555555555556	0.0	19.01941932430908	22.097096621545397	1.1988678417455834	0.2777777777777778	0.0	
14.0	6.0	-0.8726646259971647	0.0	-0.05235987755982988	34.0	6.0	0.34906585039886595	2.2222222222222223	0.0	24.0	11.0	-1.3962634015954638	0.8333333333333333	0.0	
14.0	6.0	-0.8726646259971647	0.0	-0.05235987755982988	34.0	6.0	0.34906585039886595	2.2222222222222223	0.0	34.0	11.0	-1.7453292519943293	0.8333333333333333	0.0	
14.0	6.0	-0.8726646259971647	0.0	-0.05235987755982988	34.0	6.0	0.34906585039886595	2.2222222222222223	0.0	19.0	11.0	-1.3962634015954638	0.2777777777777778	0.0	
14.0	6.0	-0.8726646259971647	0.0	-0.05235987755982988	34.0	6.0	0.34906585039886595	2.2222222222222223	0.0	19.0	11.0	-1.5707963267948966	1.1111111111111112	0.0	
16.0	34.0	2.3911950299376086	0.0	0.10471975511965977	3.0	37.0	-2.4957268756465147	1.3888888888888888	0.0	8.600561973204968	31.60243521722152	1.4312639413407275	0.2777777777777778	0.0	
16.0	34.0	2.3911950299376086	0.0	0.10471975511965977	3.0	37.0	-2.4957268756465147	1.3888888888888888	0.0	2.325421479903726	34.07682641291614	1.518530403940444	0.8333333333333333	0.0	
16.0	34.0	2.3911950299376086	0.0	0.10471975511965977	3.0	37.0	-2.4957268756465147	1.3888888888888888	0.0	1.8757024665062105	32.128044021526904	1.4312639413407275	1.3888888888888888	0.0	
16.0	34.0	2.3911950299376086	0.0	0.10471975511965977	3.0	37.0	-2.4957268756465147	1.3888888888888888	0.0	2.550280986602484	35.05121760861076	1.4312639413407275	0.2777777777777778	0.0	
3.0	24.0	-0.7625585402232851	0.0	0.08726646259971647	34.0	22.0	-0.41349268982441956	1.9444444444444444	0.0	26.378764555995932	24.495850617936917	-1.722489628820167	0.5555555555555556	0.0	
3.0	24.0	-0.7625585402232851	0.0	0.08726646259971647	34.0	22.0	-0.41349268982441956	1.9444444444444444	0.0	34.1931468339939	24.993775926905375	-1.722489628820167	0.8333333333333333	0.0	
3.0	24.0	-0.7625585402232851	0.0	0.08726646259971647	34.0	22.0	-0.41349268982441956	1.9444444444444444	0.0	34.12876455599593	23.995850617936917	-1.8097560914198834	0.5555555555555556	0.0	
3.0	24.0	-0.7625585402232851	0.0	0.08726646259971647	34.0	22.0	-0.41349268982441956	1.9444444444444444	0.0	34.32191138998983	26.98962654484229	-1.4606902410210179	0.8333333333333333	0.0	
34.0	6.0	2.900491564614537	0.0	0.08726646259971647	4.0	8.0	2.2023598638168043	2.7777777777777777	0.0	18.733923957904906	3.008859368573564	1.4169617004193569	0.2777777777777778	0.0	
34.0	6.0	2.900491564614537	0.0	0.08726646259971647	4.0	8.0	2.2023598638168043	2.7777777777777777	0.0	18.733923957904906	3.008859368573564	1.3296952378196405	0.2777777777777778	0.0	
34.0	6.0	2.900491564614537	0.0	0.08726646259971647	4.0	8.0	2.2023598638168043	2.7777777777777777	0.0	26.167404947381133	1.5110742107169548	1.3296952378196405	0.5555555555555556	0.0	
34.0	6.0	2.900491564614537	0.0	0.08726646259971647	4.0	8.0	2.2023598638168043	2.7777777777777777	0.0	18.667404947381133	2.011074210716955	1.4169617004193569	0.5555555555555556	0.0	
8.0	30.0	-0.03468340098877487	0.0	-0.17453292519943295	18.0	21.0	-1.3436803399845219	2.7777777777777777	0.0	20.6758589264898	23.973176584988664	-2.478144353780836	0.8333333333333333	0.0	
8.0	30.0	-0.03468340098877487	0.0	-0.17453292519943295	18.0	21.0	-1.3436803399845219	2.7777777777777777	0.0	17.50689419486735	25.479882438741498	-2.1290785033819706	0.5555555555555556	0.0	
8.0	30.0	-0.03468340098877487	0.0	-0.17453292519943295	18.0	21.0	-1.3436803399845219	2.7777777777777777	0.0	12.50689419486735	29.979882438741498	-2.3908778911811197	0.2777777777777778	0.0	
8.0	30.0	-0.03468340098877487	0.0	-0.17453292519943295	18.0	21.0	-1.3436803399845219	2.7777777777777777	0.0	17.50689419486735	25.479882438741498	-2.478144353780836	0.5555555555555556	0.0	
24.0	7.0	2.9502390037180746	0.0	-0.017453292519943295	8.0	3.0	-2.6348146026637793	0.8333333333333333	0.0	8.727606875109	0.08957249956400437	1.8157749899217608	0.8333333333333333	0.0	
24.0	7.0	2.9502390037180746	0.0	-0.017453292519943295	8.0	3.0	-2.6348146026637793	0.8333333333333333	0.0	8.727606875109	0.08957249956400437	1.9030414525214772	0.5555555555555556	0.0	
24.0	7.0	2.9502390037180746	0.0	-0.017453292519943295	8.0	3.0	-2.6348146026637793	0.8333333333333333	0.0	12.727606875109	1.0895724995640044	1.641242064722328	0.8333333333333333	0.0	
24.0	7.0	2.9502390037180746	0.0	-0.017453292519943295	8.0	3.0	-2.6348146026637793	0.8333333333333333	0.0	16.727606875109	2.0895724995640044	1.641242064722328	0.8333333333333333	0.0	
7.0	37.0	-1.208252089530389	0.0	-0.017453292519943295	27.0	28.0	0.013478386865641845	1.3888888888888888	0.0	14.05182338664399	39.309607525875535	-2.1681831781272702	1.3888888888888888	0.0	
7.0	37.0	-1.208252089530389	0.0	-0.017453292519943295	27.0	28.0	0.013478386865641845	1.3888888888888888	0.0	27.820729354657598	29.823843010350213	-1.9936502529278375	0.5555555555555556	0.0	
7.0	37.0	-1.208252089530389	0.0	-0.017453292519943295	27.0	28.0	0.013478386865641845	1.3888888888888888	0.0	24.05182338664399	34.809607525875535	-2.1681831781272702	1.3888888888888888	0.0	
7.0	37.0	-1.208252089530389	0.0	-0.017453292519943295	27.0	28.0	0.013478386865641845	1.3888888888888888	0.0	27.820729354657598	29.823843010350213	-1.8191173277284047	0.2777777777777778	0.0	
30.0	23.0	2.9919073809941192	0.0	-0.15707963267948966	14.0	24.0	-3.029478538386318	0.2777777777777778	0.0	13.750486855379277	20.007789686068445	1.3338445915995063	0.2777777777777778	0.0	
30.0	23.0	2.9919073809941192	0.0	-0.15707963267948966	14.0	24.0	-3.029478538386318	0.2777777777777778	0.0	21.75048685537928	19.507789686068445	1.4211110541992227	0.2777777777777778	0.0	
30.0	23.0	2.9919073809941192	0.0	-0.15707963267948966	14.0	24.0	-3.029478538386318	0.2777777777777778	0.0	13.812865141534457	21.005842264551333	1.5956439793986554	0.2777777777777778	0.0	
30.0	23.0	2.9919073809941192	0.0	-0.15707963267948966	14.0	24.0	-3.029478538386318	0.2777777777777778	0.0	21.688108569224095	18.509737107585558	1.6829104419983718	0.5555555555555556	0.0	
23.0	4.0	-2.9422120757866006	0.0	0.17453292519943295	7.0	5.0	2.6428415305952537	2.5	0.0	18.688108569224095	-0.7402628924144423	1.3338445915995063	0.8333333333333333	0.0	
23.0	4.0	-2.9422120757866006	0.0	0.17453292519943295	7.0	5.0	2.6428415305952537	2.5	0.0	14.812865141534457	1.5058422645513345	1.5956439793986554	0.2777777777777778	0.0	
23.0	4.0	-2.9422120757866006	0.0	0.17453292519943295	7.0	5.0	2.6428415305952537	2.5	0.0	18.81286514153446	1.2558422645513345	1.6829104419983718	0.5555555555555556	0.0	
23.0	4.0	-2.9422120757866006	0.0	0.17453292519943295	7.0	5.0	2.6428415305952537	2.5	0.0	18.75048685537928	0.2577896860684459	1.4211110541992227	0.8333333333333333	0.0	
6.0	33.0	0.17453292519943275	0.0	-0.05235987755982988	17.0	33.0	-0.17453292519943275	1.9444444444444444	0.0	11.5	36.0	-1.7453292519943293	0.2777777777777778	0.0	
6.0	33.0	0.17453292519943275	0.0	-0.05235987755982988	17.0	33.0	-0.17453292519943275	1.9444444444444444	0.0	11.5	37.0	-1.4835298641951802	0.2777777777777778	0.0	
6.0	33.0	0.17453292519943275	0.0	-0.05235987755982988	17.0	33.0	-0.17453292519943275	1.9444444444444444	0.0	11.5	38.0	-1.5707963267948966	1.1111111111111112	0.0	
6.0	33.0	0.17453292519943275	0.0	-0.05235987755982988	17.0	33.0	-0.17453292519943275	1.9444444444444444	0.0	8.75	35.0	-1.658062789394613	0.2777777777777778	0.0	
29.0	22.0	-3.1089567829945244	0.0	-0.017453292519943295	8.0	25.0	-3.1089567829945244	1.9444444444444444	0.0	17.934314575050763	19.540202025355335	1.6034321973901653	0.2777777777777778	0.0	
29.0	22.0	-3.1089567829945244	0.0	-0.017453292519943295	8.0	25.0	-3.1089567829945244	1.9444444444444444	0.0	12.542893218813452	19.300252531694166	1.6034321973901653	0.5555555555555556	0.0	
29.0	22.0	-3.1089567829945244	0.0	-0.017453292519943295	8.0	25.0	-3.1089567829945244	1.9444444444444444	0.0	23.46715728752538	20.770101012677667	1.4288992721907325	0.5555555555555556	0.0	
29.0	22.0	-3.1089567829945244	0.0	-0.017453292519943295	8.0	25.0	-3.1089567829945244	1.9444444444444444	0.0	7.292893218813452	20.050252531694166	1.4288992721907325	1.1111111111111112	0.0	
6.0	23.0	0.04105676508607825	0.0	0.017453292519943295	37.0	27.0	0.7391884658838102	0.8333333333333333	0.0	13.494057324739607	25.98355573326805	-1.2679401739096683	0.5555555555555556	0.0	
6.0	23.0	0.04105676508607825	0.0	0.017453292519943295	37.0	27.0	0.7391884658838102	0.8333333333333333	0.0	36.488114649479215	30.9671114665361	-1.442473099109102	0.8333333333333333	0.0	
6.0	23.0	0.04105676508607825	0.0	0.017453292519943295	37.0	27.0	0.7391884658838102	0.8333333333333333	0.0	36.360143311849015	31.958889333170127	-1.6170060243085347	0.2777777777777778	0.0	
6.0	23.0	0.04105676508607825	0.0	0.017453292519943295	37.0	27.0	0.7391884658838102	0.8333333333333333	0.0	28.61014331184902	30.958889333170127	-1.6170060243085347	0.5555555555555556	0.0	
31.0	24.0	2.6529944177367577	0.0	0.12217304763960307	5.0	30.0	-3.1065921138445294	0.5555555555555556	0.0	10.37570246650621	23.6280440215269	1.4312639413407275	1.1111111111111112	0.0	
31.0	24.0	2.6529944177367577	0.0	0.12217304763960307	5.0	30.0	-3.1065921138445294	0.5555555555555556	0.0	23.600561973204968	21.60243521722152	1.3439974787410112	0.8333333333333333	0.0	
31.0	24.0	2.6529944177367577	0.0	0.12217304763960307	5.0	30.0	-3.1065921138445294	0.5555555555555556	0.0	10.600561973204968	24.60243521722152	1.1694645535415784	0.8333333333333333	0.0	
31.0	24.0	2.6529944177367577	0.0	0.12217304763960307	5.0	30.0	-3.1065921138445294	0.5555555555555556	0.0	3.8757024665062105	25.1280440215269	1.3439974787410112	0.2777777777777778	0.0	
12.0	30.0	-1.1525719972156674	0.0	0.05235987755982988	25.0	25.0	0.24369140437979597	2.7777777777777777	0.0	19.217958158617737	29.36669121240612	-1.763437235413683	0.2777777777777778	0.0	
12.0	30.0	-1.1525719972156674	0.0	0.05235987755982988	25.0	25.0	0.24369140437979597	2.7777777777777777	0.0	19.935916317235478	31.233382424812238	-1.763437235413683	1.1111111111111112	0.0	
12.0	30.0	-1.1525719972156674	0.0	0.05235987755982988	25.0	25.0	0.24369140437979597	2.7777777777777777	0.0	26.076937237926607	27.80003681860918	-2.1125030858125484	0.5555555555555556	0.0	
12.0	30.0	-1.1525719972156674	0.0	0.05235987755982988	25.0	25.0	0.24369140437979597	2.7777777777777777	0.0	25.717958158617737	26.86669121240612	-1.763437235413683	0.2777777777777778	0.0	
35.0	23.0	2.900491564614537	0.0	-0.12217304763960307	5.0	25.0	-2.9463614295664673	1.6666666666666665	0.0	27.167404947381133	18.511074210716956	1.5914946256187896	1.1111111111111112	0.0	
35.0	23.0	2.900491564614537	0.0	-0.12217304763960307	5.0	25.0	-2.9463614295664673	1.6666666666666665	0.0	12.366961978952453	22.504429684286784	1.5042281630190732	0.2777777777777778	0.0	
35.0	23.0	2.900491564614537	0.0	-0.12217304763960307	5.0	25.0	-2.9463614295664673	1.6666666666666665	0.0	4.80044296842868	22.006644526430172	1.5042281630190732	0.8333333333333333	0.0	
35.0	23.0	2.900491564614537	0.0	-0.12217304763960307	5.0	25.0	-2.9463614295664673	1.6666666666666665	0.0	4.733923957904906	21.008859368573564	1.3296952378196405	0.5555555555555556	0.0	
37.0	7.0	-2.4567883777338375	0.0	0.03490658503988659	10.0	5.0	3.0409987660483004	2.5	0.0	16.971615056545936	2.508196736629873	1.732001827052553	0.2777777777777778	0.0	
37.0	7.0	-2.4567883777338375	0.0	0.03490658503988659	10.0	5.0	3.0409987660483004	2.5	0.0	30.545486742061247	2.510928982173164	1.8192682896522694	0.8333333333333333	0.0	
37.0	7.0	-2.4567883777338375	0.0	0.03490658503988659	10.0	5.0	3.0409987660483004	2.5	0.0	10.369358427576557	0.013661227716454505	1.8192682896522694	1.1111111111111112	0.0	
37.0	7.0	-2.4567883777338375	0.0	0.03490658503988659	10.0	5.0	3.0409987660483004	2.5	0.0	23.721615056545936	3.008196736629873	1.732001827052553	0.5555555555555556	0.0	
10.0	29.0	-0.8955272606476123	0.0	-0.12217304763960307	30.0	25.0	0.41346967834813464	1.3888888888888888	0.0	20.392232270276367	28.96116135138184	-1.9427248118442098	0.5555555555555556	0.0	
10.0	29.0	-0.8955272606476123	0.0	-0.12217304763960307	30.0	25.0	0.41346967834813464	1.3888888888888888	0.0	25.784464540552737	29.92232270276368	-1.5936589614453442	0.2777777777777778	0.0	
10.0	29.0	-0.8955272606476123	0.0	-0.12217304763960307	30.0	25.0	0.41346967834813464	1.3888888888888888	0.0	15.784464540552735	31.92232270276368	-1.8554583492444934	0.5555555555555556	0.0	
10.0	29.0	-0.8955272606476123	0.0	-0.12217304763960307	30.0	25.0	0.41346967834813464	1.3888888888888888	0.0	30.392232270276367	26.96116135138184	-1.8554583492444934	0.2777777777777778	0.0	
20.0	26.0	2.8809902618424523	0.0	-0.05235987755982988	5.0	30.0	3.055523187041885	0.0	0.0	3.9693493977586716	26.135060241595014	1.4847268602469885	0.5555555555555556	0.0	
20.0	26.0	2.8809902618424523	0.0	-0.05235987755982988	5.0	30.0	3.055523187041885	0.0	0.0	11.727012048319004	25.10129518119626	1.4847268602469885	0.2777777777777778	0.0	
20.0	26.0	2.8809902618424523	0.0	-0.05235987755982988	5.0	30.0	3.055523187041885	0.0	0.0	4.227012048319004	27.10129518119626	1.3101939350475558	0.8333333333333333	0.0	
20.0	26.0	2.8809902618424523	0.0	-0.05235987755982988	5.0	30.0	3.055523187041885	0.0	0.0	15.734674698879335	25.067530120797507	1.135661009848123	0.2777777777777778	0.0	
10.0	7.0	0.6857295109062864	0.0	-0.08726646259971647	30.0	5.0	-0.4487345028900278	0.2777777777777778	0.0	30.398014876083995	8.980148760839956	-1.4959320540866257	1.1111111111111112	0.0	
10.0	7.0	0.6857295109062864	0.0	-0.08726646259971647	30.0	5.0	-0.4487345028900278	0.2777777777777778	0.0	15.398014876083995	10.480148760839956	-1.8449979044854912	0.8333333333333333	0.0	
10.0	7.0	0.6857295109062864	0.0	-0.08726646259971647	30.0	5.0	-0.4487345028900278	0.2777777777777778	0.0	15.497518595104994	11.475185951049946	-1.7577314418857748	1.1111111111111112	0.0	
10.0	7.0	0.6857295109062864	0.0	-0.08726646259971647	30.0	5.0	-0.4487345028900278	0.2777777777777778	0.0	20.497518595104992	10.975185951049946	-1.583198516686342	1.1111111111111112	0.0	
8.0	23.0	0.36502484821329206	0.0	-0.03490658503988659	22.0	22.0	-0.7694391655830222	1.1111111111111112	0.0	22.356235249939548	26.987293499153676	-1.467570866380754	0.2777777777777778	0.0	
8.0	23.0	0.36502484821329206	0.0	-0.03490658503988659	22.0	22.0	-0.7694391655830222	1.1111111111111112	0.0	22.14249409997582	23.99491739966147	-1.7293702541799032	0.2777777777777778	0.0	
8.0	23.0	0.36502484821329206	0.0	-0.03490658503988659	22.0	22.0	-0.7694391655830222	1.1111111111111112	0.0	11.71374114996373	25.742376099492205	-1.6421037915801868	0.2777777777777778	0.0	
8.0	23.0	0.36502484821329206	0.0	-0.03490658503988659	22.0	22.0	-0.7694391655830222	1.1111111111111112	0.0	11.642494099975819	24.74491739966147	-1.6421037915801868	0.5555555555555556	0.0	
20.0	4.0	0.29888791974619444	0.0	-0.13962634015954636	36.0	6.0	0.12435499454676124	2.5	0.0	31.751930530821582	7.484555753427335	-1.5337077948478512	0.2777777777777778	0.0	
20.0	4.0	0.29888791974619444	0.0	-0.13962634015954636	36.0	6.0	0.12435499454676124	2.5	0.0	27.503861061643164	8.96911150685467	-1.5337077948478512	0.2777777777777778	0.0	
20.0	4.0	0.29888791974619444	0.0	-0.13962634015954636	36.0	6.0	0.12435499454676124	2.5	0.0	31.379826327053955	10.461389383568338	-1.6209742574475676	0.8333333333333333	0.0	
20.0	4.0	0.29888791974619444	0.0	-0.13962634015954636	36.0	6.0	0.12435499454676124	2.5	0.0	27.627895796232373	7.976833630141003	-1.5337077948478512	0.5555555555555556	0.0	
26.0	26.0	2.6804126879874515	0.0	0.10471975511965977	10.0	25.0	-2.73010799319497	0.5555555555555556	0.0	22.3118914307759	20.759737107585558	1.8077480619902868	0.8333333333333333	0.0	
26.0	26.0	2.6804126879874515	0.0	0.10471975511965977	10.0	25.0	-2.73010799319497	0.5555555555555556	0.0	22.18713485846554	22.755842264551333	1.5459486741911377	0.8333333333333333	0.0	
26.0	26.0	2.6804126879874515	0.0	0.10471975511965977	10.0	25.0	-2.73010799319497	0.5555555555555556	0.0	18.18713485846554	22.505842264551333	1.633215136790854	0.5555555555555556	0.0	
26.0	26.0	2.6804126879874515	0.0	0.10471975511965977	10.0	25.0	-2.73010799319497	0.5555555555555556	0.0	18.3118914307759	20.509737107585558	1.4586822115914213	0.2777777777777778	0.0	
36.0	23.0	-2.883186690391672	0.0	-0.15707963267948966	3.0	26.0	-2.7086537651922393	0.5555555555555556	0.0	10.978392761872444	22.26232038059689	1.3056035143947184	0.8333333333333333	0.0	
36.0	23.0	-2.883186690391672	0.0	-0.15707963267948966	3.0	26.0	-2.7086537651922393	0.5555555555555556	0.0	19.31892850791496	22.508213587064592	1.654669364793584	0.5555555555555556	0.0	
36.0	23.0	-2.883186690391672	0.0	-0.15707963267948966	3.0	26.0	-2.7086537651922393	0.5555555555555556	0.0	10.887857015829924	21.266427174129184	1.4801364395941512	0.8333333333333333	0.0	
36.0	23.0	-2.883186690391672	0.0	-0.15707963267948966	3.0	26.0	-2.7086537651922393	0.5555555555555556	0.0	2.6378570158299253	22.016427174129184	1.4801364395941512	0.2777777777777778	0.0	
7.0	30.0	0.28911468380137295	0.0	-0.10471975511965977	22.0	25.0	0.02731529600222382	1.3888888888888888	0.0	12.014911064067352	32.54473319220205	-1.718013955992106	0.8333333333333333	0.0	
7.0	30.0	0.28911468380137295	0.0	-0.10471975511965977	22.0	25.0	0.02731529600222382	1.3888888888888888	0.0	22.632455532033674	26.897366596101026	-1.718013955992106	0.2777777777777778	0.0	
7.0	30.0	0.28911468380137295	0.0	-0.10471975511965977	22.0	25.0	0.02731529600222382	1.3888888888888888	0.0	11.698683298050513	31.59604989415154	-1.979813343791255	0.8333333333333333	0.0	
7.0	30.0	0.28911468380137295	0.0	-0.10471975511965977	22.0	25.0	0.02731529600222382	1.3888888888888888	0.0	11.382455532033676	30.647366596101026	-1.718013955992106	0.5555555555555556	0.0	
9.0	3.0	0.5606873075453436	0.0	-0.017453292519943295	25.0	5.0	-0.1374443932523879	0.0	0.0	12.379826327053957	8.461389383568338	-1.2719084070487021	1.3888888888888888	0.0	
9.0	3.0	0.5606873075453436	0.0	-0.017453292519943295	25.0	5.0	-0.1374443932523879	0.0	0.0	24.751930530821582	6.984555753427335	-1.3591748696484185	0.2777777777777778	0.0	
9.0	3.0	0.5606873075453436	0.0	-0.017453292519943295	25.0	5.0	-0.1374443932523879	0.0	0.0	16.627895796232373	6.976833630141003	-1.6209742574475676	0.5555555555555556	0.0	
9.0	3.0	0.5606873075453436	0.0	-0.017453292519943295	25.0	5.0	-0.1374443932523879	0.0	0.0	12.751930530821582	5.484555753427335	-1.6209742574475676	0.2777777777777778	0.0	
3.0	35.0	-1.1847103605221008	0.0	-0.05235987755982988	17.0	22.0	-0.22477927192521951	2.2222222222222223	0.0	16.22180439746911	28.181173966505195	-2.4937072995178475	0.8333333333333333	0.0	
3.0	35.0	-1.1847103605221008	0.0	-0.05235987755982988	17.0	22.0	-0.22477927192521951	2.2222222222222223	0.0	16.22180439746911	28.181173966505195	-2.144641449118982	0.8333333333333333	0.0	
3.0	35.0	-1.1847103605221008	0.0	-0.05235987755982988	17.0	22.0	-0.22477927192521951	2.2222222222222223	0.0	7.860902198734555	33.2155869832526	-2.144641449118982	0.5555555555555556	0.0	
3.0	35.0	-1.1847103605221008	0.0	-0.05235987755982988	17.0	22.0	-0.22477927192521951	2.2222222222222223	0.0	9.90225549683639	35.413967458131495	-2.2319079117186984	1.3888888888888888	0.0	
11.0	33.0	-1.056902371068304	0.0	0.08726646259971647	35.0	24.0	-0.09697128247142306	0.5555555555555556	0.0	30.404493766353568	29.995316710276178	-1.9295669970654687	1.1111111111111112	0.0	
11.0	33.0	-1.056902371068304	0.0	0.08726646259971647	35.0	24.0	-0.09697128247142306	0.5555555555555556	0.0	30.75561720794196	30.93164588784522	-1.9295669970654687	0.5555555555555556	0.0	
11.0	33.0	-1.056902371068304	0.0	0.08726646259971647	35.0	24.0	-0.09697128247142306	0.5555555555555556	0.0	18.404493766353568	34.49531671027618	-1.8423005344657524	0.5555555555555556	0.0	
11.0	33.0	-1.056902371068304	0.0	0.08726646259971647	35.0	24.0	-0.09697128247142306	0.5555555555555556	0.0	29.702246883176784	28.12265835513809	-2.1040999222649015	0.5555555555555556	0.0	
31.0	6.0	-2.9299711964433155	0.0	0.12217304763960307	7.0	3.0	2.9168817977376884	0.8333333333333333	0.0	19.496138938356832	0.5308884931453295	1.869684246541091	1.1111111111111112	0.0	
31.0	6.0	-2.9299711964433155	0.0	0.12217304763960307	7.0	3.0	2.9168817977376884	0.8333333333333333	0.0	7.372104203767625	0.023166369858997005	1.6951513213416582	0.5555555555555556	0.0	
31.0	6.0	-2.9299711964433155	0.0	0.12217304763960307	7.0	3.0	2.9168817977376884	0.8333333333333333	0.0	19.372104203767623	1.523166369858997	1.7824177839413746	0.5555555555555556	0.0	
31.0	6.0	-2.9299711964433155	0.0	0.12217304763960307	7.0	3.0	2.9168817977376884	0.8333333333333333	0.0	13.372104203767625	0.773166369858997	1.6078848587419419	0.2777777777777778	0.0	
3.0	4.0	0.43633231299858233	0.0	0.05235987755982988	36.0	4.0	-0.34906585039886595	1.9444444444444444	0.0	19.5	7.0	-1.4835298641951802	0.8333333333333333	0.0	
3.0	4.0	0.43633231299858233	0.0	0.05235987755982988	36.0	4.0	-0.34906585039886595	1.9444444444444444	0.0	11.25	8.0	-1.7453292519943293	1.1111111111111112	0.0	
3.0	4.0	0.43633231299858233	0.0	0.05235987755982988	36.0	4.0	-0.34906585039886595	1.9444444444444444	0.0	19.5	7.0	-1.4835298641951802	0.8333333333333333	0.0	
3.0	4.0	0.43633231299858233	0.0	0.05235987755982988	36.0	4.0	-0.34906585039886595	1.9444444444444444	0.0	19.5	6.0	-1.3962634015954638	0.2777777777777778	0.0	
37.0	8.0	2.9031840243648226	0.0	0.06981317007977318	10.0	5.0	-2.9436689698161813	0.8333333333333333	0.0	30.470863052149692	5.262232530652762	1.5941870853690752	0.2777777777777778	0.0	
37.0	8.0	2.9031840243648226	0.0	0.06981317007977318	10.0	5.0	-2.9436689698161813	0.8333333333333333	0.0	17.191726104299384	1.7744650613055244	1.768720010568508	0.8333333333333333	0.0	
37.0	8.0	2.9031840243648226	0.0	0.06981317007977318	10.0	5.0	-2.9436689698161813	0.8333333333333333	0.0	23.720863052149692	4.512232530652762	1.768720010568508	0.5555555555555556	0.0	
37.0	8.0	2.9031840243648226	0.0	0.06981317007977318	10.0	5.0	-2.9436689698161813	0.8333333333333333	0.0	10.552157630374232	0.03058132663190527	1.8559864731682243	0.5555555555555556	0.0	
5.0	30.0	-0.28466202244959726	0.0	-0.13962634015954636	30.0	25.0	-0.11012909725016407	2.7777777777777777	0.0	11.838348405414552	31.69174202707276	-1.5936589614453442	0.8333333333333333	0.0	
5.0	30.0	-0.28466202244959726	0.0	-0.13962634015954636	30.0	25.0	-0.11012909725016407	2.7777777777777777	0.0	17.892232270276367	29.46116135138184	-1.5936589614453442	0.5555555555555556	0.0	
5.0	30.0	-0.28466202244959726	0.0	-0.13962634015954636	30.0	25.0	-0.11012909725016407	2.7777777777777777	0.0	24.33834840541455	29.19174202707276	-1.6809254240450606	0.2777777777777778	0.0	
5.0	30.0	-0.28466202244959726	0.0	-0.13962634015954636	30.0	25.0	-0.11012909725016407	2.7777777777777777	0.0	24.142232270276367	28.21116135138184	-1.768191886644777	0.2777777777777778	0.0	
26.0	25.0	3.0543261909900767	0.0	-0.15707963267948966	15.0	25.0	3.0543261909900767	2.7777777777777777	0.0	17.75	20.0	1.7453292519943293	1.3888888888888888	0.0	
26.0	25.0	3.0543261909900767	0.0	-0.15707963267948966	15.0	25.0	3.0543261909900767	2.7777777777777777	0.0	23.25	22.0	1.4835298641951802	0.8333333333333333	0.0	
26.0	25.0	3.0543261909900767	0.0	-0.15707963267948966	15.0	25.0	3.0543261909900767	2.7777777777777777	0.0	15.0	22.0	1.3962634015954638	0.5555555555555556	0.0	
26.0	25.0	3.0543261909900767	0.0	-0.15707963267948966	15.0	25.0	3.0543261909900767	2.7777777777777777	0.0	17.75	23.0	1.4835298641951802	0.5555555555555556	0.0	
27.0	7.0	0.15167029054898507	0.0	-0.10471975511965977	37.0	5.0	-0.6337278728484632	0.0	0.0	30.08834840541455	9.44174202707276	-1.9427248118442098	0.8333333333333333	0.0	
27.0	7.0	0.15167029054898507	0.0	-0.10471975511965977	37.0	5.0	-0.6337278728484632	0.0	0.0	37.58834840541455	7.941742027072761	-1.6809254240450606	0.2777777777777778	0.0	
27.0	7.0	0.15167029054898507	0.0	-0.10471975511965977	37.0	5.0	-0.6337278728484632	0.0	0.0	35.08834840541455	8.44174202707276	-1.6809254240450606	0.8333333333333333	0.0	
27.0	7.0	0.15167029054898507	0.0	-0.10471975511965977	37.0	5.0	-0.6337278728484632	0.0	0.0	32.39223227027637	7.961161351381841	-1.8554583492444934	0.2777777777777778	0.0	
31.0	27.0	-2.55833755820896	0.0	-0.03490658503988659	5.0	30.0	2.7649166603737445	0.0	0.0	17.426879460074346	23.532955320644344	1.455919721377997	1.3888888888888888	0.0	
31.0	27.0	-2.55833755820896	0.0	-0.03490658503988659	5.0	30.0	2.7649166603737445	0.0	0.0	17.541503568059476	24.526364256515475	1.2813867961785643	1.1111111111111112	0.0	
31.0	27.0	-2.55833755820896	0.0	-0.03490658503988659	5.0	30.0	2.7649166603737445	0.0	0.0	23.926879460074346	22.782955320644344	1.455919721377997	1.3888888888888888	0.0	
31.0	27.0	-2.55833755820896	0.0	-0.03490658503988659	5.0	30.0	2.7649166603737445	0.0	0.0	17.541503568059476	24.526364256515475	1.455919721377997	0.2777777777777778	0.0	
15.0	24.0	-0.17453292519943275	0.0	0.15707963267948966	35.0	24.0	0.0	2.2222222222222223	0.0	25.0	27.0	-1.7453292519943293	0.2777777777777778	0.0	
15.0	24.0	-0.17453292519943275	0.0	0.15707963267948966	35.0	24.0	0.0	2.2222222222222223	0.0	25.0	29.0	-1.7453292519943293	1.1111111111111112	0.0	
15.0	24.0	-0.17453292519943275	0.0	0.15707963267948966	35.0	24.0	0.0	2.2222222222222223	0.0	35.0	26.0	-1.658062789394613	0.5555555555555556	0.0	
15.0	24.0	-0.17453292519943275	0.0	0.15707963267948966	35.0	24.0	0.0	2.2222222222222223	0.0	25.0	27.0	-1.4835298641951802	0.8333333333333333	0.0	
13.0	24.0	-0.43633231299858233	0.0	0.13962634015954636	36.0	24.0	-0.43633231299858233	1.1111111111111112	0.0	36.0	28.0	-1.3962634015954638	0.2777777777777778	0.0	
13.0	24.0	-0.43633231299858233	0.0	0.13962634015954636	36.0	24.0	-0.43633231299858233	1.1111111111111112	0.0	36.0	28.0	-1.7453292519943293	0.2777777777777778	0.0	
13.0	24.0	-0.43633231299858233	0.0	0.13962634015954636	36.0	24.0	-0.43633231299858233	1.1111111111111112	0.0	24.5	28.0	-1.4835298641951802	0.8333333333333333	0.0	
13.0	24.0	-0.43633231299858233	0.0	0.13962634015954636	36.0	24.0	-0.43633231299858233	1.1111111111111112	0.0	36.0	29.0	-1.3962634015954638	1.3888888888888888	0.0	
10.0	37.0	-0.3921962923240736	0.0	0.017453292519943295	32.0	23.0	-0.13039690452492403	1.6666666666666665	0.0	29.1843774609658	30.71830743866054	-2.3120584695178357	0.2777777777777778	0.0	
10.0	37.0	-0.3921962923240736	0.0	0.017453292519943295	32.0	23.0	-0.13039690452492403	1.6666666666666665	0.0	18.1843774609658	37.71830743866054	-2.2247920069181193	1.1111111111111112	0.0	
10.0	37.0	-0.3921962923240736	0.0	0.017453292519943295	32.0	23.0	-0.13039690452492403	1.6666666666666665	0.0	17.110626476579476	36.03098446319632	-2.2247920069181193	0.2777777777777778	0.0	
10.0	37.0	-0.3921962923240736	0.0	0.017453292519943295	32.0	23.0	-0.13039690452492403	1.6666666666666665	0.0	18.1843774609658	37.71830743866054	-2.2247920069181193	1.1111111111111112	0.0	
10.0	36.0	-1.4059682214671698	0.0	0.13962634015954636	15.0	25.0	-1.4059682214671698	2.2222222222222223	0.0	13.981099432387815	34.49140883290355	-2.5404322352634843	0.5555555555555556	0.0	
10.0	36.0	-1.4059682214671698	0.0	0.13962634015954636	15.0	25.0	-1.4059682214671698	2.2222222222222223	0.0	15.231099432387815	31.741408832903552	-2.88949808566235	0.5555555555555556	0.0	
10.0	36.0	-1.4059682214671698	0.0	0.13962634015954636	15.0	25.0	-1.4059682214671698	2.2222222222222223	0.0	13.981099432387815	34.49140883290355	-2.714965160462917	0.5555555555555556	0.0	
10.0	36.0	-1.4059682214671698	0.0	0.13962634015954636	15.0	25.0	-1.4059682214671698	2.2222222222222223	0.0	15.801832387313024	35.31901472150592	-2.5404322352634843	1.3888888888888888	0.0	
36.0	23.0	2.3666890615222833	0.0	-0.03490658503988659	10.0	25.0	-2.8692986944607046	1.9444444444444444	0.0	9.693214004461053	21.011782057993674	1.6685573607245514	0.5555555555555556	0.0	
36.0	23.0	2.3666890615222833	0.0	-0.03490658503988659	10.0	25.0	-2.8692986944607046	1.9444444444444444	0.0	29.26991050334579	20.508836543495256	1.4067579729254023	0.8333333333333333	0.0	
36.0	23.0	2.3666890615222833	0.0	-0.03490658503988659	10.0	25.0	-2.8692986944607046	1.9444444444444444	0.0	29.19321400446105	19.511782057993674	1.581290898124835	1.1111111111111112	0.0	
36.0	23.0	2.3666890615222833	0.0	-0.03490658503988659	10.0	25.0	-2.8692986944607046	1.9444444444444444	0.0	16.116517505576315	19.51472757249209	1.4940244355251187	0.2777777777777778	0.0	
6.0	27.0	-0.38562625842217946	0.0	-0.017453292519943295	20.0	24.0	0.13797251717611925	2.5	0.0	17.338116354923493	28.661209656309637	-1.6946231974179264	1.1111111111111112	0.0	
6.0	27.0	-0.38562625842217946	0.0	-0.017453292519943295	20.0	24.0	0.13797251717611925	2.5	0.0	17.338116354923493	28.661209656309637	-1.8691561226173592	0.8333333333333333	0.0	
6.0	27.0	-0.38562625842217946	0.0	-0.017453292519943295	20.0	24.0	0.13797251717611925	2.5	0.0	17.547645443654368	29.639012070387047	-1.8691561226173592	0.5555555555555556	0.0	
6.0	27.0	-0.38562625842217946	0.0	-0.017453292519943295	20.0	24.0	0.13797251717611925	2.5	0.0	17.338116354923493	28.661209656309637	-1.7818896600176428	0.2777777777777778	0.0	
11.0	35.0	-0.5655801685010577	0.0	0.10471975511965977	28.0	22.0	-0.391047243301625	1.1111111111111112	0.0	29.822350322712392	24.383073498931587	-2.3109094204953875	0.8333333333333333	0.0	
11.0	35.0	-0.5655801685010577	0.0	0.10471975511965977	28.0	22.0	-0.391047243301625	1.1111111111111112	0.0	16.464900215141594	33.33871566595439	-2.223642957895671	0.5555555555555556	0.0	
11.0	35.0	-0.5655801685010577	0.0	0.10471975511965977	28.0	22.0	-0.391047243301625	1.1111111111111112	0.0	17.67980043028319	34.927431331908785	-2.398175883095104	0.2777777777777778	0.0	
11.0	35.0	-0.5655801685010577	0.0	0.10471975511965977	28.0	22.0	-0.391047243301625	1.1111111111111112	0.0	25.572350322712392	27.633073498931587	-2.223642957895671	0.8333333333333333	0.0	
14.0	6.0	-0.5860175855942562	0.0	0.13962634015954636	30.0	5.0	0.548446428202058	2.5	0.0	18.249513144620725	9.742210313931555	-1.5459486741911377	0.2777777777777778	0.0	
14.0	6.0	-0.5860175855942562	0.0	0.13962634015954636	30.0	5.0	0.548446428202058	2.5	0.0	18.18713485846554	8.744157735448665	-1.8077480619902868	0.8333333333333333	0.0	
14.0	6.0	-0.5860175855942562	0.0	0.13962634015954636	30.0	5.0	0.548446428202058	2.5	0.0	30.311891430775905	9.990262892414442	-1.633215136790854	1.3888888888888888	0.0	
14.0	6.0	-0.5860175855942562	0.0	0.13962634015954636	30.0	5.0	0.548446428202058	2.5	0.0	26.12475657231036	7.246105156965777	-1.4586822115914213	0.5555555555555556	0.0	
6.0	29.0	0.5382185776395128	0.0	-0.05235987755982988	37.0	24.0	-0.33444604835765235	1.3888888888888888	0.0	29.56846487764924	27.224482241425296	-1.817975912552832	0.2777777777777778	0.0	
6.0	29.0	0.5382185776395128	0.0	-0.05235987755982988	37.0	24.0	-0.33444604835765235	1.3888888888888888	0.0	29.56846487764924	27.224482241425296	-1.9052423751525485	0.5555555555555556	0.0	
6.0	29.0	0.5382185776395128	0.0	-0.05235987755982988	37.0	24.0	-0.33444604835765235	1.3888888888888888	0.0	29.56846487764924	27.224482241425296	-1.817975912552832	0.5555555555555556	0.0	
6.0	29.0	0.5382185776395128	0.0	-0.05235987755982988	37.0	24.0	-0.33444604835765235	1.3888888888888888	0.0	37.7961621941231	28.936205603563238	-1.817975912552832	0.2777777777777778	0.0	
36.0	7.0	-3.1381992289887646	0.0	0.0	25.0	6.0	-2.963666303789332	0.8333333333333333	0.0	30.952678730212593	1.520533967661481	1.5741897513959255	0.8333333333333333	0.0	
36.0	7.0	-3.1381992289887646	0.0	0.0	25.0	6.0	-2.963666303789332	0.8333333333333333	0.0	30.862142984170074	2.5164271741291846	1.7487226765953583	0.8333333333333333	0.0	
36.0	7.0	-3.1381992289887646	0.0	0.0	25.0	6.0	-2.963666303789332	0.8333333333333333	0.0	33.61214298417007	2.7664271741291846	1.8359891391950747	0.8333333333333333	0.0	
36.0	7.0	-3.1381992289887646	0.0	0.0	25.0	6.0	-2.963666303789332	0.8333333333333333	0.0	30.681071492085035	4.508213587064592	1.8359891391950747	0.5555555555555556	0.0	
18.0	26.0	2.650156341410116	0.0	0.15707963267948966	4.0	37.0	1.6029587902135187	1.1111111111111112	0.0	6.264356896136193	32.677363322355156	0.9920935520155032	0.5555555555555556	0.0	
18.0	26.0	2.650156341410116	0.0	0.15707963267948966	4.0	37.0	1.6029587902135187	1.1111111111111112	0.0	8.528713792272386	28.354726644710308	1.0793600146152196	0.2777777777777778	0.0	
18.0	26.0	2.650156341410116	0.0	0.15707963267948966	4.0	37.0	1.6029587902135187	1.1111111111111112	0.0	2.14653534420429	34.64104498353273	0.8175606268160704	0.8333333333333333	0.0	
18.0	26.0	2.650156341410116	0.0	0.15707963267948966	4.0	37.0	1.6029587902135187	1.1111111111111112	0.0	9.14653534420429	29.14104498353273	0.8175606268160704	0.8333333333333333	0.0	
31.0	8.0	2.9344238577950907	0.0	-0.08726646259971647	10.0	5.0	-2.9124291363859127	0.8333333333333333	0.0	26.315685424949237	3.290202025355334	1.5381604561996278	0.5555555555555556	0.0	
31.0	8.0	2.9344238577950907	0.0	-0.08726646259971647	10.0	5.0	-2.9124291363859127	0.8333333333333333	0.0	21.065685424949237	2.540202025355334	1.7126933813990606	0.5555555555555556	0.0	
31.0	8.0	2.9344238577950907	0.0	-0.08726646259971647	10.0	5.0	-2.9124291363859127	0.8333333333333333	0.0	21.065685424949237	2.540202025355334	1.799959843998777	0.8333333333333333	0.0	
31.0	8.0	2.9344238577950907	0.0	-0.08726646259971647	10.0	5.0	-2.9124291363859127	0.8333333333333333	0.0	21.20710678118655	1.5502525316941673	1.8872263065984933	0.2777777777777778	0.0	
25.0	7.0	2.804928993082372	0.0	0.12217304763960307	5.0	5.0	-2.8673910758991985	0.5555555555555556	0.0	10.497518595104994	0.5248140489500539	1.583198516686342	0.2777777777777778	0.0	
25.0	7.0	2.804928993082372	0.0	0.12217304763960307	5.0	5.0	-2.8673910758991985	0.5555555555555556	0.0	10.298511157062997	2.5148884293700324	1.6704649792860584	0.2777777777777778	0.0	
25.0	7.0	2.804928993082372	0.0	0.12217304763960307	5.0	5.0	-2.8673910758991985	0.5555555555555556	0.0	15.298511157062997	3.0148884293700324	1.6704649792860584	0.2777777777777778	0.0	
25.0	7.0	2.804928993082372	0.0	0.12217304763960307	5.0	5.0	-2.8673910758991985	0.5555555555555556	0.0	10.497518595104994	0.5248140489500539	1.8449979044854912	0.8333333333333333	0.0	
30.0	23.0	3.1303833383022326	0.0	0.017453292519943295	5.0	30.0	2.8685839505030826	2.2222222222222223	0.0	3.921480297920117	26.148143921143273	1.1232546985087533	0.2777777777777778	0.0	
30.0	23.0	3.1303833383022326	0.0	0.017453292519943295	5.0	30.0	2.8685839505030826	2.2222222222222223	0.0	4.460740148960058	28.074071960571636	1.2105211611084696	0.2777777777777778	0.0	
30.0	23.0	3.1303833383022326	0.0	0.017453292519943295	5.0	30.0	2.8685839505030826	2.2222222222222223	0.0	10.171480297920116	24.398143921143273	1.1232546985087533	0.5555555555555556	0.0	
30.0	23.0	3.1303833383022326	0.0	0.017453292519943295	5.0	30.0	2.8685839505030826	2.2222222222222223	0.0	16.421480297920116	22.648143921143273	1.1232546985087533	0.8333333333333333	0.0	
29.0	26.0	-3.1322084058049873	0.0	-0.06981317007977318	5.0	30.0	2.88917751357545	1.1111111111111112	0.0	10.671202025389285	27.027212152335714	1.3183811867805533	0.2777777777777778	0.0	
29.0	26.0	-3.1322084058049873	0.0	-0.06981317007977318	5.0	30.0	2.88917751357545	1.1111111111111112	0.0	16.178005063473215	23.068030380839282	1.4056476493802696	1.1111111111111112	0.0	
29.0	26.0	-3.1322084058049873	0.0	-0.06981317007977318	5.0	30.0	2.88917751357545	1.1111111111111112	0.0	16.506803038083927	25.040818228503568	1.231114724180837	0.8333333333333333	0.0	
29.0	26.0	-3.1322084058049873	0.0	-0.06981317007977318	5.0	30.0	2.88917751357545	1.1111111111111112	0.0	10.34240405077857	25.054424304671425	1.3183811867805533	0.2777777777777778	0.0	
26.0	25.0	-3.0262699840598284	0.0	0.03490658503988659	5.0	30.0	-3.0262699840598284	0.2777777777777778	0.0	4.073517890775844	26.108775141258533	1.2497866833262794	0.5555555555555556	0.0	
26.0	25.0	-3.0262699840598284	0.0	0.03490658503988659	5.0	30.0	-3.0262699840598284	0.2777777777777778	0.0	4.073517890775844	26.108775141258533	1.2497866833262794	0.8333333333333333	0.0	
26.0	25.0	-3.0262699840598284	0.0	0.03490658503988659	5.0	30.0	-3.0262699840598284	0.2777777777777778	0.0	14.805138418081883	24.5815813559439	1.4243196085257122	0.8333333333333333	0.0	
26.0	25.0	-3.0262699840598284	0.0	0.03490658503988659	5.0	30.0	-3.0262699840598284	0.2777777777777778	0.0	14.341897363469805	22.635968926573163	1.4243196085257122	0.2777777777777778	0.0	
6.0	34.0	0.0397174858936693	0.0	-0.10471975511965977	37.0	27.0	0.47604979889225163	2.7777777777777777	0.0	14.190521742869286	34.200882004135416	-1.7056117661006605	0.5555555555555556	0.0	
6.0	34.0	0.0397174858936693	0.0	-0.10471975511965977	37.0	27.0	0.47604979889225163	2.7777777777777777	0.0	29.690521742869286	30.700882004135412	-1.9674111538998096	0.5555555555555556	0.0	
6.0	34.0	0.0397174858936693	0.0	-0.10471975511965977	37.0	27.0	0.47604979889225163	2.7777777777777777	0.0	37.44052174286929	28.950882004135412	-1.7928782287003768	0.5555555555555556	0.0	
6.0	34.0	0.0397174858936693	0.0	-0.10471975511965977	37.0	27.0	0.47604979889225163	2.7777777777777777	0.0	29.91078261430393	31.67632300620312	-1.7056117661006605	0.5555555555555556	0.0	
7.0	28.0	0.3938962384423865	0.0	0.15707963267948966	30.0	25.0	0.48116270104210335	0.0	0.0	13.396695920338843	32.20800205593111	-1.7877653265505256	1.3888888888888888	0.0	
7.0	28.0	0.3938962384423865	0.0	0.15707963267948966	30.0	25.0	0.48116270104210335	0.0	0.0	19.146695920338843	31.458002055931107	-1.5259659387513764	0.5555555555555556	0.0	
7.0	28.0	0.3938962384423865	0.0	0.15707963267948966	30.0	25.0	0.48116270104210335	0.0	0.0	30.388017552203305	27.974801233558665	-1.7877653265505256	0.8333333333333333	0.0	
7.0	28.0	0.3938962384423865	0.0	0.15707963267948966	30.0	25.0	0.48116270104210335	0.0	0.0	19.146695920338843	31.458002055931107	-1.7877653265505256	0.5555555555555556	0.0	
30.0	6.0	-2.316215803069055	0.0	0.08726646259971647	5.0	5.0	2.6579725651147843	0.8333333333333333	0.0	11.449840191744357	0.25399520639105333	1.7853079391176188	0.2777777777777778	0.0	
30.0	6.0	-2.316215803069055	0.0	0.08726646259971647	5.0	5.0	2.6579725651147843	0.8333333333333333	0.0	23.909872153395487	1.7531961651128425	1.5235085513184696	0.8333333333333333	0.0	
30.0	6.0	-2.316215803069055	0.0	0.08726646259971647	5.0	5.0	2.6579725651147843	0.8333333333333333	0.0	11.409872153395487	1.2531961651128425	1.610775013918186	0.8333333333333333	0.0	
30.0	6.0	-2.316215803069055	0.0	0.08726646259971647	5.0	5.0	2.6579725651147843	0.8333333333333333	0.0	23.82993607669774	3.7515980825564212	1.7853079391176188	0.2777777777777778	0.0	
28.0	5.0	-2.8541502882007084	0.0	0.10471975511965977	8.0	8.0	-2.8541502882007084	1.1111111111111112	0.0	12.258297735348778	2.305318235658513	1.5091728417851158	1.3888888888888888	0.0	
28.0	5.0	-2.8541502882007084	0.0	0.10471975511965977	8.0	8.0	-2.8541502882007084	1.1111111111111112	0.0	17.703319094139513	4.522127294263405	1.4219063791853994	0.5555555555555556	0.0	
28.0	5.0	-2.8541502882007084	0.0	0.10471975511965977	8.0	8.0	-2.8541502882007084	1.1111111111111112	0.0	17.703319094139513	4.522127294263405	1.5091728417851158	0.5555555555555556	0.0	
28.0	5.0	-2.8541502882007084	0.0	0.10471975511965977	8.0	8.0	-2.8541502882007084	1.1111111111111112	0.0	12.70331909413951	5.272127294263405	1.2473734539859667	0.5555555555555556	0.0	
36.0	24.0	2.5307274153917776	0.0	-0.13962634015954636	3.0	24.0	-3.0543261909900767	0.2777777777777778	0.0	3.0	21.0	1.5707963267948966	0.2777777777777778	0.0	
36.0	24.0	2.5307274153917776	0.0	-0.13962634015954636	3.0	24.0	-3.0543261909900767	0.2777777777777778	0.0	3.0	21.0	1.7453292519943293	0.8333333333333333	0.0	
36.0	24.0	2.5307274153917776	0.0	-0.13962634015954636	3.0	24.0	-3.0543261909900767	0.2777777777777778	0.0	27.75	21.0	1.3962634015954638	0.5555555555555556	0.0	
36.0	24.0	2.5307274153917776	0.0	-0.13962634015954636	3.0	24.0	-3.0543261909900767	0.2777777777777778	0.0	11.25	20.0	1.3962634015954638	1.1111111111111112	0.0	
31.0	26.0	2.834369986369067	0.0	-0.13962634015954636	9.0	27.0	2.4853041359702006	2.5	0.0	25.27296169540675	21.255157298948504	1.6999059725727523	0.8333333333333333	0.0	
31.0	26.0	2.834369986369067	0.0	-0.13962634015954636	9.0	27.0	2.4853041359702006	2.5	0.0	25.4091846781627	24.2520629195794	1.612639509973036	0.5555555555555556	0.0	
31.0	26.0	2.834369986369067	0.0	-0.13962634015954636	9.0	27.0	2.4853041359702006	2.5	0.0	19.77296169540675	21.505157298948504	1.612639509973036	1.1111111111111112	0.0	
31.0	26.0	2.834369986369067	0.0	-0.13962634015954636	9.0	27.0	2.4853041359702006	2.5	0.0	25.3183693563254	22.254125839158803	1.4381065847736032	0.8333333333333333	0.0	
37.0	28.0	-2.8153894378413753	0.0	0.10471975511965977	28.0	22.0	-2.2045241996433598	1.9444444444444444	0.0	34.16410058867569	22.50384911698647	2.24606539294218	0.2777777777777778	0.0	
37.0	28.0	-2.8153894378413753	0.0	0.10471975511965977	28.0	22.0	-2.2045241996433598	1.9444444444444444	0.0	29.109400392450457	20.335899411324313	2.3333318555418963	0.5555555555555556	0.0	
37.0	28.0	-2.8153894378413753	0.0	0.10471975511965977	28.0	22.0	-2.2045241996433598	1.9444444444444444	0.0	30.773500981126144	17.839748528310782	2.3333318555418963	1.1111111111111112	0.0	
37.0	28.0	-2.8153894378413753	0.0	0.10471975511965977	28.0	22.0	-2.2045241996433598	1.9444444444444444	0.0	30.218800784900917	18.671798822648626	2.24606539294218	0.8333333333333333	0.0	
4.0	33.0	-0.15771220052714785	0.0	-0.12217304763960307	24.0	28.0	0.1913536498717181	1.1111111111111112	0.0	9.727606875109	34.66042750043599	-1.9030414525214772	0.8333333333333333	0.0	
4.0	33.0	-0.15771220052714785	0.0	-0.12217304763960307	24.0	28.0	0.1913536498717181	1.1111111111111112	0.0	14.727606875109	33.41042750043599	-1.9030414525214772	0.5555555555555556	0.0	
4.0	33.0	-0.15771220052714785	0.0	-0.12217304763960307	24.0	28.0	0.1913536498717181	1.1111111111111112	0.0	14.727606875109	33.41042750043599	-1.9903079151211935	0.8333333333333333	0.0	
4.0	33.0	-0.15771220052714785	0.0	-0.12217304763960307	24.0	28.0	0.1913536498717181	1.1111111111111112	0.0	9.485071250072666	33.690285000290665	-1.9903079151211935	0.5555555555555556	0.0	
4.0	28.0	0.6596891107765437	0.0	0.0	30.0	27.0	0.048823872578528604	2.5	0.0	17.15373248840482	31.497044698525258	-1.434705991616652	0.2777777777777778	0.0	
4.0	28.0	0.6596891107765437	0.0	0.0	30.0	27.0	0.048823872578528604	2.5	0.0	23.57686624420241	29.24852234926263	-1.7837718420155175	0.2777777777777778	0.0	
4.0	28.0	0.6596891107765437	0.0	0.0	30.0	27.0	0.048823872578528604	2.5	0.0	23.57686624420241	29.24852234926263	-1.5219724542163684	0.5555555555555556	0.0	
4.0	28.0	0.6596891107765437	0.0	0.0	30.0	27.0	0.048823872578528604	2.5	0.0	23.57686624420241	29.24852234926263	-1.6092389168160848	0.2777777777777778	0.0	
33.0	7.0	-2.9670597283903604	0.0	-0.017453292519943295	6.0	7.0	2.2689280275926285	2.7777777777777777	0.0	12.75	2.0	1.5707963267948966	0.5555555555555556	0.0	
33.0	7.0	-2.9670597283903604	0.0	-0.017453292519943295	6.0	7.0	2.2689280275926285	2.7777777777777777	0.0	26.25	3.0	1.7453292519943293	0.5555555555555556	0.0	
33.0	7.0	-2.9670597283903604	0.0	-0.017453292519943295	6.0	7.0	2.2689280275926285	2.7777777777777777	0.0	12.75	4.0	1.658062789394613	0.2777777777777778	0.0	
33.0	7.0	-2.9670597283903604	0.0	-0.017453292519943295	6.0	7.0	2.2689280275926285	2.7777777777777777	0.0	12.75	4.0	1.3962634015954638	0.2777777777777778	0.0	
29.0	6.0	-2.7105809151842557	0.0	0.13962634015954636	18.0	8.0	2.438140378199016	0.2777777777777778	0.0	22.605572809000087	2.080650449500462	1.5654757522018512	0.8333333333333333	0.0	
29.0	6.0	-2.7105809151842557	0.0	0.13962634015954636	18.0	8.0	2.438140378199016	0.2777777777777778	0.0	20.034458247200067	3.56452035960037	1.303676364402702	0.8333333333333333	0.0	
29.0	6.0	-2.7105809151842557	0.0	0.13962634015954636	18.0	8.0	2.438140378199016	0.2777777777777778	0.0	22.605572809000087	2.080650449500462	1.2164099018029857	0.8333333333333333	0.0	
29.0	6.0	-2.7105809151842557	0.0	0.13962634015954636	18.0	8.0	2.438140378199016	0.2777777777777778	0.0	17.284458247200067	4.06452035960037	1.3909428270024184	0.8333333333333333	0.0	
6.0	27.0	0.44045754370985746	0.0	-0.15707963267948966	30.0	25.0	0.6149904689092907	0.0	0.0	12.4152273992687	31.482728791224396	-1.5666710960836214	0.5555555555555556	0.0	
6.0	27.0	0.44045754370985746	0.0	-0.15707963267948966	30.0	25.0	0.6149904689092907	0.0	0.0	24.24913643956122	28.48963727473464	-1.7412040212830542	0.8333333333333333	0.0	
6.0	27.0	0.44045754370985746	0.0	-0.15707963267948966	30.0	25.0	0.6149904689092907	0.0	0.0	24.33218191941496	29.48618303297952	-1.7412040212830542	0.5555555555555556	0.0	
6.0	27.0	0.44045754370985746	0.0	-0.15707963267948966	30.0	25.0	0.6149904689092907	0.0	0.0	18.4152273992687	30.982728791224396	-1.479404633483905	1.3888888888888888	0.0	
22.0	6.0	2.984670204520878	0.0	0.10471975511965977	3.0	4.0	-2.4258504766615436	1.3888888888888888	0.0	3.4187391380721714	0.021978188314375924	1.5884068029254141	0.2777777777777778	0.0	
22.0	6.0	2.984670204520878	0.0	0.10471975511965977	3.0	4.0	-2.4258504766615436	1.3888888888888888	0.0	8.168739138072171	0.5219781883143759	1.6756732655251305	0.2777777777777778	0.0	
22.0	6.0	2.984670204520878	0.0	0.10471975511965977	3.0	4.0	-2.4258504766615436	1.3888888888888888	0.0	17.459369569036085	3.510989094157188	1.8502061907245633	0.5555555555555556	0.0	
22.0	6.0	2.984670204520878	0.0	0.10471975511965977	3.0	4.0	-2.4258504766615436	1.3888888888888888	0.0	8.064054353554129	1.5164836412357818	1.762939728124847	0.2777777777777778	0.0	
32.0	24.0	2.842773149916713	0.0	-0.06981317007977318	5.0	25.0	3.0173060751161467	1.3888888888888888	0.0	18.35195335796048	20.502740664932933	1.3592432857215337	0.2777777777777778	0.0	
32.0	24.0	2.842773149916713	0.0	-0.06981317007977318	5.0	25.0	3.0173060751161467	1.3888888888888888	0.0	25.13896501847036	21.252055498699697	1.7083091361203993	0.5555555555555556	0.0	
32.0	24.0	2.842773149916713	0.0	-0.06981317007977318	5.0	25.0	3.0173060751161467	1.3888888888888888	0.0	4.888965018470359	22.002055498699697	1.4465097483212501	0.5555555555555556	0.0	
32.0	24.0	2.842773149916713	0.0	-0.06981317007977318	5.0	25.0	3.0173060751161467	1.3888888888888888	0.0	11.67597667898024	22.751370332466465	1.4465097483212501	0.2777777777777778	0.0	
28.0	6.0	-2.5745429825999637	0.0	0.08726646259971647	5.0	5.0	-2.5745429825999637	0.5555555555555556	0.0	16.673748897105227	1.5037753665797617	1.4397142969869945	0.5555555555555556	0.0	
28.0	6.0	-2.5745429825999637	0.0	0.08726646259971647	5.0	5.0	-2.5745429825999637	0.5555555555555556	0.0	16.586874448552614	3.5018876832898806	1.6142472221864272	0.2777777777777778	0.0	
28.0	6.0	-2.5745429825999637	0.0	0.08726646259971647	5.0	5.0	-2.5745429825999637	0.5555555555555556	0.0	10.88031167282892	2.2528315249348214	1.78878014738586	0.2777777777777778	0.0	
28.0	6.0	-2.5745429825999637	0.0	0.08726646259971647	5.0	5.0	-2.5745429825999637	0.5555555555555556	0.0	22.38031167282892	2.7528315249348214	1.5269807595867109	0.5555555555555556	0.0	
14.0	33.0	-1.7126933813990606	0.0	0.15707963267948966	20.0	25.0	-0.49096290500302997	0.2777777777777778	0.0	20.1	28.2	-2.5853580073962252	0.5555555555555556	0.0	
14.0	33.0	-1.7126933813990606	0.0	0.15707963267948966	20.0	25.0	-0.49096290500302997	0.2777777777777778	0.0	17.1	32.2	-2.6726244699959416	0.5555555555555556	0.0	
14.0	33.0	-1.7126933813990606	0.0	0.15707963267948966	20.0	25.0	-0.49096290500302997	0.2777777777777778	0.0	18.7	33.4	-2.4108250821967925	0.8333333333333333	0.0	
14.0	33.0	-1.7126933813990606	0.0	0.15707963267948966	20.0	25.0	-0.49096290500302997	0.2777777777777778	0.0	19.4	30.8	-2.498091544796509	0.8333333333333333	0.0	
3.0	3.0	-0.829213730605634	0.0	0.0	26.0	4.0	-0.3056149550073348	1.1111111111111112	0.0	8.576251102894773	7.246224633420239	-1.6146118940030822	0.5555555555555556	0.0	
3.0	3.0	-0.829213730605634	0.0	0.0	26.0	4.0	-0.3056149550073348	1.1111111111111112	0.0	20.076251102894773	7.746224633420239	-1.6146118940030822	0.2777777777777778	0.0	
3.0	3.0	-0.829213730605634	0.0	0.0	26.0	4.0	-0.3056149550073348	1.1111111111111112	0.0	25.86968832717108	6.997168475065179	-1.4400789688036495	0.2777777777777778	0.0	
3.0	3.0	-0.829213730605634	0.0	0.0	26.0	4.0	-0.3056149550073348	1.1111111111111112	0.0	25.86968832717108	6.997168475065179	-1.3528125062039322	0.2777777777777778	0.0	
34.0	4.0	3.099950074491205	0.0	-0.06981317007977318	10.0	5.0	-2.659636457090082	1.1111111111111112	0.0	9.916738910575638	3.001733853815296	1.3546208224968757	0.2777777777777778	0.0	
34.0	4.0	3.099950074491205	0.0	-0.06981317007977318	10.0	5.0	-2.659636457090082	1.1111111111111112	0.0	15.833477821151275	0.753467707630592	1.5291537476963084	0.5555555555555556	0.0	
34.0	4.0	3.099950074491205	0.0	-0.06981317007977318	10.0	5.0	-2.659636457090082	1.1111111111111112	0.0	9.875108365863458	2.0026007807229442	1.7036866728957412	0.5555555555555556	0.0	
34.0	4.0	3.099950074491205	0.0	-0.06981317007977318	10.0	5.0	-2.659636457090082	1.1111111111111112	0.0	15.833477821151275	0.753467707630592	1.3546208224968757	1.1111111111111112	0.0	
4.0	29.0	-0.6315635370219082	0.0	0.06981317007977318	12.0	22.0	-0.8933629248210577	2.5	0.0	11.975513823605555	26.007730084120634	-2.115093401217088	0.8333333333333333	0.0	
4.0	29.0	-0.6315635370219082	0.0	0.06981317007977318	12.0	22.0	-0.8933629248210577	2.5	0.0	11.975513823605555	26.007730084120634	-2.115093401217088	0.2777777777777778	0.0	
4.0	29.0	-0.6315635370219082	0.0	0.06981317007977318	12.0	22.0	-0.8933629248210577	2.5	0.0	9.975513823605555	27.757730084120634	-2.2896263264165206	0.8333333333333333	0.0	
4.0	29.0	-0.6315635370219082	0.0	0.06981317007977318	12.0	22.0	-0.8933629248210577	2.5	0.0	11.317009215737036	25.255153389413756	-2.4641592516159534	0.2777777777777778	0.0	
3.0	28.0	0.532983023383105	0.0	0.13962634015954636	15.0	26.0	-0.776013915612642	0.2777777777777778	0.0	12.821994936526787	31.431969619160718	-1.7359450042095235	0.8333333333333333	0.0	
3.0	28.0	0.532983023383105	0.0	0.13962634015954636	15.0	26.0	-0.776013915612642	0.2777777777777778	0.0	15.493196961916073	28.959181771496432	-1.9104779294089562	0.8333333333333333	0.0	
3.0	28.0	0.532983023383105	0.0	0.13962634015954636	15.0	26.0	-0.776013915612642	0.2777777777777778	0.0	9.493196961916073	29.959181771496432	-1.7359450042095235	0.8333333333333333	0.0	
3.0	28.0	0.532983023383105	0.0	0.13962634015954636	15.0	26.0	-0.776013915612642	0.2777777777777778	0.0	9.821994936526787	31.931969619160718	-1.7359450042095235	0.8333333333333333	0.0	
13.0	23.0	0.47876838755477813	0.0	0.12217304763960307	36.0	26.0	0.30423546235534493	1.6666666666666665	0.0	18.103304079661157	28.708002055931107	-1.5283602522387003	0.5555555555555556	0.0	
13.0	23.0	0.47876838755477813	0.0	0.12217304763960307	36.0	26.0	0.30423546235534493	1.6666666666666665	0.0	23.982643263728924	28.466401644744888	-1.5283602522387003	0.8333333333333333	0.0	
13.0	23.0	0.47876838755477813	0.0	0.12217304763960307	36.0	26.0	0.30423546235534493	1.6666666666666665	0.0	35.741321631864466	27.983200822372442	-1.2665608644395512	0.5555555555555556	0.0	
13.0	23.0	0.47876838755477813	0.0	0.12217304763960307	36.0	26.0	0.30423546235534493	1.6666666666666665	0.0	35.741321631864466	27.983200822372442	-1.6156267148384167	0.2777777777777778	0.0	
13.0	36.0	-1.8323008677790873	0.0	-0.12217304763960307	9.0	25.0	-2.1813667181779532	0.0	0.0	14.759173693953748	29.13302774765318	2.880088112605602	0.5555555555555556	0.0	
13.0	36.0	-1.8323008677790873	0.0	-0.12217304763960307	9.0	25.0	-2.1813667181779532	0.0	0.0	13.879586846976874	32.566513873826594	2.7928216500058856	0.2777777777777778	0.0	
13.0	36.0	-1.8323008677790873	0.0	-0.12217304763960307	9.0	25.0	-2.1813667181779532	0.0	0.0	12.879586846976874	29.81651387382659	2.9673545752053183	0.2777777777777778	0.0	
13.0	36.0	-1.8323008677790873	0.0	-0.12217304763960307	9.0	25.0	-2.1813667181779532	0.0	0.0	13.759173693953748	26.38302774765318	2.9673545752053183	1.1111111111111112	0.0	
8.0	36.0	-1.5654757522018514	0.0	0.05235987755982988	10.0	25.0	-1.0418769766035525	1.6666666666666665	0.0	12.435479640399631	33.96554175279993	-3.0490056163970314	1.1111111111111112	0.0	
8.0	36.0	-1.5654757522018514	0.0	0.05235987755982988	10.0	25.0	-1.0418769766035525	1.6666666666666665	0.0	14.919349550499538	25.894427190999917	-3.0490056163970314	1.3888888888888888	0.0	
8.0	36.0	-1.5654757522018514	0.0	0.05235987755982988	10.0	25.0	-1.0418769766035525	1.6666666666666665	0.0	14.419349550499538	28.644427190999917	-2.7872062285978823	0.2777777777777778	0.0	
8.0	36.0	-1.5654757522018514	0.0	0.05235987755982988	10.0	25.0	-1.0418769766035525	1.6666666666666665	0.0	11.967739820199816	25.357770876399965	-2.7872062285978823	0.5555555555555556	0.0	
35.0	4.0	-2.58068581111372	0.0	0.08726646259971647	15.0	5.0	-2.6679522737134374	0.2777777777777778	0.0	19.850187149168324	1.753742983366466	1.520837931072954	0.2777777777777778	0.0	
35.0	4.0	-2.58068581111372	0.0	0.08726646259971647	15.0	5.0	-2.6679522737134374	0.2777777777777778	0.0	19.900124766112217	2.752495322244311	1.4335714684732377	0.5555555555555556	0.0	
35.0	4.0	-2.58068581111372	0.0	0.08726646259971647	15.0	5.0	-2.6679522737134374	0.2777777777777778	0.0	29.900124766112217	2.252495322244311	1.520837931072954	0.2777777777777778	0.0	
35.0	4.0	-2.58068581111372	0.0	0.08726646259971647	15.0	5.0	-2.6679522737134374	0.2777777777777778	0.0	24.850187149168324	1.503742983366466	1.4335714684732377	0.8333333333333333	0.0	
37.0	3.0	-2.7959202277919557	0.0	-0.10471975511965977	15.0	5.0	2.876399841189615	1.3888888888888888	0.0	14.637857015829924	1.0164271741291846	1.654669364793584	0.5555555555555556	0.0	
37.0	3.0	-2.7959202277919557	0.0	-0.10471975511965977	15.0	5.0	2.876399841189615	1.3888888888888888	0.0	31.228392761872446	0.5123203805968886	1.3056035143947184	0.2777777777777778	0.0	
37.0	3.0	-2.7959202277919557	0.0	-0.10471975511965977	15.0	5.0	2.876399841189615	1.3888888888888888	0.0	14.818928507914963	3.008213587064592	1.4801364395941512	0.5555555555555556	0.0	
37.0	3.0	-2.7959202277919557	0.0	-0.10471975511965977	15.0	5.0	2.876399841189615	1.3888888888888888	0.0	31.137857015829926	-0.4835728258708154	1.654669364793584	0.8333333333333333	0.0	
7.0	33.0	-0.27829965900511144	0.0	0.08726646259971647	35.0	25.0	-0.5400990468042606	1.6666666666666665	0.0	35.54944225579476	26.923047895281645	-1.6745630606005752	0.2777777777777778	0.0	
7.0	33.0	-0.27829965900511144	0.0	0.08726646259971647	35.0	25.0	-0.5400990468042606	1.6666666666666665	0.0	35.82416338369214	27.88457184292247	-1.9363624483997244	0.5555555555555556	0.0	
7.0	33.0	-0.27829965900511144	0.0	0.08726646259971647	35.0	25.0	-0.5400990468042606	1.6666666666666665	0.0	22.098884511589514	32.84609579056329	-1.849095985800008	1.1111111111111112	0.0	
7.0	33.0	-0.27829965900511144	0.0	0.08726646259971647	35.0	25.0	-0.5400990468042606	1.6666666666666665	0.0	22.098884511589514	32.84609579056329	-1.9363624483997244	0.8333333333333333	0.0	
8.0	8.0	-0.02286263465044769	0.0	0.08726646259971647	33.0	3.0	-0.19739555984988089	1.6666666666666665	0.0	15.034464540552735	10.672322702763681	-1.5936589614453442	0.5555555555555556	0.0	
8.0	8.0	-0.02286263465044769	0.0	0.08726646259971647	33.0	3.0	-0.19739555984988089	1.6666666666666665	0.0	15.23058067569092	11.652903378454601	-1.8554583492444934	1.3888888888888888	0.0	
8.0	8.0	-0.02286263465044769	0.0	0.08726646259971647	33.0	3.0	-0.19739555984988089	1.6666666666666665	0.0	21.08834840541455	8.44174202707276	-1.9427248118442098	0.5555555555555556	0.0	
8.0	8.0	-0.02286263465044769	0.0	0.08726646259971647	33.0	3.0	-0.19739555984988089	1.6666666666666665	0.0	33.980580675690916	7.902903378454601	-1.768191886644777	0.2777777777777778	0.0	
35.0	26.0	2.485442345694821	0.0	-0.13962634015954636	5.0	30.0	2.485442345694821	1.9444444444444444	0.0	12.103508839726947	26.026316297952096	1.4382447944982228	0.5555555555555556	0.0	
35.0	26.0	2.485442345694821	0.0	-0.13962634015954636	5.0	30.0	2.485442345694821	1.9444444444444444	0.0	4.7356725598179645	28.01754419863473	1.5255112570979392	0.5555555555555556	0.0	
35.0	26.0	2.485442345694821	0.0	-0.13962634015954636	5.0	30.0	2.485442345694821	1.9444444444444444	0.0	19.47134511963593	24.035088397269462	1.5255112570979392	0.5555555555555556	0.0	
35.0	26.0	2.485442345694821	0.0	-0.13962634015954636	5.0	30.0	2.485442345694821	1.9444444444444444	0.0	19.60350883972695	25.026316297952096	1.26371186929879	0.8333333333333333	0.0	
9.0	24.0	0.3861543823459108	0.0	-0.05235987755982988	33.0	27.0	-0.3119773184518211	0.5555555555555556	0.0	20.379826327053955	30.46138938356834	-1.6209742574475676	0.5555555555555556	0.0	
9.0	24.0	0.3861543823459108	0.0	-0.05235987755982988	33.0	27.0	-0.3119773184518211	0.5555555555555556	0.0	26.379826327053955	31.21138938356834	-1.2719084070487021	0.5555555555555556	0.0	
9.0	24.0	0.3861543823459108	0.0	-0.05235987755982988	33.0	27.0	-0.3119773184518211	0.5555555555555556	0.0	32.62789579623237	29.976833630141	-1.4464413322481349	0.8333333333333333	0.0	
9.0	24.0	0.3861543823459108	0.0	-0.05235987755982988	33.0	27.0	-0.3119773184518211	0.5555555555555556	0.0	26.379826327053955	31.21138938356834	-1.3591748696484185	0.8333333333333333	0.0	
26.0	25.0	-2.3741255384097624	0.0	-0.12217304763960307	7.0	22.0	3.0363951427726583	1.3888888888888888	0.0	12.373850293892044	18.798948138683723	1.8146646663766282	0.5555555555555556	0.0	
26.0	25.0	-2.3741255384097624	0.0	-0.12217304763960307	7.0	22.0	3.0363951427726583	1.3888888888888888	0.0	17.123850293892044	19.548948138683723	1.9019311289763445	1.1111111111111112	0.0	
26.0	25.0	-2.3741255384097624	0.0	-0.12217304763960307	7.0	22.0	3.0363951427726583	1.3888888888888888	0.0	12.061925146946022	20.774474069341863	1.8146646663766282	0.2777777777777778	0.0	
26.0	25.0	-2.3741255384097624	0.0	-0.12217304763960307	7.0	22.0	3.0363951427726583	1.3888888888888888	0.0	7.467887720419032	19.03671110401279	1.7273982037769118	0.5555555555555556	0.0	
17.0	25.0	-3.100051460290972	0.0	0.08726646259971647	5.0	30.0	2.3104692208914495	2.2222222222222223	0.0	7.230769230769232	26.903846153846153	1.3505381322945684	0.2777777777777778	0.0	
17.0	25.0	-3.100051460290972	0.0	0.08726646259971647	5.0	30.0	2.3104692208914495	2.2222222222222223	0.0	6.07692307692308	24.134615384615383	1.1760052070951357	1.3888888888888888	0.0	
17.0	25.0	-3.100051460290972	0.0	0.08726646259971647	5.0	30.0	2.3104692208914495	2.2222222222222223	0.0	12.461538461538463	22.557692307692307	1.1760052070951357	0.8333333333333333	0.0	
17.0	25.0	-3.100051460290972	0.0	0.08726646259971647	5.0	30.0	2.3104692208914495	2.2222222222222223	0.0	7.230769230769232	26.903846153846153	1.0887387444954193	0.5555555555555556	0.0	
33.0	23.0	-2.6884396159189254	0.0	0.03490658503988659	5.0	30.0	2.2857487522649134	1.1111111111111112	0.0	11.272393124891002	25.339572499564003	1.238551201068316	0.2777777777777778	0.0	
33.0	23.0	-2.6884396159189254	0.0	0.03490658503988659	5.0	30.0	2.2857487522649134	1.1111111111111112	0.0	11.514928749927334	26.309714999709335	1.500350588867465	0.5555555555555556	0.0	
33.0	23.0	-2.6884396159189254	0.0	0.03490658503988659	5.0	30.0	2.2857487522649134	1.1111111111111112	0.0	11.514928749927334	26.309714999709335	1.3258176636680323	0.5555555555555556	0.0	
33.0	23.0	-2.6884396159189254	0.0	0.03490658503988659	5.0	30.0	2.2857487522649134	1.1111111111111112	0.0	4.029857499854668	26.11942999941867	1.3258176636680323	0.2777777777777778	0.0	
12.0	36.0	-1.4259208082741814	0.0	0.06981317007977318	9.0	26.0	-2.2113189716716297	0.5555555555555556	0.0	10.915652570442303	25.425304228867308	3.024668784311359	0.5555555555555556	0.0	
12.0	36.0	-1.4259208082741814	0.0	0.06981317007977318	9.0	26.0	-2.2113189716716297	0.5555555555555556	0.0	14.123478855663453	32.637956343300964	2.76286939651221	0.8333333333333333	0.0	
12.0	36.0	-1.4259208082741814	0.0	0.06981317007977318	9.0	26.0	-2.2113189716716297	0.5555555555555556	0.0	16.039131426105754	32.063260572168275	2.6756029339124936	0.2777777777777778	0.0	
12.0	36.0	-1.4259208082741814	0.0	0.06981317007977318	9.0	26.0	-2.2113189716716297	0.5555555555555556	0.0	12.415652570442303	30.425304228867308	2.76286939651221	0.2777777777777778	0.0	
15.0	5.0	-0.48651024365125384	0.0	0.17453292519943295	31.0	7.0	0.3861543823459108	2.2222222222222223	0.0	26.503861061643164	10.46911150685467	-1.6209742574475676	0.8333333333333333	0.0	
15.0	5.0	-0.48651024365125384	0.0	0.17453292519943295	31.0	7.0	0.3861543823459108	2.2222222222222223	0.0	18.751930530821582	7.484555753427335	-1.4464413322481349	0.2777777777777778	0.0	
15.0	5.0	-0.48651024365125384	0.0	0.17453292519943295	31.0	7.0	0.3861543823459108	2.2222222222222223	0.0	30.751930530821582	8.984555753427335	-1.2719084070487021	0.5555555555555556	0.0	
15.0	5.0	-0.48651024365125384	0.0	0.17453292519943295	31.0	7.0	0.3861543823459108	2.2222222222222223	0.0	22.503861061643164	9.96911150685467	-1.2719084070487021	1.1111111111111112	0.0	
8.0	35.0	-0.7317731501423026	0.0	-0.17453292519943295	31.0	28.0	0.48995732625372845	1.1111111111111112	0.0	15.20580807891348	38.033369402144295	-2.040770089138049	1.3888888888888888	0.0	
8.0	35.0	-0.7317731501423026	0.0	-0.17453292519943295	31.0	28.0	0.48995732625372845	1.1111111111111112	0.0	31.873484847348088	30.870021641286577	-1.6917042387391836	0.2777777777777778	0.0	
8.0	35.0	-0.7317731501423026	0.0	-0.17453292519943295	31.0	28.0	0.48995732625372845	1.1111111111111112	0.0	32.16464646313079	31.826695521715433	-2.040770089138049	0.8333333333333333	0.0	
8.0	35.0	-0.7317731501423026	0.0	-0.17453292519943295	31.0	28.0	0.48995732625372845	1.1111111111111112	0.0	26.70580807891348	34.533369402144295	-1.6917042387391836	1.3888888888888888	0.0	
26.0	24.0	2.3396942189863825	0.0	-0.017453292519943295	5.0	30.0	2.6014936067855317	0.0	0.0	14.12639436051311	22.192380261795883	1.2924966677897851	0.5555555555555556	0.0	
26.0	24.0	2.3396942189863825	0.0	-0.017453292519943295	5.0	30.0	2.6014936067855317	0.0	0.0	3.901115488410488	26.153904209436707	1.1179637425903524	0.8333333333333333	0.0	
26.0	24.0	2.3396942189863825	0.0	-0.017453292519943295	5.0	30.0	2.6014936067855317	0.0	0.0	9.700557744205243	26.576952104718355	1.2924966677897851	0.5555555555555556	0.0	
26.0	24.0	2.3396942189863825	0.0	-0.017453292519943295	5.0	30.0	2.6014936067855317	0.0	0.0	4.450557744205244	28.076952104718355	1.1179637425903524	0.5555555555555556	0.0	
8.0	35.0	-1.4001879390235081	0.0	0.08726646259971647	14.0	22.0	-0.8765891634252094	2.2222222222222223	0.0	16.131837538001808	26.92623270984699	-2.7964513406189715	0.2777777777777778	0.0	
8.0	35.0	-1.4001879390235081	0.0	0.08726646259971647	14.0	22.0	-0.8765891634252094	2.2222222222222223	0.0	16.723878153501353	23.257174532385243	-2.883717803218688	0.8333333333333333	0.0	
8.0	35.0	-1.4001879390235081	0.0	0.08726646259971647	14.0	22.0	-0.8765891634252094	2.2222222222222223	0.0	14.039796922502259	33.845290887308735	-2.6219184154195387	0.5555555555555556	0.0	
8.0	35.0	-1.4001879390235081	0.0	0.08726646259971647	14.0	22.0	-0.8765891634252094	2.2222222222222223	0.0	17.03979692250226	27.345290887308735	-2.883717803218688	0.2777777777777778	0.0	
