75.0	4.0	-3.141592653589793	0.0	0.10471975511965977	69.0	57.0	-3.141592653589793	2.7777777777777777	0.0	3
65.9993	41.9244	-1.5711	0.7556	-0.0087	
65.9976	41.8289	-1.5717	0.9556	-0.0175	
65.9945	41.7134	-1.5729	1.1556	-0.0262	
65.9895	41.5779	-1.5748	1.3556	-0.0349	
65.9821	41.4226	-1.5775	1.5556	-0.0436	
65.9717	41.2473	-1.5812	1.7556	-0.0524	
65.9577	41.0522	-1.586	1.9556	-0.0611	
65.9394	40.8375	-1.592	2.1556	-0.0698	
65.916	40.6031	-1.5994	2.3556	-0.0785	
65.8864	40.3492	-1.6083	2.5556	-0.0873	
65.8521	40.0758	-1.6179	2.7556	-0.0873	
65.8149	39.8006	-1.6276	2.7778	-0.0873	
65.775	39.5257	-1.6373	2.7778	-0.0873	
65.7325	39.2512	-1.647	2.7778	-0.0873	
65.6873	38.9771	-1.6567	2.7778	-0.0873	
65.6395	38.7035	-1.6663	2.7778	-0.0873	
65.589	38.4303	-1.676	2.7778	-0.0873	
65.5358	38.1577	-1.6857	2.7778	-0.0873	
65.48	37.8855	-1.6954	2.7778	-0.0873	
65.4216	37.614	-1.7051	2.7778	-0.0873	
65.3628	37.363	-1.715	2.5778	-0.096	
65.3042	37.1325	-1.7249	2.3778	-0.1047	
65.2466	36.9225	-1.7348	2.1778	-0.1134	
65.1908	36.7328	-1.7444	1.9778	-0.1222	
65.1375	36.5632	-1.7537	1.7778	-0.1309	
65.0875	36.4135	-1.7625	1.5778	-0.1396	
65.0416	36.2836	-1.7706	1.3778	-0.1484	
65.0004	36.1733	-1.778	1.1778	-0.1571	
64.9648	36.0822	-1.7844	0.9778	-0.1658	
64.9354	36.0102	-1.7898	0.7778	-0.1745	
64.9055	35.9384	-1.7952	0.7778	-0.1745	
64.8753	35.8667	-1.8006	0.7778	-0.1745	
64.8447	35.7952	-1.806	0.7778	-0.1745	
64.8137	35.7239	-1.8114	0.7778	-0.1745	
64.7823	35.6527	-1.8169	0.7778	-0.1745	
64.7506	35.5817	-1.8223	0.7778	-0.1745	
64.7185	35.5109	-1.8277	0.7778	-0.1745	
64.6859	35.4403	-1.8331	0.7778	-0.1745	
64.653	35.3698	-1.8385	0.7778	-0.1745	
64.6197	35.2995	-1.8439	0.7778	-0.1745	
64.6077	35.2744	-1.8458	0.2778	-0.1745	
64.6077	35.2744	-1.8458	0.0	-0.1745	
64.6077	35.2744	-1.8458	0.0	-0.1745	
64.6077	35.2744	-1.8458	0.0	-0.1745	
64.6077	35.2744	-1.8458	0.0	-0.1745	
64.6077	35.2744	-1.8458	0.0	-0.1745	
64.6077	35.2744	-1.8458	0.0	-0.1745	
64.6077	35.2744	-1.8458	0.0	-0.1745	
64.6077	35.2744	-1.8458	0.0	-0.1745	
64.6077	35.2744	-1.8458	0.0	-0.1745	
64.5903	35.2384	-1.8486	0.4	-0.1745	
64.5554	35.1665	-1.8541	0.8	-0.1745	
64.5023	35.0588	-1.8625	1.2	-0.1745	
64.4304	34.9159	-1.8736	1.6	-0.1745	
64.3385	34.7382	-1.8875	2.0	-0.1745	
64.2253	34.5266	-1.9041	2.4	-0.1745	
64.0902	34.2839	-1.9234	2.7778	-0.1745	
63.9505	34.0438	-1.9427	2.7778	-0.1745	
63.8061	33.8065	-1.962	2.7778	-0.1745	
63.6572	33.572	-1.9813	2.7778	-0.1745	
63.5018	33.3418	-2.0016	2.7778	-0.1833	
63.3398	33.1162	-2.0228	2.7778	-0.192	
63.1711	32.8955	-2.0449	2.7778	-0.2007	
62.9957	32.6801	-2.068	2.7778	-0.2094	
62.8135	32.4704	-2.0921	2.7778	-0.2182	
62.6245	32.2668	-2.1171	2.7778	-0.2269	
62.4288	32.0697	-2.143	2.7778	-0.2356	
62.2263	31.8795	-2.1699	2.7778	-0.2443	
62.0173	31.6966	-2.1977	2.7778	-0.2531	
61.8016	31.5215	-2.2265	2.7778	-0.2618	
61.5811	31.3527	-2.2552	2.7778	-0.2618	
61.3557	31.1902	-2.284	2.7778	-0.2618	
61.1258	31.0344	-2.3127	2.7778	-0.2618	
60.8915	30.8852	-2.3415	2.7778	-0.2618	
60.653	30.7427	-2.3702	2.7778	-0.2618	
60.4105	30.6072	-2.399	2.7778	-0.2618	
60.1642	30.4788	-2.4278	2.7778	-0.2618	
59.9144	30.3574	-2.4565	2.7778	-0.2618	
59.6611	30.2433	-2.4853	2.7778	-0.2618	
59.4047	30.1366	-2.514	2.7778	-0.2618	
59.1444	30.0395	-2.5437	2.7778	-0.2705	
58.8806	29.9525	-2.5744	2.7778	-0.2793	
58.6136	29.8759	-2.6059	2.7778	-0.288	
58.3437	29.8102	-2.6384	2.7778	-0.2967	
58.0713	29.7556	-2.6718	2.7778	-0.3054	
57.7969	29.7125	-2.7061	2.7778	-0.3142	
57.5209	29.6813	-2.7414	2.7778	-0.3229	
57.2438	29.6623	-2.7776	2.7778	-0.3316	
56.9661	29.6557	-2.8147	2.7778	-0.3403	
56.6884	29.6619	-2.8527	2.7778	-0.3491	
56.4511	29.6782	-2.886	2.3778	-0.3578	
56.2546	29.7001	-2.9143	1.9778	-0.3665	
56.0985	29.7234	-2.9375	1.5778	-0.3752	
55.9826	29.7444	-2.9551	1.1778	-0.384	
55.9065	29.7604	-2.967	0.7778	-0.3927	
55.8697	29.7689	-2.9729	0.3778	-0.4014	
55.8697	29.7689	-2.9729	0.0	-0.4102	
55.8697	29.7689	-2.9729	0.0	-0.4189	
55.8697	29.7689	-2.9729	0.0	-0.4276	
55.8697	29.7689	-2.9729	0.0	-0.4363	
55.831	29.7791	-2.9795	0.4	-0.4276	
55.7537	29.7994	-2.9926	0.8	-0.4189	
55.6377	29.8304	-3.0117	1.2	-0.4102	
55.4836	29.8733	-3.0367	1.6	-0.4014	
55.2918	29.9301	-3.0673	2.0	-0.3927	
55.0632	30.0032	-3.1033	2.4	-0.384	
54.8011	30.0951	3.1392	2.7778	-0.3752	
54.542	30.1953	3.0994	2.7778	-0.3665	
54.2861	30.3034	3.0604	2.7778	-0.3578	
54.0337	30.4193	3.0224	2.7778	-0.3491	
53.8304	30.5221	2.9913	2.2778	-0.3491	
53.6744	30.6072	2.967	1.7778	-0.3491	
53.5637	30.6711	2.9495	1.2778	-0.3491	
53.497	30.7112	2.9388	0.7778	-0.3491	
53.4734	30.7257	2.935	0.2778	-0.3491	
53.4734	30.7257	2.935	0.0	-0.3491	
53.4734	30.7257	2.935	0.0	-0.3491	
53.4734	30.7257	2.935	0.0	-0.3491	
53.4734	30.7257	2.935	0.0	-0.3491	
53.4734	30.7257	2.935	0.0	-0.3491	
53.4396	30.7471	2.9294	0.4	-0.3578	
53.3726	30.7909	2.918	0.8	-0.3665	
53.2735	30.8585	2.9004	1.2	-0.3752	
53.1438	30.9522	2.8764	1.6	-0.384	
52.9855	31.0745	2.8458	2.0	-0.3927	
52.8015	31.2286	2.8083	2.4	-0.4014	
52.597	31.4166	2.764	2.7778	-0.4102	
52.4028	31.6152	2.7188	2.7778	-0.4189	
52.2196	31.8239	2.6727	2.7778	-0.4276	
52.048	32.0424	2.6257	2.7778	-0.4363	
51.885	32.2673	2.5797	2.7778	-0.4276	
51.7304	32.4981	2.5345	2.7778	-0.4189	
51.5844	32.7344	2.4902	2.7778	-0.4102	
51.4469	32.9758	2.4468	2.7778	-0.4014	
51.3178	33.2217	2.4042	2.7778	-0.3927	
51.1971	33.4719	2.3626	2.7778	-0.384	
51.0847	33.726	2.3219	2.7778	-0.3752	
50.9805	33.9834	2.2821	2.7778	-0.3665	
50.8844	34.244	2.2432	2.7778	-0.3578	
50.7961	34.5074	2.2052	2.7778	-0.3491	
50.7156	34.7733	2.1681	2.7778	-0.3403	
50.6427	35.0413	2.1319	2.7778	-0.3316	
50.5771	35.3113	2.0966	2.7778	-0.3229	
50.5188	35.5828	2.0623	2.7778	-0.3142	
50.4674	35.8558	2.0289	2.7778	-0.3054	
50.4228	36.13	1.9964	2.7778	-0.2967	
50.3846	36.4051	1.9648	2.7778	-0.288	
50.3528	36.6811	1.9342	2.7778	-0.2793	
50.3271	36.9577	1.9045	2.7778	-0.2705	
50.3071	37.2347	1.8758	2.7778	-0.2618	
50.2951	37.5122	1.847	2.7778	-0.2618	
50.2911	37.79	1.8183	2.7778	-0.2618	
50.2951	38.0677	1.7895	2.7778	-0.2618	
50.3071	38.3453	1.7607	2.7778	-0.2618	
50.327	38.6223	1.732	2.7778	-0.2618	
50.3549	38.8987	1.7032	2.7778	-0.2618	
50.3907	39.1742	1.6745	2.7778	-0.2618	
50.4345	39.4485	1.6457	2.7778	-0.2618	
50.4861	39.7214	1.6169	2.7778	-0.2618	
50.5455	39.9928	1.5882	2.7778	-0.2618	
50.6104	40.2629	1.5604	2.7778	-0.2531	
50.6804	40.5317	1.5335	2.7778	-0.2443	
50.7553	40.7992	1.5076	2.7778	-0.2356	
50.8348	41.0653	1.4826	2.7778	-0.2269	
50.9185	41.3302	1.4585	2.7778	-0.2182	
51.0064	41.5937	1.4354	2.7778	-0.2094	
51.098	41.8559	1.4133	2.7778	-0.2007	
51.1931	42.1169	1.3921	2.7778	-0.192	
51.2915	42.3767	1.3718	2.7778	-0.1833	
51.3929	42.6353	1.3525	2.7778	-0.1745	
51.4992	42.8919	1.3332	2.7778	-0.1745	
51.6104	43.1464	1.3139	2.7778	-0.1745	
51.7266	43.3988	1.2946	2.7778	-0.1745	
51.8476	43.6488	1.2753	2.7778	-0.1745	
51.9734	43.8965	1.256	2.7778	-0.1745	
52.104	44.1417	1.2367	2.7778	-0.1745	
52.2392	44.3843	1.2175	2.7778	-0.1745	
52.3791	44.6242	1.1982	2.7778	-0.1745	
52.5237	44.8615	1.1789	2.7778	-0.1745	
52.6727	45.0959	1.1596	2.7778	-0.1745	
52.7987	45.2857	1.1437	2.2778	-0.1745	
52.8993	45.4322	1.1314	1.7778	-0.1745	
52.9729	45.5367	1.1225	1.2778	-0.1745	
53.0182	45.5998	1.1171	0.7778	-0.1745	
53.0346	45.6223	1.1152	0.2778	-0.1745	
53.0346	45.6223	1.1152	0.0	-0.1745	
53.0346	45.6223	1.1152	0.0	-0.1745	
53.0346	45.6223	1.1152	0.0	-0.1745	
53.0346	45.6223	1.1152	0.0	-0.1745	
53.0346	45.6223	1.1152	0.0	-0.1745	
53.0465	45.6384	1.1137	0.2	-0.1833	
53.0707	45.6702	1.1107	0.4	-0.192	
53.1075	45.7176	1.1059	0.6	-0.2007	
53.1574	45.7801	1.0992	0.8	-0.2094	
53.2211	45.8572	1.0906	1.0	-0.2182	
53.299	45.9485	1.0798	1.2	-0.2269	
53.392	46.0531	1.0667	1.4	-0.2356	
53.5009	46.1704	1.0512	1.6	-0.2443	
53.6266	46.2992	1.0332	1.8	-0.2531	
53.77	46.4387	1.0125	2.0	-0.2618	
53.9174	46.5738	0.9911	2.0	-0.2705	
54.0688	46.7045	0.9691	2.0	-0.2793	
54.2242	46.8304	0.9463	2.0	-0.288	
54.3834	46.9514	0.923	2.0	-0.2967	
54.5465	47.0672	0.8989	2.0	-0.3054	
54.7133	47.1776	0.8742	2.0	-0.3142	
54.8837	47.2823	0.8488	2.0	-0.3229	
55.0575	47.3812	0.8227	2.0	-0.3316	
55.2347	47.474	0.796	2.0	-0.3403	
55.415	47.5605	0.7687	2.0	-0.3491	
55.5703	47.6297	0.7454	1.7	-0.3491	
55.6994	47.6838	0.7263	1.4	-0.3491	
55.8017	47.7243	0.7112	1.1	-0.3491	
55.8765	47.7526	0.7003	0.8	-0.3491	
55.9234	47.7698	0.6934	0.5	-0.3491	
55.9423	47.7766	0.6907	0.2	-0.3491	
55.9423	47.7766	0.6907	0.0	-0.3491	
55.9423	47.7766	0.6907	0.0	-0.3491	
55.9423	47.7766	0.6907	0.0	-0.3491	
55.9423	47.7766	0.6907	0.0	-0.3491	
55.9611	47.7834	0.688	0.2	-0.3403	
55.9985	47.7974	0.6828	0.4	-0.3316	
56.0547	47.8185	0.6752	0.6	-0.3229	
56.1295	47.8468	0.6653	0.8	-0.3142	
56.2231	47.882	0.6533	1.0	-0.3054	
56.3356	47.9239	0.6393	1.2	-0.2967	
56.467	47.9721	0.6234	1.4	-0.288	
56.6177	48.0261	0.6057	1.6	-0.2793	
56.7876	48.0853	0.5865	1.8	-0.2705	
56.9772	48.1491	0.5658	2.0	-0.2618	
57.1485	48.2044	0.5477	1.8	-0.2531	
57.3012	48.2522	0.5323	1.6	-0.2443	
57.435	48.2932	0.5192	1.4	-0.2356	
57.55	48.3277	0.5084	1.2	-0.2269	
57.6458	48.3564	0.4997	1.0	-0.2182	
57.7224	48.3792	0.4931	0.8	-0.2094	
57.7799	48.3965	0.4883	0.6	-0.2007	
57.8181	48.4082	0.4852	0.4	-0.192	
57.8372	48.4142	0.4838	0.2	-0.1833	
57.8372	48.4142	0.4838	0.0	-0.1745	
57.8372	48.4142	0.4838	0.0	-0.1658	
57.8372	48.4142	0.4838	0.0	-0.1571	
57.8372	48.4142	0.4838	0.0	-0.1484	
57.8372	48.4142	0.4838	0.0	-0.1396	
57.8372	48.4142	0.4838	0.0	-0.1309	
57.8372	48.4142	0.4838	0.0	-0.1222	
57.8372	48.4142	0.4838	0.0	-0.1134	
57.8372	48.4142	0.4838	0.0	-0.1047	
57.8372	48.4142	0.4838	0.0	-0.096	
57.8372	48.4142	0.4838	0.0	-0.0873	
57.8372	48.4142	0.4838	0.0	-0.0873	
57.8372	48.4142	0.4838	0.0	-0.0873	
57.8372	48.4142	0.4838	0.0	-0.0873	
57.8372	48.4142	0.4838	0.0	-0.0873	
57.8372	48.4142	0.4838	0.0	-0.0873	
57.8372	48.4142	0.4838	0.0	-0.0873	
57.8372	48.4142	0.4838	0.0	-0.0873	
57.8372	48.4142	0.4838	0.0	-0.0873	
57.8372	48.4142	0.4838	0.0	-0.0873	
57.8372	48.4142	0.4838	0.0	-0.0873	
57.8372	48.4142	0.4838	0.0	-0.096	
57.8372	48.4142	0.4838	0.0	-0.1047	
57.8372	48.4142	0.4838	0.0	-0.1134	
57.8372	48.4142	0.4838	0.0	-0.1222	
57.8372	48.4142	0.4838	0.0	-0.1309	
57.8372	48.4142	0.4838	0.0	-0.1396	
57.8372	48.4142	0.4838	0.0	-0.1484	
57.8372	48.4142	0.4838	0.0	-0.1571	
57.8372	48.4142	0.4838	0.0	-0.1658	
57.8372	48.4142	0.4838	0.0	-0.1745	
57.8372	48.4142	0.4838	0.0	-0.1658	
57.8372	48.4142	0.4838	0.0	-0.1571	
57.8372	48.4142	0.4838	0.0	-0.1484	
57.8372	48.4142	0.4838	0.0	-0.1396	
57.8372	48.4142	0.4838	0.0	-0.1309	
57.8372	48.4142	0.4838	0.0	-0.1222	
57.8372	48.4142	0.4838	0.0	-0.1134	
57.8372	48.4142	0.4838	0.0	-0.1047	
57.8372	48.4142	0.4838	0.0	-0.096	
57.8372	48.4142	0.4838	0.0	-0.0873	
57.8557	48.4217	0.483	0.2	-0.096	
57.8929	48.4365	0.4813	0.4	-0.1047	
57.9489	48.4581	0.4786	0.6	-0.1134	
58.0239	48.486	0.4747	0.8	-0.1222	
58.118	48.5197	0.4695	1.0	-0.1309	
58.2315	48.5586	0.4628	1.2	-0.1396	
58.3647	48.6019	0.4545	1.4	-0.1484	
58.5177	48.6488	0.4445	1.6	-0.1571	
58.6907	48.6983	0.4326	1.8	-0.1658	
58.8841	48.7494	0.4188	2.0	-0.1745	
59.049	48.7905	0.4069	1.7	-0.1745	
59.1853	48.8227	0.3972	1.4	-0.1745	
59.2926	48.847	0.3896	1.1	-0.1745	
59.3707	48.8641	0.384	0.8	-0.1745	
59.4196	48.8745	0.3806	0.5	-0.1745	
59.4392	48.8786	0.3792	0.2	-0.1745	
59.4392	48.8786	0.3792	0.0	-0.1745	
59.4392	48.8786	0.3792	0.0	-0.1745	
59.4392	48.8786	0.3792	0.0	-0.1745	
59.4392	48.8786	0.3792	0.0	-0.1745	
59.4392	48.8786	0.3792	0.0	-0.1833	
59.4392	48.8786	0.3792	0.0	-0.192	
59.4392	48.8786	0.3792	0.0	-0.2007	
59.4392	48.8786	0.3792	0.0	-0.2094	
59.4392	48.8786	0.3792	0.0	-0.2182	
59.4392	48.8786	0.3792	0.0	-0.2269	
59.4392	48.8786	0.3792	0.0	-0.2356	
59.4392	48.8786	0.3792	0.0	-0.2443	
59.4392	48.8786	0.3792	0.0	-0.2531	
59.4392	48.8786	0.3792	0.0	-0.2618	
59.4392	48.8786	0.3792	0.0	-0.2618	
59.4392	48.8786	0.3792	0.0	-0.2618	
59.4392	48.8786	0.3792	0.0	-0.2618	
59.4392	48.8786	0.3792	0.0	-0.2618	
59.4392	48.8786	0.3792	0.0	-0.2618	
59.4392	48.8786	0.3792	0.0	-0.2618	
59.4392	48.8786	0.3792	0.0	-0.2618	
59.4392	48.8786	0.3792	0.0	-0.2618	
59.4392	48.8786	0.3792	0.0	-0.2618	
59.4392	48.8786	0.3792	0.0	-0.2618	
59.4392	48.8786	0.3792	0.0	-0.2705	
59.4392	48.8786	0.3792	0.0	-0.2793	
59.4392	48.8786	0.3792	0.0	-0.288	
59.4392	48.8786	0.3792	0.0	-0.2967	
59.4392	48.8786	0.3792	0.0	-0.3054	
59.4392	48.8786	0.3792	0.0	-0.3142	
59.4392	48.8786	0.3792	0.0	-0.3229	
59.4392	48.8786	0.3792	0.0	-0.3316	
59.4392	48.8786	0.3792	0.0	-0.3403	
59.4392	48.8786	0.3792	0.0	-0.3491	
59.4392	48.8786	0.3792	0.0	-0.3491	
59.4392	48.8786	0.3792	0.0	-0.3491	
59.4392	48.8786	0.3792	0.0	-0.3491	
59.4392	48.8786	0.3792	0.0	-0.3491	
59.4392	48.8786	0.3792	0.0	-0.3491	
59.4392	48.8786	0.3792	0.0	-0.3491	
59.4392	48.8786	0.3792	0.0	-0.3491	
59.4392	48.8786	0.3792	0.0	-0.3491	
59.4392	48.8786	0.3792	0.0	-0.3491	
59.4392	48.8786	0.3792	0.0	-0.3491	
59.4892	48.8805	0.3725	0.5	-0.3403	
59.5891	48.8846	0.3595	1.0	-0.3316	
59.739	48.8901	0.3404	1.5	-0.3229	
59.9389	48.8953	0.3157	2.0	-0.3142	
60.1889	48.8979	0.2856	2.5	-0.3054	
60.4667	48.8948	0.2531	2.7778	-0.2967	
60.7443	48.8851	0.2216	2.7778	-0.288	
61.0216	48.8691	0.191	2.7778	-0.2793	
61.2985	48.8471	0.1613	2.7778	-0.2705	
61.5749	48.8192	0.1325	2.7778	-0.2618	
61.8007	48.7898	0.1089	2.2778	-0.2618	
61.9764	48.7627	0.0905	1.7778	-0.2618	
62.1023	48.741	0.0773	1.2778	-0.2618	
62.1788	48.7267	0.0692	0.7778	-0.2618	
62.2061	48.7214	0.0664	0.2778	-0.2618	
62.2061	48.7214	0.0664	0.0	-0.2618	
62.2061	48.7214	0.0664	0.0	-0.2618	
62.2061	48.7214	0.0664	0.0	-0.2618	
62.2061	48.7214	0.0664	0.0	-0.2618	
62.2061	48.7214	0.0664	0.0	-0.2618	
62.2257	48.7177	0.0644	0.2	-0.2531	
62.2651	48.7105	0.0605	0.4	-0.2443	
62.3242	48.7001	0.0549	0.6	-0.2356	
62.403	48.6864	0.0477	0.8	-0.2269	
62.5015	48.6694	0.039	1.0	-0.2182	
62.6198	48.6491	0.0291	1.2	-0.2094	
62.7577	48.6251	0.0179	1.4	-0.2007	
62.9153	48.5974	0.0057	1.6	-0.192	
63.0925	48.5656	-0.0074	1.8	-0.1833	
63.2892	48.5294	-0.0213	2.0	-0.1745	
63.525	48.4848	-0.0372	2.4	-0.1658	
63.7975	48.4312	-0.0546	2.7778	-0.1571	
64.0696	48.3752	-0.071	2.7778	-0.1484	
64.3413	48.3171	-0.0864	2.7778	-0.1396	
64.6125	48.2572	-0.1009	2.7778	-0.1309	
64.8834	48.1958	-0.1145	2.7778	-0.1222	
65.154	48.133	-0.1271	2.7778	-0.1134	
65.4243	48.0692	-0.1387	2.7778	-0.1047	
65.6945	48.0046	-0.1493	2.7778	-0.096	
65.9645	47.9395	-0.159	2.7778	-0.0873	
66.2345	47.8741	-0.1677	2.7778	-0.0785	
66.5045	47.8087	-0.1755	2.7778	-0.0698	
66.7745	47.7436	-0.1823	2.7778	-0.0611	
67.0447	47.6791	-0.1881	2.7778	-0.0524	
67.3151	47.6153	-0.1929	2.7778	-0.0436	
67.5857	47.5525	-0.1968	2.7778	-0.0349	
67.8566	47.4911	-0.1997	2.7778	-0.0262	
68.1278	47.4313	-0.2017	2.7778	-0.0175	
68.3995	47.3733	-0.2026	2.7778	-0.0087	
68.6716	47.3174	-0.2026	2.7778	0.0	
68.9432	47.2591	-0.2036	2.7778	-0.0087	
69.2142	47.1982	-0.2055	2.7778	-0.0175	
69.4845	47.1344	-0.2084	2.7778	-0.0262	
69.7541	47.0675	-0.2123	2.7778	-0.0349	
70.0229	46.9971	-0.2172	2.7778	-0.0436	
70.2906	46.9232	-0.223	2.7778	-0.0524	
70.5573	46.8453	-0.2298	2.7778	-0.0611	
70.8227	46.7633	-0.2375	2.7778	-0.0698	
71.0867	46.677	-0.2462	2.7778	-0.0785	
71.3492	46.5861	-0.2559	2.7778	-0.0873	
-1
70.0	40.0	-3.1416	0.0	0.0087	
70.0	40.0	-3.1416	0.0	0.0175	
70.0	40.0	-3.1416	0.0	0.0262	
70.0	40.0	-3.1416	0.0	0.0349	
70.0	40.0	-3.1416	0.0	0.0436	
70.0	40.0	-3.1416	0.0	0.0524	
70.0	40.0	-3.1416	0.0	0.0611	
70.0	40.0	-3.1416	0.0	0.0698	
70.0	40.0	-3.1416	0.0	0.0785	
70.0	40.0	-3.1416	0.0	0.0873	
70.0	40.0	-3.1416	0.0	0.0785	
70.0	40.0	-3.1416	0.0	0.0698	
70.0	40.0	-3.1416	0.0	0.0611	
70.0	40.0	-3.1416	0.0	0.0524	
70.0	40.0	-3.1416	0.0	0.0436	
70.0	40.0	-3.1416	0.0	0.0349	
70.0	40.0	-3.1416	0.0	0.0262	
70.0	40.0	-3.1416	0.0	0.0175	
70.0	40.0	-3.1416	0.0	0.0087	
70.0	40.0	-3.1416	0.0	0.0	
70.0	40.0	-3.1416	0.0	-0.0087	
70.0	40.0	-3.1416	0.0	-0.0175	
70.0	40.0	-3.1416	0.0	-0.0262	
70.0	40.0	-3.1416	0.0	-0.0349	
70.0	40.0	-3.1416	0.0	-0.0436	
70.0	40.0	-3.1416	0.0	-0.0524	
70.0	40.0	-3.1416	0.0	-0.0611	
70.0	40.0	-3.1416	0.0	-0.0698	
70.0	40.0	-3.1416	0.0	-0.0785	
70.0	40.0	-3.1416	0.0	-0.0873	
69.9701	40.0026	3.1405	0.3	-0.0873	
69.9103	40.0079	3.1385	0.6	-0.0873	
69.8207	40.016	3.1353	0.9	-0.0873	
69.7012	40.0272	3.1311	1.2	-0.0873	
69.552	40.0419	3.1259	1.5	-0.0873	
69.3729	40.0604	3.1196	1.8	-0.0873	
69.1642	40.0833	3.1123	2.1	-0.0873	
68.9258	40.1112	3.1039	2.4	-0.0873	
68.6579	40.1448	3.0945	2.7	-0.0873	
68.3826	40.182	3.0848	2.7778	-0.0873	
68.1275	40.219	3.0759	2.5778	-0.0873	
67.8925	40.2553	3.0676	2.3778	-0.0873	
67.6776	40.2902	3.06	2.1778	-0.0873	
67.4826	40.3235	3.0531	1.9778	-0.0873	
67.3076	40.3546	3.0469	1.7778	-0.0873	
67.1524	40.3831	3.0414	1.5778	-0.0873	
67.017	40.4088	3.0366	1.3778	-0.0873	
66.9014	40.4313	3.0325	1.1778	-0.0873	
66.8055	40.4504	3.0291	0.9778	-0.0873	
66.7293	40.4658	3.0264	0.7778	-0.0873	
66.6235	40.4866	3.023	1.0778	-0.0785	
66.4882	40.5124	3.0191	1.3778	-0.0698	
66.3232	40.543	3.015	1.6778	-0.0611	
66.1286	40.5782	3.0109	1.9778	-0.0524	
65.9043	40.6177	3.0069	2.2778	-0.0436	
65.6502	40.6612	3.0033	2.5778	-0.0349	
65.3762	40.7067	3.0004	2.7778	-0.0262	
65.1019	40.7506	2.9985	2.7778	-0.0175	
64.8273	40.7926	2.9975	2.7778	-0.0087	
64.5524	40.8325	2.9975	2.7778	0.0	
64.3075	40.8702	2.9966	2.4778	-0.0087	
64.0926	40.9054	2.9951	2.1778	-0.0175	
63.9076	40.9377	2.9931	1.8778	-0.0262	
63.7525	40.9664	2.9909	1.5778	-0.0349	
63.6271	40.9911	2.9887	1.2778	-0.0436	
63.5314	41.011	2.9867	0.9778	-0.0524	
63.4652	41.0256	2.985	0.6778	-0.0611	
63.4284	41.034	2.984	0.3778	-0.0698	
63.4208	41.0359	2.9837	0.0778	-0.0785	
63.4208	41.0359	2.9837	0.0	-0.0873	
63.4111	41.0382	2.9834	0.1	-0.0785	
63.3916	41.0427	2.9828	0.2	-0.0698	
63.3623	41.0493	2.9821	0.3	-0.0611	
63.3232	41.0577	2.9813	0.4	-0.0524	
63.2742	41.0678	2.9804	0.5	-0.0436	
63.2154	41.0795	2.9796	0.6	-0.0349	
63.1466	41.0926	2.9788	0.7	-0.0262	
63.0679	41.1069	2.9783	0.8	-0.0175	
62.9793	41.1223	2.978	0.9	-0.0087	
62.8806	41.1386	2.978	1.0	0.0	
62.7918	41.1533	2.978	0.9	0.0	
62.7129	41.1663	2.978	0.8	0.0	
62.6438	41.1777	2.978	0.7	0.0	
62.5846	41.1875	2.978	0.6	0.0	
62.5353	41.1956	2.978	0.5	0.0	
62.4958	41.2022	2.978	0.4	0.0	
62.4662	41.207	2.978	0.3	0.0	
62.4465	41.2103	2.978	0.2	0.0	
62.4366	41.2119	2.978	0.1	0.0	
62.4366	41.2119	2.978	0.0	0.0	
62.4169	41.2154	2.9779	0.2	-0.0087	
62.3776	41.2226	2.9776	0.4	-0.0175	
62.3186	41.2339	2.977	0.6	-0.0262	
62.2402	41.2498	2.9759	0.8	-0.0349	
62.1424	41.2706	2.9741	1.0	-0.0436	
62.0253	41.2967	2.9716	1.2	-0.0524	
61.889	41.3288	2.9682	1.4	-0.0611	
61.7337	41.3673	2.9637	1.6	-0.0698	
61.5596	41.413	2.9581	1.8	-0.0785	
61.3669	41.4665	2.9511	2.0	-0.0873	
61.1463	41.5315	2.9423	2.3	-0.096	
60.8982	41.6093	2.9314	2.6	-0.1047	
60.6348	41.6976	2.9188	2.7778	-0.1134	
60.3734	41.7916	2.9053	2.7778	-0.1222	
60.1142	41.8913	2.8908	2.7778	-0.1309	
59.8573	41.997	2.8753	2.7778	-0.1396	
59.603	42.1089	2.8589	2.7778	-0.1484	
59.3517	42.2271	2.8415	2.7778	-0.1571	
59.1035	42.3519	2.8232	2.7778	-0.1658	
58.8588	42.4834	2.8039	2.7778	-0.1745	
58.6167	42.6195	2.7846	2.7778	-0.1745	
58.3772	42.7603	2.7653	2.7778	-0.1745	
58.1405	42.9057	2.746	2.7778	-0.1745	
57.9067	43.0556	2.7267	2.7778	-0.1745	
57.6758	43.21	2.7074	2.7778	-0.1745	
57.4479	43.3689	2.6881	2.7778	-0.1745	
57.2231	43.5321	2.6688	2.7778	-0.1745	
57.0015	43.6996	2.6495	2.7778	-0.1745	
56.7832	43.8713	2.6302	2.7778	-0.1745	
56.5683	44.0473	2.6109	2.7778	-0.1745	
56.3859	44.1998	2.5952	2.3778	-0.1658	
56.235	44.3277	2.5829	1.9778	-0.1571	
56.1151	44.4302	2.5735	1.5778	-0.1484	
56.0256	44.5068	2.567	1.1778	-0.1396	
55.9664	44.5572	2.5629	0.7778	-0.1309	
55.9375	44.5816	2.5611	0.3778	-0.1222	
55.9375	44.5816	2.5611	0.0	-0.1134	
55.9375	44.5816	2.5611	0.0	-0.1047	
55.9375	44.5816	2.5611	0.0	-0.096	
55.9375	44.5816	2.5611	0.0	-0.0873	
55.9375	44.5816	2.5611	0.0	-0.0785	
55.9375	44.5816	2.5611	0.0	-0.0698	
55.9375	44.5816	2.5611	0.0	-0.0611	
55.9375	44.5816	2.5611	0.0	-0.0524	
55.9375	44.5816	2.5611	0.0	-0.0436	
55.9375	44.5816	2.5611	0.0	-0.0349	
55.9375	44.5816	2.5611	0.0	-0.0262	
55.9375	44.5816	2.5611	0.0	-0.0175	
55.9375	44.5816	2.5611	0.0	-0.0087	
55.9375	44.5816	2.5611	0.0	0.0	
55.9375	44.5816	2.5611	0.0	0.0	
55.9375	44.5816	2.5611	0.0	0.0	
55.9375	44.5816	2.5611	0.0	0.0	
55.9375	44.5816	2.5611	0.0	0.0	
55.9375	44.5816	2.5611	0.0	0.0	
55.9375	44.5816	2.5611	0.0	0.0	
55.9375	44.5816	2.5611	0.0	0.0	
55.9375	44.5816	2.5611	0.0	0.0	
55.9375	44.5816	2.5611	0.0	0.0	
55.9375	44.5816	2.5611	0.0	0.0	
55.9375	44.5816	2.5611	0.0	0.0	
55.9375	44.5816	2.5611	0.0	0.0	
55.9375	44.5816	2.5611	0.0	0.0	
55.9375	44.5816	2.5611	0.0	0.0	
55.9375	44.5816	2.5611	0.0	0.0	
55.9375	44.5816	2.5611	0.0	0.0	
55.9375	44.5816	2.5611	0.0	0.0	
55.9375	44.5816	2.5611	0.0	0.0	
55.9375	44.5816	2.5611	0.0	0.0	
55.9375	44.5816	2.5611	0.0	0.0	
55.9039	44.6032	2.5612	0.4	0.0087	
55.8362	44.6459	2.5618	0.8	0.0175	
55.7341	44.709	2.563	1.2	0.0262	
55.5972	44.7918	2.5653	1.6	0.0349	
55.4249	44.8933	2.5688	2.0	0.0436	
55.2167	45.0127	2.5738	2.4	0.0524	
54.9738	45.1475	2.5806	2.7778	0.0611	
54.7289	45.2785	2.5883	2.7778	0.0698	
54.4818	45.4055	2.597	2.7778	0.0785	
54.2326	45.5281	2.6067	2.7778	0.0873	
53.9832	45.6505	2.6154	2.7778	0.0785	
53.7339	45.773	2.6232	2.7778	0.0698	
53.4846	45.8956	2.63	2.7778	0.0611	
53.2356	46.0187	2.6358	2.7778	0.0524	
52.987	46.1426	2.6406	2.7778	0.0436	
52.7389	46.2674	2.6445	2.7778	0.0349	
52.4913	46.3934	2.6474	2.7778	0.0262	
52.2445	46.5209	2.6494	2.7778	0.0175	
51.9986	46.65	2.6503	2.7778	0.0087	
51.7536	46.7811	2.6503	2.7778	0.0	
51.5076	46.91	2.6513	2.7778	0.0087	
51.2603	47.0365	2.6532	2.7778	0.0175	
51.0116	47.1603	2.6562	2.7778	0.0262	
50.7616	47.2813	2.66	2.7778	0.0349	
50.51	47.3991	2.6649	2.7778	0.0436	
50.2569	47.5135	2.6707	2.7778	0.0524	
50.0021	47.6241	2.6775	2.7778	0.0611	
49.7456	47.7309	2.6852	2.7778	0.0698	
49.4875	47.8333	2.6939	2.7778	0.0785	
49.2275	47.9313	2.7036	2.7778	0.0873	
48.9666	48.0267	2.7133	2.7778	0.0873	
48.7049	48.1196	2.723	2.7778	0.0873	
48.4422	48.21	2.7327	2.7778	0.0873	
48.1787	48.2978	2.7424	2.7778	0.0873	
47.9143	48.383	2.752	2.7778	0.0873	
47.6491	48.4657	2.7617	2.7778	0.0873	
47.3831	48.5459	2.7714	2.7778	0.0873	
47.1164	48.6234	2.7811	2.7778	0.0873	
46.8489	48.6984	2.7908	2.7778	0.0873	
46.5807	48.7707	2.8005	2.7778	0.0873	
46.3312	48.8355	2.8095	2.5778	0.0873	
46.1005	48.8931	2.8177	2.3778	0.0873	
45.8888	48.9442	2.8253	2.1778	0.0873	
45.6962	48.989	2.8322	1.9778	0.0873	
45.5228	49.0282	2.8384	1.7778	0.0873	
45.3687	49.062	2.8439	1.5778	0.0873	
45.234	49.0908	2.8487	1.3778	0.0873	
45.1187	49.1148	2.8528	1.1778	0.0873	
45.0229	49.1344	2.8562	0.9778	0.0873	
44.9466	49.1497	2.859	0.7778	0.0873	
44.8409	49.1706	2.8627	1.0778	0.0873	
44.7056	49.1969	2.8675	1.3778	0.0873	
44.5408	49.228	2.8734	1.6778	0.0873	
44.3462	49.2636	2.8803	1.9778	0.0873	
44.1219	49.3031	2.8882	2.2778	0.0873	
43.8676	49.3457	2.8972	2.5778	0.0873	
43.5933	49.3892	2.9069	2.7778	0.0873	
43.3185	49.43	2.9166	2.7778	0.0873	
43.0434	49.4681	2.9262	2.7778	0.0873	
42.7679	49.5036	2.9359	2.7778	0.0873	
42.532	49.5338	2.9434	2.3778	0.0785	
42.3359	49.5591	2.9489	1.9778	0.0698	
42.1795	49.5798	2.9528	1.5778	0.0611	
42.0628	49.5958	2.9552	1.1778	0.0524	
41.9858	49.6069	2.9566	0.7778	0.0436	
41.9484	49.6125	2.9571	0.3778	0.0349	
41.9484	49.6125	2.9571	0.0	0.0262	
41.9484	49.6125	2.9571	0.0	0.0175	
41.9484	49.6125	2.9571	0.0	0.0087	
41.9484	49.6125	2.9571	0.0	0.0	
41.9484	49.6125	2.9571	0.0	0.0	
41.9484	49.6125	2.9571	0.0	0.0	
41.9484	49.6125	2.9571	0.0	0.0	
41.9484	49.6125	2.9571	0.0	0.0	
41.9484	49.6125	2.9571	0.0	0.0	
41.9484	49.6125	2.9571	0.0	0.0	
41.9484	49.6125	2.9571	0.0	0.0	
41.9484	49.6125	2.9571	0.0	0.0	
41.9484	49.6125	2.9571	0.0	0.0	
41.9484	49.6125	2.9571	0.0	0.0	
41.9386	49.6144	2.9571	0.1	-0.0087	
41.919	49.6185	2.9569	0.2	-0.0175	
41.8897	49.6247	2.9566	0.3	-0.0262	
41.8507	49.6335	2.9561	0.4	-0.0349	
41.802	49.6448	2.9552	0.5	-0.0436	
41.7437	49.659	2.9539	0.6	-0.0524	
41.6758	49.6762	2.9522	0.7	-0.0611	
41.5985	49.6967	2.95	0.8	-0.0698	
41.5118	49.7208	2.9472	0.9	-0.0785	
41.4157	49.7486	2.9437	1.0	-0.0873	
41.3296	49.7746	2.9402	0.9	-0.096	
41.2533	49.7987	2.9369	0.8	-0.1047	
41.1868	49.8206	2.9337	0.7	-0.1134	
41.13	49.8401	2.9308	0.6	-0.1222	
41.0829	49.8568	2.9282	0.5	-0.1309	
41.0454	49.8707	2.926	0.4	-0.1396	
41.0173	49.8813	2.9242	0.3	-0.1484	
40.9987	49.8887	2.9229	0.2	-0.1571	
40.9895	49.8924	2.9223	0.1	-0.1658	
40.9895	49.8924	2.9223	0.0	-0.1745	
40.9895	49.8924	2.9223	0.0	-0.1745	
40.9895	49.8924	2.9223	0.0	-0.1745	
40.9895	49.8924	2.9223	0.0	-0.1745	
40.9895	49.8924	2.9223	0.0	-0.1745	
40.9895	49.8924	2.9223	0.0	-0.1745	
40.9895	49.8924	2.9223	0.0	-0.1745	
40.9895	49.8924	2.9223	0.0	-0.1745	
40.9895	49.8924	2.9223	0.0	-0.1745	
40.9895	49.8924	2.9223	0.0	-0.1745	
40.9895	49.8924	2.9223	0.0	-0.1745	
40.9525	49.9078	2.9195	0.4	-0.1745	
40.8787	49.9387	2.9139	0.8	-0.1745	
40.7683	49.9856	2.9056	1.2	-0.1745	
40.6216	50.0495	2.8945	1.6	-0.1745	
40.4391	50.1313	2.8806	2.0	-0.1745	
40.2215	50.2326	2.8639	2.4	-0.1745	
39.9717	50.354	2.8446	2.7778	-0.1745	
39.7242	50.4801	2.8253	2.7778	-0.1745	
39.4792	50.6111	2.806	2.7778	-0.1745	
39.2368	50.7467	2.7867	2.7778	-0.1745	
39.0069	50.8839	2.7672	2.6778	-0.1833	
38.7893	51.0222	2.7476	2.5778	-0.192	
38.5841	51.1611	2.7278	2.4778	-0.2007	
38.391	51.2999	2.708	2.3778	-0.2094	
38.2099	51.438	2.6883	2.2778	-0.2182	
38.0406	51.575	2.6687	2.1778	-0.2269	
37.8829	51.7102	2.6493	2.0778	-0.2356	
37.7364	51.8431	2.6302	1.9778	-0.2443	
37.6008	51.973	2.6114	1.8778	-0.2531	
37.476	52.0996	2.5929	1.7778	-0.2618	
37.3741	52.2067	2.5776	1.4778	-0.2618	
37.2943	52.2932	2.5655	1.1778	-0.2618	
37.2355	52.3585	2.5564	0.8778	-0.2618	
37.1973	52.4018	2.5504	0.5778	-0.2618	
37.179	52.4227	2.5475	0.2778	-0.2618	
37.179	52.4227	2.5475	0.0	-0.2618	
37.179	52.4227	2.5475	0.0	-0.2618	
37.179	52.4227	2.5475	0.0	-0.2618	
37.179	52.4227	2.5475	0.0	-0.2618	
37.179	52.4227	2.5475	0.0	-0.2618	
37.179	52.4227	2.5475	0.0	-0.2531	
37.179	52.4227	2.5475	0.0	-0.2443	
37.179	52.4227	2.5475	0.0	-0.2356	
37.179	52.4227	2.5475	0.0	-0.2269	
37.179	52.4227	2.5475	0.0	-0.2182	
37.179	52.4227	2.5475	0.0	-0.2094	
37.179	52.4227	2.5475	0.0	-0.2007	
37.179	52.4227	2.5475	0.0	-0.192	
37.179	52.4227	2.5475	0.0	-0.1833	
37.179	52.4227	2.5475	0.0	-0.1745	
37.179	52.4227	2.5475	0.0	-0.1833	
37.179	52.4227	2.5475	0.0	-0.192	
37.179	52.4227	2.5475	0.0	-0.2007	
37.179	52.4227	2.5475	0.0	-0.2094	
37.179	52.4227	2.5475	0.0	-0.2182	
37.179	52.4227	2.5475	0.0	-0.2269	
37.179	52.4227	2.5475	0.0	-0.2356	
37.179	52.4227	2.5475	0.0	-0.2443	
37.179	52.4227	2.5475	0.0	-0.2531	
37.179	52.4227	2.5475	0.0	-0.2618	
37.179	52.4227	2.5475	0.0	-0.2618	
37.179	52.4227	2.5475	0.0	-0.2618	
37.179	52.4227	2.5475	0.0	-0.2618	
37.179	52.4227	2.5475	0.0	-0.2618	
37.179	52.4227	2.5475	0.0	-0.2618	
37.179	52.4227	2.5475	0.0	-0.2618	
37.179	52.4227	2.5475	0.0	-0.2618	
37.179	52.4227	2.5475	0.0	-0.2618	
37.179	52.4227	2.5475	0.0	-0.2618	
37.179	52.4227	2.5475	0.0	-0.2618	
37.179	52.4227	2.5475	0.0	-0.2705	
37.179	52.4227	2.5475	0.0	-0.2793	
37.179	52.4227	2.5475	0.0	-0.288	
37.179	52.4227	2.5475	0.0	-0.2967	
37.179	52.4227	2.5475	0.0	-0.3054	
37.179	52.4227	2.5475	0.0	-0.3142	
37.179	52.4227	2.5475	0.0	-0.3229	
37.179	52.4227	2.5475	0.0	-0.3316	
37.179	52.4227	2.5475	0.0	-0.3403	
37.179	52.4227	2.5475	0.0	-0.3491	
37.179	52.4227	2.5475	0.0	-0.3578	
37.179	52.4227	2.5475	0.0	-0.3665	
37.179	52.4227	2.5475	0.0	-0.3752	
37.179	52.4227	2.5475	0.0	-0.384	
37.179	52.4227	2.5475	0.0	-0.3927	
37.179	52.4227	2.5475	0.0	-0.4014	
37.179	52.4227	2.5475	0.0	-0.4102	
37.179	52.4227	2.5475	0.0	-0.4189	
37.179	52.4227	2.5475	0.0	-0.4276	
37.179	52.4227	2.5475	0.0	-0.4363	
37.179	52.4227	2.5475	0.0	-0.4451	
37.179	52.4227	2.5475	0.0	-0.4538	
37.179	52.4227	2.5475	0.0	-0.4625	
37.179	52.4227	2.5475	0.0	-0.4712	
37.179	52.4227	2.5475	0.0	-0.48	
37.179	52.4227	2.5475	0.0	-0.4887	
37.179	52.4227	2.5475	0.0	-0.4974	
37.179	52.4227	2.5475	0.0	-0.5061	
37.179	52.4227	2.5475	0.0	-0.5149	
37.179	52.4227	2.5475	0.0	-0.5236	
37.1618	52.4588	2.5394	0.4	-0.5323	
37.1286	52.5316	2.5229	0.8	-0.5411	
37.0816	52.642	2.4978	1.2	-0.5498	
37.024	52.7913	2.4639	1.6	-0.5585	
36.96	52.9808	2.4209	2.0	-0.5672	
36.895	53.2118	2.3686	2.4	-0.576	
36.8362	53.4833	2.3073	2.7778	-0.5847	
36.7966	53.7582	2.2452	2.7778	-0.5934	
36.7766	54.0353	2.1823	2.7778	-0.6021	
36.7764	54.313	2.1185	2.7778	-0.6109	
36.7939	54.5903	2.0548	2.7778	-0.6109	
36.8291	54.8658	1.9911	2.7778	-0.6109	
36.8817	55.1386	1.9273	2.7778	-0.6109	
36.9516	55.4074	1.8636	2.7778	-0.6109	
37.0385	55.6713	1.7999	2.7778	-0.6109	
37.142	55.929	1.7361	2.7778	-0.6109	
74	44	1.5708	2.7778	-0.6109	
74.1593	44.2275	1.5071	2.7778	-0.6109	
74.3328	44.4445	1.4433	2.7778	-0.6109	
74.5198	44.6499	1.3796	2.7778	-0.6109	
74.7194	44.843	1.3159	2.7778	-0.6109	
74.931	45.023	1.2521	2.7778	-0.6109	
75.1536	45.1892	1.1884	2.7778	-0.6109	
75.3863	45.3409	1.1247	2.7778	-0.6109	
75.6282	45.4774	1.061	2.7778	-0.6109	
75.8783	45.5983	0.9972	2.7778	-0.6109	
76.1356	45.7029	0.9335	2.7778	-0.6109	
76.3991	45.791	0.8698	2.7778	-0.6109	
76.6676	45.8621	0.806	2.7778	-0.6109	
76.9401	45.916	0.7423	2.7778	-0.6109	
77.2158	45.95	0.6778	2.7778	-0.6196	
77.4932	45.9637	0.6125	2.7778	-0.6283	
77.7709	45.9569	0.5464	2.7778	-0.637	
78.0473	45.9293	0.4795	2.7778	-0.6458	
78.3209	45.881	0.4119	2.7778	-0.6545	
78.5899	45.8119	0.3435	2.7778	-0.6632	
78.8529	45.7223	0.2743	2.7778	-0.672	
79.108	45.6124	0.2044	2.7778	-0.6807	
79.3537	45.4829	0.1337	2.7778	-0.6894	
79.5884	45.3343	0.0623	2.7778	-0.6981	
-1
80	16	0.0	2.0444	-0.0087	
80.2144	15.9963	-0.0015	2.1444	-0.0175	
80.4388	15.99	-0.0038	2.2444	-0.0262	
80.673	15.981	-0.0071	2.3444	-0.0349	
80.9172	15.9686	-0.0114	2.4444	-0.0436	
81.1711	15.9524	-0.0167	2.5444	-0.0524	
81.4347	15.9318	-0.0232	2.6444	-0.0611	
81.708	15.9063	-0.0308	2.7444	-0.0698	
81.9841	15.876	-0.0395	2.7778	-0.0785	
82.2597	15.8409	-0.0492	2.7778	-0.0873	
82.5345	15.8007	-0.0599	2.7778	-0.096	
82.8085	15.7552	-0.0715	2.7778	-0.1047	
83.0816	15.7041	-0.0841	2.7778	-0.1134	
83.3535	15.6472	-0.0976	2.7778	-0.1222	
83.624	15.5843	-0.1121	2.7778	-0.1309	
83.8931	15.5151	-0.1276	2.7778	-0.1396	
84.1603	15.4394	-0.144	2.7778	-0.1484	
84.4256	15.357	-0.1614	2.7778	-0.1571	
84.6886	15.2677	-0.1797	2.7778	-0.1658	
84.9492	15.1714	-0.199	2.7778	-0.1745	
85.1612	15.0883	-0.2148	2.2778	-0.1745	
85.3257	15.0208	-0.2272	1.7778	-0.1745	
85.4433	14.9708	-0.2361	1.2778	-0.1745	
85.5146	14.9398	-0.2415	0.7778	-0.1745	
85.54	14.9286	-0.2434	0.2778	-0.1745	
85.54	14.9286	-0.2434	0.0	-0.1745	
85.54	14.9286	-0.2434	0.0	-0.1745	
85.54	14.9286	-0.2434	0.0	-0.1745	
85.54	14.9286	-0.2434	0.0	-0.1745	
85.54	14.9286	-0.2434	0.0	-0.1745	
85.5856	14.9079	-0.247	0.5	-0.1833	
85.6761	14.8654	-0.2547	1.0	-0.192	
85.8108	14.7994	-0.2666	1.5	-0.2007	
85.9886	14.7077	-0.2833	2.0	-0.2094	
86.2078	14.5876	-0.3049	2.5	-0.2182	
86.4472	14.4467	-0.3299	2.7778	-0.2269	
86.6817	14.2978	-0.3558	2.7778	-0.2356	
86.911	14.141	-0.3827	2.7778	-0.2443	
87.1345	13.976	-0.4105	2.7778	-0.2531	
87.3518	13.803	-0.4393	2.7778	-0.2618	
87.5625	13.622	-0.469	2.7778	-0.2705	
87.766	13.433	-0.4996	2.7778	-0.2793	
87.962	13.2361	-0.5312	2.7778	-0.288	
88.1499	13.0316	-0.5637	2.7778	-0.2967	
88.3292	12.8194	-0.5971	2.7778	-0.3054	
88.4995	12.5999	-0.6314	2.7778	-0.3142	
88.6601	12.3732	-0.6667	2.7778	-0.3229	
88.8105	12.1398	-0.7028	2.7778	-0.3316	
88.9504	11.8998	-0.7399	2.7778	-0.3403	
89.0791	11.6536	-0.7779	2.7778	-0.3491	
89.1962	11.4128	-0.8137	2.6778	-0.3403	
89.3026	11.178	-0.8473	2.5778	-0.3316	
89.3992	10.9498	-0.8787	2.4778	-0.3229	
89.487	10.7288	-0.9081	2.3778	-0.3142	
89.5666	10.5154	-0.9355	2.2778	-0.3054	
89.639	10.31	-0.961	2.1778	-0.2967	
89.7047	10.1129	-0.9846	2.0778	-0.288	
89.7645	9.9244	-1.0064	1.9778	-0.2793	
89.8189	9.7447	-1.0264	1.8778	-0.2705	
89.8684	9.5739	-1.0448	1.7778	-0.2618	
89.9244	9.3738	-1.0657	2.0778	-0.2531	
89.9857	9.1441	-1.0887	2.3778	-0.2443	
90.0511	8.8844	-1.1137	2.6778	-0.2356	
90.1145	8.614	-1.1387	2.7778	-0.2269	
90.1735	8.3425	-1.1627	2.7778	-0.2182	
90.2283	8.0702	-1.1858	2.7778	-0.2094	
90.2792	7.7971	-1.208	2.7778	-0.2007	
90.3264	7.5234	-1.2292	2.7778	-0.192	
90.3702	7.2491	-1.2494	2.7778	-0.1833	
90.4108	6.9743	-1.2687	2.7778	-0.1745	
90.4402	6.7283	-1.2868	2.4778	-0.1833	
90.4602	6.5114	-1.3034	2.1778	-0.192	
90.4727	6.3241	-1.3184	1.8778	-0.2007	
90.4795	6.1664	-1.3315	1.5778	-0.2094	
90.4822	6.0387	-1.3426	1.2778	-0.2182	
90.4824	5.9409	-1.3514	0.9778	-0.2269	
90.4813	5.8731	-1.3577	0.6778	-0.2356	
90.4801	5.8354	-1.3613	0.3778	-0.2443	
90.4797	5.8276	-1.3621	0.0778	-0.2531	
90.4797	5.8276	-1.3621	0.0	-0.2618	
90.4797	5.8276	-1.3621	0.0	-0.2531	
90.4797	5.8276	-1.3621	0.0	-0.2443	
90.4797	5.8276	-1.3621	0.0	-0.2356	
90.4797	5.8276	-1.3621	0.0	-0.2269	
90.4797	5.8276	-1.3621	0.0	-0.2182	
90.4797	5.8276	-1.3621	0.0	-0.2094	
90.4797	5.8276	-1.3621	0.0	-0.2007	
90.4797	5.8276	-1.3621	0.0	-0.192	
90.4797	5.8276	-1.3621	0.0	-0.1833	
90.4797	5.8276	-1.3621	0.0	-0.1745	
90.4814	5.7776	-1.3656	0.5	-0.1745	
90.4845	5.6777	-1.3725	1.0	-0.1745	
90.4881	5.5277	-1.383	1.5	-0.1745	
90.4907	5.3277	-1.3968	2.0	-0.1745	
90.4906	5.0777	-1.4142	2.5	-0.1745	
90.4856	4.8	-1.4335	2.7778	-0.1745	
90.4753	4.5224	-1.4528	2.7778	-0.1745	
90.4596	4.2451	-1.4721	2.7778	-0.1745	
67	10	0.0	2.7778	-0.1745	
67.2736	9.9518	-0.0193	2.7778	-0.1745	
67.5461	9.8983	-0.0386	2.7778	-0.1745	
67.8176	9.8395	-0.0579	2.7778	-0.1745	
68.0879	9.7755	-0.0772	2.7778	-0.1745	
68.357	9.7063	-0.0965	2.7778	-0.1745	
68.6246	9.632	-0.1158	2.7778	-0.1745	
68.8908	9.5525	-0.1351	2.7778	-0.1745	
69.1553	9.4678	-0.1544	2.7778	-0.1745	
69.4182	9.3781	-0.1736	2.7778	-0.1745	
69.6793	9.2833	-0.1929	2.7778	-0.1745	
69.9386	9.1836	-0.2122	2.7778	-0.1745	
70.1949	9.0765	-0.2325	2.7778	-0.1833	
70.448	8.9621	-0.2537	2.7778	-0.192	
70.6976	8.8402	-0.2758	2.7778	-0.2007	
70.9433	8.7106	-0.2989	2.7778	-0.2094	
71.1848	8.5733	-0.323	2.7778	-0.2182	
71.4216	8.4282	-0.348	2.7778	-0.2269	
71.6534	8.2751	-0.3739	2.7778	-0.2356	
71.8798	8.1141	-0.4008	2.7778	-0.2443	
72.1002	7.9451	-0.4286	2.7778	-0.2531	
72.3144	7.7682	-0.4574	2.7778	-0.2618	
72.5098	7.6001	-0.4832	2.5778	-0.2531	
72.6874	7.442	-0.5062	2.3778	-0.2443	
72.8479	7.2948	-0.5265	2.1778	-0.2356	
72.9922	7.1595	-0.5443	1.9778	-0.2269	
73.1207	7.0367	-0.5597	1.7778	-0.2182	
73.2341	6.927	-0.5729	1.5778	-0.2094	
73.3327	6.8307	-0.5838	1.3778	-0.2007	
73.4168	6.7482	-0.5928	1.1778	-0.192	
73.4865	6.6797	-0.6	0.9778	-0.1833	
73.5421	6.6254	-0.6054	0.7778	-0.1745	
73.6322	6.5347	-0.6147	1.2778	-0.1833	
73.7552	6.4064	-0.6282	1.7778	-0.192	
73.9091	6.2384	-0.6464	2.2778	-0.2007	
74.0912	6.0287	-0.6695	2.7778	-0.2094	
74.2665	5.8132	-0.6936	2.7778	-0.2182	
74.4347	5.5922	-0.7185	2.7778	-0.2269	
74.5954	5.3655	-0.7445	2.7778	-0.2356	
74.748	5.1335	-0.7714	2.7778	-0.2443	
74.8924	4.8961	-0.7992	2.7778	-0.2531	
75.0279	4.6537	-0.8279	2.7778	-0.2618	
75.1539	4.4174	-0.8548	2.6778	-0.2531	
75.271	4.1878	-0.8797	2.5778	-0.2443	
41	15	4.7124	2.4778	-0.2356	
40.9465	14.7683	-1.5922	2.3778	-0.2269	
40.8925	14.547	-1.6119	2.2778	-0.2182	
40.8385	14.3361	-1.63	2.1778	-0.2094	
40.7851	14.1353	-1.6466	2.0778	-0.2007	
40.7327	13.9445	-1.6617	1.9778	-0.192	
40.6819	13.7638	-1.6754	1.8778	-0.1833	
40.6329	13.5929	-1.6877	1.7778	-0.1745	
40.5732	13.3939	-1.7022	2.0778	-0.1745	
40.5016	13.1671	-1.7187	2.3778	-0.1745	
40.4168	12.9131	-1.7373	2.6778	-0.1745	
40.3239	12.6514	-1.7566	2.7778	-0.1745	
40.2259	12.3914	-1.7759	2.7778	-0.1745	
40.123	12.1334	-1.7952	2.7778	-0.1745	
40.0151	11.8774	-1.8144	2.7778	-0.1745	
39.9023	11.6236	-1.8337	2.7778	-0.1745	
39.7846	11.372	-1.853	2.7778	-0.1745	
39.6621	11.1227	-1.8723	2.7778	-0.1745	
39.542	10.8946	-1.8911	2.5778	-0.1833	
39.4254	10.6874	-1.9093	2.3778	-0.192	
39.3136	10.5005	-1.9266	2.1778	-0.2007	
39.2077	10.3335	-1.9431	1.9778	-0.2094	
39.1087	10.1858	-1.9585	1.7778	-0.2182	
39.0177	10.0569	-1.9727	1.5778	-0.2269	
38.9357	9.9462	-1.9855	1.3778	-0.2356	
38.8636	9.8531	-1.9969	1.1778	-0.2443	
38.8022	9.777	-2.0067	0.9778	-0.2531	
38.7522	9.7174	-2.0148	0.7778	-0.2618	
38.7344	9.6961	-2.0176	0.2778	-0.2531	
38.7344	9.6961	-2.0176	0.0	-0.2443	
38.7344	9.6961	-2.0176	0.0	-0.2356	
38.7344	9.6961	-2.0176	0.0	-0.2269	
38.7344	9.6961	-2.0176	0.0	-0.2182	
38.7344	9.6961	-2.0176	0.0	-0.2094	
38.7344	9.6961	-2.0176	0.0	-0.2007	
38.7344	9.6961	-2.0176	0.0	-0.192	
38.7344	9.6961	-2.0176	0.0	-0.1833	
38.7344	9.6961	-2.0176	0.0	-0.1745	
38.7056	9.6552	-2.0209	0.5	-0.1658	
38.6486	9.573	-2.0271	1.0	-0.1571	
38.5633	9.4496	-2.036	1.5	-0.1484	
38.4496	9.2851	-2.0471	2.0	-0.1396	
38.3069	9.0798	-2.0602	2.5	-0.1309	
38.1474	8.8524	-2.0737	2.7778	-0.1222	
37.9869	8.6257	-2.0863	2.7778	-0.1134	
37.8254	8.3997	-2.0979	2.7778	-0.1047	
37.6633	8.1741	-2.1086	2.7778	-0.096	
37.5008	7.9488	-2.1182	2.7778	-0.0873	
37.3521	7.7506	-2.1277	2.4778	-0.096	
37.2183	7.5788	-2.1368	2.1778	-0.1047	
37.1003	7.4327	-2.1454	1.8778	-0.1134	
36.9991	7.3117	-2.153	1.5778	-0.1222	
36.9155	7.2151	-2.1597	1.2778	-0.1309	
36.8504	7.1421	-2.1652	0.9778	-0.1396	
36.8045	7.0922	-2.1692	0.6778	-0.1484	
36.7786	7.0647	-2.1715	0.3778	-0.1571	
36.7732	7.0591	-2.172	0.0778	-0.1658	
36.7732	7.0591	-2.172	0.0	-0.1745	
36.745	7.0308	-2.175	0.4	-0.1833	
36.6878	6.9748	-2.1811	0.8	-0.192	
36.6008	6.8922	-2.1906	1.2	-0.2007	
36.4828	6.7841	-2.2039	1.6	-0.2094	
36.3324	6.6523	-2.2213	2.0	-0.2182	
36.1478	6.4989	-2.2428	2.4	-0.2269	
35.9289	6.3279	-2.2688	2.7778	-0.2356	
35.7042	6.1646	-2.2957	2.7778	-0.2443	
35.4738	6.0094	-2.3235	2.7778	-0.2531	
35.2379	5.8627	-2.3522	2.7778	-0.2618	
35.0228	5.7398	-2.3787	2.4778	-0.2705	
34.83	5.6386	-2.4027	2.1778	-0.2793	
34.6609	5.5568	-2.4241	1.8778	-0.288	
34.5169	5.4923	-2.4425	1.5778	-0.2967	
34.3989	5.4433	-2.4579	1.2778	-0.3054	
34.3077	5.408	-2.47	0.9778	-0.3142	
34.244	5.3848	-2.4786	0.6778	-0.3229	
34.2083	5.3725	-2.4835	0.3778	-0.3316	
34.2009	5.3701	-2.4845	0.0778	-0.3403	
34.2009	5.3701	-2.4845	0.0	-0.3491	
34.2009	5.3701	-2.4845	0.0	-0.3491	
34.2009	5.3701	-2.4845	0.0	-0.3491	
34.2009	5.3701	-2.4845	0.0	-0.3491	
34.2009	5.3701	-2.4845	0.0	-0.3491	
34.2009	5.3701	-2.4845	0.0	-0.3491	
34.2009	5.3701	-2.4845	0.0	-0.3491	
34.2009	5.3701	-2.4845	0.0	-0.3491	
34.2009	5.3701	-2.4845	0.0	-0.3491	
34.2009	5.3701	-2.4845	0.0	-0.3491	
34.2009	5.3701	-2.4845	0.0	-0.3491	
34.2009	5.3701	-2.4845	0.0	-0.3491	
34.2009	5.3701	-2.4845	0.0	-0.3491	
34.2009	5.3701	-2.4845	0.0	-0.3491	
34.2009	5.3701	-2.4845	0.0	-0.3491	
34.2009	5.3701	-2.4845	0.0	-0.3491	
34.2009	5.3701	-2.4845	0.0	-0.3491	
34.2009	5.3701	-2.4845	0.0	-0.3491	
34.2009	5.3701	-2.4845	0.0	-0.3491	
34.2009	5.3701	-2.4845	0.0	-0.3491	
34.2009	5.3701	-2.4845	0.0	-0.3491	
34.1533	5.3549	-2.4914	0.5	-0.3491	
34.0578	5.3253	-2.5051	1.0	-0.3491	
33.9139	5.2828	-2.5256	1.5	-0.3491	
33.721	5.23	-2.5529	2.0	-0.3491	
33.4782	5.1707	-2.5872	2.5	-0.3491	
33.2062	5.114	-2.6252	2.7778	-0.3491	
32.9323	5.0677	-2.6632	2.7778	-0.3491	
32.6569	5.0319	-2.7012	2.7778	-0.3491	
32.3803	5.0066	-2.7392	2.7778	-0.3491	
32.1029	4.9918	-2.7772	2.7778	-0.3491	
31.8752	4.9863	-2.8076	2.2778	-0.3403	
31.6974	4.9858	-2.8307	1.7778	-0.3316	
31.5696	4.9874	-2.8469	1.2778	-0.3229	
31.4919	4.9889	-2.8566	0.7778	-0.3142	
31.4641	4.9895	-2.8599	0.2778	-0.3054	
31.4641	4.9895	-2.8599	0.0	-0.2967	
31.4641	4.9895	-2.8599	0.0	-0.288	
31.4641	4.9895	-2.8599	0.0	-0.2793	
31.4641	4.9895	-2.8599	0.0	-0.2705	
31.4641	4.9895	-2.8599	0.0	-0.2618	
31.4241	4.9883	-2.8639	0.4	-0.2531	
31.3441	4.9856	-2.8716	0.8	-0.2443	
31.2242	4.9815	-2.8829	1.2	-0.2356	
31.0643	4.9764	-2.8972	1.6	-0.2269	
30.8644	4.9712	-2.9146	2.0	-0.2182	
30.6244	4.967	-2.9345	2.4	-0.2094	
30.3466	4.9652	-2.9567	2.7778	-0.2007	
30.0689	4.9672	-2.9779	2.7778	-0.192	
29.7911	4.9726	-2.9981	2.7778	-0.1833	
29.5135	4.9812	-3.0174	2.7778	-0.1745	
29.2861	4.9947	-3.034	2.2778	-0.1833	
29.109	5.0097	-3.0476	1.7778	-0.192	
28.9819	5.0233	-3.0578	1.2778	-0.2007	
28.9047	5.033	-3.0642	0.7778	-0.2094	
28.8772	5.0369	-3.0667	0.2778	-0.2182	
28.8772	5.0369	-3.0667	0.0	-0.2269	
28.8772	5.0369	-3.0667	0.0	-0.2356	
28.8772	5.0369	-3.0667	0.0	-0.2443	
28.8772	5.0369	-3.0667	0.0	-0.2531	
28.8772	5.0369	-3.0667	0.0	-0.2618	
28.8772	5.0369	-3.0667	0.0	-0.2705	
28.8772	5.0369	-3.0667	0.0	-0.2793	
28.8772	5.0369	-3.0667	0.0	-0.288	
28.8772	5.0369	-3.0667	0.0	-0.2967	
28.8772	5.0369	-3.0667	0.0	-0.3054	
28.8772	5.0369	-3.0667	0.0	-0.3142	
28.8772	5.0369	-3.0667	0.0	-0.3229	
28.8772	5.0369	-3.0667	0.0	-0.3316	
28.8772	5.0369	-3.0667	0.0	-0.3403	
28.8772	5.0369	-3.0667	0.0	-0.3491	
28.8772	5.0369	-3.0667	0.0	-0.3403	
28.8772	5.0369	-3.0667	0.0	-0.3316	
28.8772	5.0369	-3.0667	0.0	-0.3229	
28.8772	5.0369	-3.0667	0.0	-0.3142	
28.8772	5.0369	-3.0667	0.0	-0.3054	
28.8772	5.0369	-3.0667	0.0	-0.2967	
28.8772	5.0369	-3.0667	0.0	-0.288	
28.8772	5.0369	-3.0667	0.0	-0.2793	
28.8772	5.0369	-3.0667	0.0	-0.2705	
28.8772	5.0369	-3.0667	0.0	-0.2618	
28.8772	5.0369	-3.0667	0.0	-0.2618	
28.8772	5.0369	-3.0667	0.0	-0.2618	
28.8772	5.0369	-3.0667	0.0	-0.2618	
28.8772	5.0369	-3.0667	0.0	-0.2618	
28.8772	5.0369	-3.0667	0.0	-0.2618	
28.8772	5.0369	-3.0667	0.0	-0.2618	
28.8772	5.0369	-3.0667	0.0	-0.2618	
28.8772	5.0369	-3.0667	0.0	-0.2618	
28.8772	5.0369	-3.0667	0.0	-0.2618	
28.8772	5.0369	-3.0667	0.0	-0.2618	
28.8282	5.0466	-3.072	0.5	-0.2705	
28.7304	5.0675	-3.083	1.0	-0.2793	
28.5843	5.1016	-3.1001	1.5	-0.288	
28.3908	5.152	-3.1235	2.0	-0.2967	
28.151	5.2229	3.1297	2.5	-0.3054	
27.8879	5.3119	3.0953	2.7778	-0.3142	
27.6288	5.4121	3.0601	2.7778	-0.3229	
27.3744	5.5236	3.0239	2.7778	-0.3316	
27.1253	5.6465	2.9868	2.7778	-0.3403	
26.882	5.7806	2.9488	2.7778	-0.3491	
26.6686	5.9065	2.9157	2.4778	-0.3403	
26.4838	6.0217	2.8874	2.1778	-0.3316	
26.3265	6.1242	2.8635	1.8778	-0.3229	
26.1956	6.2122	2.844	1.5778	-0.3142	
26.0903	6.2847	2.8287	1.2778	-0.3054	
26.0102	6.3407	2.8172	0.9778	-0.2967	
25.9547	6.3796	2.8095	0.6778	-0.288	
25.9238	6.4013	2.8054	0.3778	-0.2793	
25.9174	6.4058	2.8045	0.0778	-0.2705	
25.9174	6.4058	2.8045	0.0	-0.2618	
25.9174	6.4058	2.8045	0.0	-0.2705	
25.9174	6.4058	2.8045	0.0	-0.2793	
25.9174	6.4058	2.8045	0.0	-0.288	
25.9174	6.4058	2.8045	0.0	-0.2967	
25.9174	6.4058	2.8045	0.0	-0.3054	
25.9174	6.4058	2.8045	0.0	-0.3142	
25.9174	6.4058	2.8045	0.0	-0.3229	
25.9174	6.4058	2.8045	0.0	-0.3316	
25.9174	6.4058	2.8045	0.0	-0.3403	
25.9174	6.4058	2.8045	0.0	-0.3491	
25.9174	6.4058	2.8045	0.0	-0.3578	
25.9174	6.4058	2.8045	0.0	-0.3665	
25.9174	6.4058	2.8045	0.0	-0.3752	
25.9174	6.4058	2.8045	0.0	-0.384	
25.9174	6.4058	2.8045	0.0	-0.3927	
25.9174	6.4058	2.8045	0.0	-0.4014	
25.9174	6.4058	2.8045	0.0	-0.4102	
25.9174	6.4058	2.8045	0.0	-0.4189	
25.9174	6.4058	2.8045	0.0	-0.4276	
25.9174	6.4058	2.8045	0.0	-0.4363	
25.8813	6.4404	2.7962	0.5	-0.4276	
25.8091	6.5096	2.78	1.0	-0.4189	
25.7016	6.6142	2.756	1.5	-0.4102	
25.5604	6.7558	2.7248	2.0	-0.4014	
25.3879	6.9368	2.6865	2.5	-0.3927	
25.2023	7.1435	2.6449	2.7778	-0.384	
25.0236	7.3562	2.6042	2.7778	-0.3752	
24.8518	7.5744	2.5643	2.7778	-0.3665	
24.6869	7.7979	2.5254	2.7778	-0.3578	
24.5288	8.0263	2.4874	2.7778	-0.3491	
24.408	8.2195	2.4555	2.2778	-0.3578	
24.3199	8.3739	2.43	1.7778	-0.3665	
24.2605	8.487	2.4113	1.2778	-0.3752	
24.2262	8.5568	2.3996	0.7778	-0.384	
24.2145	8.582	2.3954	0.2778	-0.3927	
24.2145	8.582	2.3954	0.0	-0.4014	
24.2145	8.582	2.3954	0.0	-0.4102	
24.2145	8.582	2.3954	0.0	-0.4189	
24.2145	8.582	2.3954	0.0	-0.4276	
24.2145	8.582	2.3954	0.0	-0.4363	
24.2145	8.582	2.3954	0.0	-0.4363	
24.2145	8.582	2.3954	0.0	-0.4363	
24.2145	8.582	2.3954	0.0	-0.4363	
24.2145	8.582	2.3954	0.0	-0.4363	
24.2145	8.582	2.3954	0.0	-0.4363	
24.2145	8.582	2.3954	0.0	-0.4363	
24.2145	8.582	2.3954	0.0	-0.4363	
24.2145	8.582	2.3954	0.0	-0.4363	
24.2145	8.582	2.3954	0.0	-0.4363	
24.2145	8.582	2.3954	0.0	-0.4363	
24.1996	8.6191	2.3885	0.4	-0.4451	
24.1712	8.6939	2.3745	0.8	-0.4538	
24.131	8.807	2.3531	1.2	-0.4625	
24.0821	8.9593	2.324	1.6	-0.4712	
24.0281	9.1519	2.2871	2.0	-0.48	
23.9739	9.3857	2.242	2.4	-0.4887	
23.9259	9.6593	2.189	2.7778	-0.4974	
23.8948	9.9353	2.1351	2.7778	-0.5061	
23.8811	10.2128	2.0804	2.7778	-0.5149	
23.885	10.4905	2.0248	2.7778	-0.5236	
23.9028	10.7176	1.9786	2.2778	-0.5323	
23.9264	10.8938	1.942	1.7778	-0.5411	
23.9491	11.0195	1.9153	1.2778	-0.5498	
23.9657	11.0955	1.8988	0.7778	-0.5585	
23.9722	11.1225	1.8928	0.2778	-0.5672	
23.9722	11.1225	1.8928	0.0	-0.576	
23.9722	11.1225	1.8928	0.0	-0.5847	
23.9722	11.1225	1.8928	0.0	-0.5934	
23.9722	11.1225	1.8928	0.0	-0.6021	
23.9722	11.1225	1.8928	0.0	-0.6109	
-1
