71.0	49.0	-3.141592653589793	0.0	0.08726646259971647	29.0	42.0	0.0	2.7777777777777777	0.0	3
58.21	52.0018	0.0007	2.1	0.0087	
58.38	52.0049	0.0019	1.7	0.0175	
58.5099	52.0086	0.0033	1.3	0.0262	
58.5998	52.012	0.0045	0.9	0.0349	
58.6498	52.0144	0.0054	0.5	0.0436	
58.6598	52.015	0.0056	0.1	0.0524	
58.6598	52.015	0.0056	0.0	0.0611	
58.6598	52.015	0.0056	0.0	0.0698	
58.6598	52.015	0.0056	0.0	0.0785	
58.6598	52.015	0.0056	0.0	0.0873	
58.6896	52.018	0.0068	0.3	0.096	
58.7492	52.0247	0.0093	0.6	0.1047	
58.8386	52.0357	0.0134	0.9	0.1134	
58.9575	52.0519	0.0192	1.2	0.1222	
59.1058	52.0744	0.027	1.5	0.1309	
59.2833	52.1042	0.0371	1.8	0.1396	
59.4897	52.143	0.0495	2.1	0.1484	
59.7246	52.1922	0.0645	2.4	0.1571	
59.9875	52.2538	0.0823	2.7	0.1658	
60.2561	52.3244	0.1016	2.7778	0.1745	
60.5041	52.3946	0.1195	2.5778	0.1745	
60.7317	52.4636	0.136	2.3778	0.1745	
60.9391	52.5301	0.1512	2.1778	0.1745	
61.1264	52.5934	0.1649	1.9778	0.1745	
61.2941	52.6526	0.1772	1.7778	0.1745	
61.4422	52.707	0.1882	1.5778	0.1745	
61.571	52.7558	0.1978	1.3778	0.1745	
61.6807	52.7987	0.206	1.1778	0.1745	
61.7715	52.835	0.2127	0.9778	0.1745	
61.8435	52.8644	0.2181	0.7778	0.1745	
61.9611	52.9143	0.2275	1.2778	0.1833	
62.1235	52.9867	0.241	1.7778	0.192	
62.3294	53.0841	0.2592	2.2778	0.2007	
62.5773	53.2095	0.2823	2.7778	0.2094	
62.821	53.3428	0.3063	2.7778	0.2182	
63.0602	53.484	0.3313	2.7778	0.2269	
63.2945	53.6332	0.3573	2.7778	0.2356	
63.5235	53.7904	0.3842	2.7778	0.2443	
63.7468	53.9557	0.412	2.7778	0.2531	
63.9638	54.129	0.4407	2.7778	0.2618	
64.1758	54.3085	0.4695	2.7778	0.2618	
64.3826	54.494	0.4982	2.7778	0.2618	
64.5839	54.6854	0.527	2.7778	0.2618	
64.7797	54.8825	0.5558	2.7778	0.2618	
64.9697	55.0851	0.5845	2.7778	0.2618	
65.1538	55.2931	0.6133	2.7778	0.2618	
65.3318	55.5063	0.642	2.7778	0.2618	
65.5036	55.7246	0.6708	2.7778	0.2618	
65.6691	55.9477	0.6996	2.7778	0.2618	
19	52	1.5708	2.7778	0.2618	
18.9385	52.2297	1.5954	2.3778	0.2618	
18.8826	52.4194	1.6159	1.9778	0.2618	
18.8349	52.5698	1.6322	1.5778	0.2618	
18.7975	52.6815	1.6444	1.1778	0.2618	
18.7719	52.7549	1.6525	0.7778	0.2618	
18.7592	52.7905	1.6564	0.3778	0.2618	
18.7592	52.7905	1.6564	0.0	0.2618	
18.7592	52.7905	1.6564	0.0	0.2618	
18.7592	52.7905	1.6564	0.0	0.2618	
18.7592	52.7905	1.6564	0.0	0.2618	
18.7456	52.8281	1.6605	0.4	0.2618	
18.718	52.9032	1.6688	0.8	0.2618	
18.6758	53.0155	1.6812	1.2	0.2618	
18.6176	53.1646	1.6978	1.6	0.2618	
18.5418	53.3496	1.7185	2.0	0.2618	
18.4462	53.5698	1.7433	2.4	0.2618	
18.3293	53.8218	1.7721	2.7778	0.2618	
18.2052	54.0703	1.8009	2.7778	0.2618	
18.074	54.3152	1.8296	2.7778	0.2618	
17.9359	54.5561	1.8584	2.7778	0.2618	
17.7888	54.7918	1.8881	2.7778	0.2705	
17.6327	55.0216	1.9187	2.7778	0.2793	
17.4678	55.2451	1.9502	2.7778	0.288	
17.2939	55.4617	1.9827	2.7778	0.2967	
17.1113	55.671	2.0161	2.7778	0.3054	
16.92	55.8725	2.0505	2.7778	0.3142	
89	43	0.0	2.7778	0.3229	
89.2626	43.0904	0.0362	2.7778	0.3316	
89.521	43.1926	0.0733	2.7778	0.3403	
89.7743	43.3064	0.1113	2.7778	0.3491	
90.0243	43.4277	0.1484	2.7778	0.3403	
90.2707	43.5559	0.1845	2.7778	0.3316	
90.5134	43.6909	0.2198	2.7778	0.3229	
90.7525	43.8323	0.2541	2.7778	0.3142	
90.988	43.9797	0.2875	2.7778	0.3054	
91.2197	44.1329	0.32	2.7778	0.2967	
91.4477	44.2916	0.3516	2.7778	0.288	
91.672	44.4554	0.3822	2.7778	0.2793	
91.8927	44.6241	0.4119	2.7778	0.2705	
92.1097	44.7974	0.4407	2.7778	0.2618	
92.3218	44.9769	0.4694	2.7778	0.2618	
92.5285	45.1624	0.4982	2.7778	0.2618	
92.7299	45.3538	0.5269	2.7778	0.2618	
92.9256	45.5508	0.5557	2.7778	0.2618	
93.1157	45.7535	0.5844	2.7778	0.2618	
93.2998	45.9615	0.6132	2.7778	0.2618	
93.4778	46.1747	0.642	2.7778	0.2618	
93.6497	46.3929	0.6707	2.7778	0.2618	
93.8152	46.616	0.6995	2.7778	0.2618	
93.9742	46.8437	0.7282	2.7778	0.2618	
94.1286	47.0746	0.756	2.7778	0.2531	
94.2786	47.3084	0.7829	2.7778	0.2443	
94.4243	47.5449	0.8089	2.7778	0.2356	
94.566	47.7839	0.8339	2.7778	0.2269	
94.7037	48.0251	0.8579	2.7778	0.2182	
94.8377	48.2684	0.881	2.7778	0.2094	
94.9682	48.5136	0.9032	2.7778	0.2007	
95.0954	48.7606	0.9244	2.7778	0.192	
95.2195	49.0091	0.9446	2.7778	0.1833	
95.3408	49.259	0.9639	2.7778	0.1745	
95.4571	49.5112	0.9832	2.7778	0.1745	
95.5687	49.7657	1.0025	2.7778	0.1745	
95.6752	50.0222	1.0218	2.7778	0.1745	
95.7768	50.2807	1.0411	2.7778	0.1745	
95.8734	50.5411	1.0604	2.7778	0.1745	
95.965	50.8034	1.0797	2.7778	0.1745	
93	42	3.1416	2.7778	0.1745	
92.7264	41.9518	-3.1223	2.7778	0.1745	
92.4539	41.8983	-3.103	2.7778	0.1745	
92.1824	41.8395	-3.0837	2.7778	0.1745	
91.9607	41.787	-3.0679	2.2778	0.1745	
91.7884	41.7434	-3.0555	1.7778	0.1745	
91.6649	41.7104	-3.0467	1.2778	0.1745	
91.59	41.6897	-3.0413	0.7778	0.1745	
91.5632	41.6822	-3.0393	0.2778	0.1745	
91.5632	41.6822	-3.0393	0.0	0.1745	
91.5632	41.6822	-3.0393	0.0	0.1745	
91.5632	41.6822	-3.0393	0.0	0.1745	
91.5632	41.6822	-3.0393	0.0	0.1745	
91.5632	41.6822	-3.0393	0.0	0.1745	
91.5632	41.6822	-3.0393	0.0	0.1745	
91.5632	41.6822	-3.0393	0.0	0.1745	
91.5632	41.6822	-3.0393	0.0	0.1745	
91.5632	41.6822	-3.0393	0.0	0.1745	
91.5632	41.6822	-3.0393	0.0	0.1745	
91.5632	41.6822	-3.0393	0.0	0.1745	
91.5632	41.6822	-3.0393	0.0	0.1745	
91.5632	41.6822	-3.0393	0.0	0.1745	
91.5632	41.6822	-3.0393	0.0	0.1745	
91.5632	41.6822	-3.0393	0.0	0.1745	
91.5536	41.6794	-3.0386	0.1	0.1833	
91.5345	41.6736	-3.0371	0.2	0.192	
91.5059	41.6646	-3.0347	0.3	0.2007	
91.4679	41.6521	-3.0314	0.4	0.2094	
91.4205	41.636	-3.027	0.5	0.2182	
91.364	41.6159	-3.0216	0.6	0.2269	
91.2984	41.5915	-3.0151	0.7	0.2356	
91.2238	41.5625	-3.0074	0.8	0.2443	
91.1405	41.5285	-2.9983	0.9	0.2531	
91.0486	41.4891	-2.988	1.0	0.2618	
90.9574	41.448	-2.9773	1.0	0.2705	
90.8671	41.4051	-2.9663	1.0	0.2793	
90.7777	41.3604	-2.9549	1.0	0.288	
90.6891	41.3139	-2.9432	1.0	0.2967	
90.6015	41.2656	-2.9312	1.0	0.3054	
90.515	41.2155	-2.9188	1.0	0.3142	
90.4295	41.1636	-2.9061	1.0	0.3229	
90.3452	41.1099	-2.8931	1.0	0.3316	
90.262	41.0544	-2.8798	1.0	0.3403	
90.1801	40.997	-2.8661	1.0	0.3491	
90.1393	40.9681	-2.8594	0.5	0.3403	
90.1393	40.9681	-2.8594	0.0	0.3316	
90.1393	40.9681	-2.8594	0.0	0.3229	
90.1393	40.9681	-2.8594	0.0	0.3142	
90.1393	40.9681	-2.8594	0.0	0.3054	
90.1393	40.9681	-2.8594	0.0	0.2967	
90.1393	40.9681	-2.8594	0.0	0.288	
90.1393	40.9681	-2.8594	0.0	0.2793	
90.1393	40.9681	-2.8594	0.0	0.2705	
90.1393	40.9681	-2.8594	0.0	0.2618	
90.1393	40.9681	-2.8594	0.0	0.2705	
90.1393	40.9681	-2.8594	0.0	0.2793	
90.1393	40.9681	-2.8594	0.0	0.288	
90.1393	40.9681	-2.8594	0.0	0.2967	
90.1393	40.9681	-2.8594	0.0	0.3054	
90.1393	40.9681	-2.8594	0.0	0.3142	
90.1393	40.9681	-2.8594	0.0	0.3229	
90.1393	40.9681	-2.8594	0.0	0.3316	
90.1393	40.9681	-2.8594	0.0	0.3403	
90.1393	40.9681	-2.8594	0.0	0.3491	
90.1393	40.9681	-2.8594	0.0	0.3403	
90.1393	40.9681	-2.8594	0.0	0.3316	
90.1393	40.9681	-2.8594	0.0	0.3229	
90.1393	40.9681	-2.8594	0.0	0.3142	
90.1393	40.9681	-2.8594	0.0	0.3054	
90.1393	40.9681	-2.8594	0.0	0.2967	
90.1393	40.9681	-2.8594	0.0	0.288	
90.1393	40.9681	-2.8594	0.0	0.2793	
90.1393	40.9681	-2.8594	0.0	0.2705	
90.1393	40.9681	-2.8594	0.0	0.2618	
90.1393	40.9681	-2.8594	0.0	0.2618	
90.1393	40.9681	-2.8594	0.0	0.2618	
90.1393	40.9681	-2.8594	0.0	0.2618	
90.1393	40.9681	-2.8594	0.0	0.2618	
90.1393	40.9681	-2.8594	0.0	0.2618	
90.1393	40.9681	-2.8594	0.0	0.2618	
90.1393	40.9681	-2.8594	0.0	0.2618	
90.1393	40.9681	-2.8594	0.0	0.2618	
90.1393	40.9681	-2.8594	0.0	0.2618	
90.1393	40.9681	-2.8594	0.0	0.2618	
90.1222	40.9578	-2.8573	0.2	0.2618	
90.088	40.937	-2.8532	0.4	0.2618	
90.0368	40.9056	-2.847	0.6	0.2618	
89.9689	40.8634	-2.8387	0.8	0.2618	
89.8844	40.8099	-2.8283	1.0	0.2618	
89.7837	40.7446	-2.8159	1.2	0.2618	
89.6672	40.667	-2.8014	1.4	0.2618	
89.5353	40.5764	-2.7849	1.6	0.2618	
89.3887	40.472	-2.7662	1.8	0.2618	
89.2279	40.3531	-2.7455	2.0	0.2618	
89.0934	40.2491	-2.7279	1.7	0.2618	
88.9841	40.1616	-2.7134	1.4	0.2618	
88.8993	40.0916	-2.702	1.1	0.2618	
88.8382	40.0399	-2.6938	0.8	0.2618	
88.8002	40.0074	-2.6886	0.5	0.2618	
88.7851	39.9943	-2.6865	0.2	0.2618	
88.7851	39.9943	-2.6865	0.0	0.2618	
88.7851	39.9943	-2.6865	0.0	0.2618	
88.7851	39.9943	-2.6865	0.0	0.2618	
88.7851	39.9943	-2.6865	0.0	0.2618	
88.7851	39.9943	-2.6865	0.0	0.2618	
88.7851	39.9943	-2.6865	0.0	0.2618	
88.7851	39.9943	-2.6865	0.0	0.2618	
88.7851	39.9943	-2.6865	0.0	0.2618	
88.7851	39.9943	-2.6865	0.0	0.2618	
88.7851	39.9943	-2.6865	0.0	0.2618	
88.7851	39.9943	-2.6865	0.0	0.2618	
88.7851	39.9943	-2.6865	0.0	0.2618	
88.7851	39.9943	-2.6865	0.0	0.2618	
88.7851	39.9943	-2.6865	0.0	0.2618	
88.7777	39.9876	-2.6854	0.1	0.2705	
88.7628	39.9742	-2.6832	0.2	0.2793	
88.7408	39.9538	-2.6798	0.3	0.288	
88.7118	39.9263	-2.6752	0.4	0.2967	
88.6759	39.8914	-2.6691	0.5	0.3054	
88.6336	39.849	-2.6617	0.6	0.3142	
88.5849	39.7986	-2.6528	0.7	0.3229	
88.5304	39.7401	-2.6424	0.8	0.3316	
88.4703	39.6731	-2.6304	0.9	0.3403	
88.405	39.5973	-2.6167	1.0	0.3491	
88.3467	39.5288	-2.6047	0.9	0.3403	
88.295	39.4677	-2.5943	0.8	0.3316	
88.2499	39.4142	-2.5854	0.7	0.3229	
88.2112	39.3684	-2.578	0.6	0.3142	
88.1789	39.3302	-2.572	0.5	0.3054	
88.153	39.2997	-2.5673	0.4	0.2967	
88.1335	39.2769	-2.5639	0.3	0.288	
88.1204	39.2618	-2.5617	0.2	0.2793	
88.1138	39.2543	-2.5606	0.1	0.2705	
88.1138	39.2543	-2.5606	0.0	0.2618	
88.1072	39.2468	-2.5595	0.1	0.2705	
88.0942	39.2316	-2.5573	0.2	0.2793	
88.0749	39.2086	-2.5539	0.3	0.288	
88.0495	39.1777	-2.5493	0.4	0.2967	
88.0184	39.1386	-2.5432	0.5	0.3054	
87.9817	39.0911	-2.5358	0.6	0.3142	
87.9397	39.035	-2.5269	0.7	0.3229	
87.893	38.9701	-2.5165	0.8	0.3316	
87.8417	38.8961	-2.5045	0.9	0.3403	
87.7866	38.8128	-2.4908	1.0	0.3491	
87.7099	38.6956	-2.4721	1.4	0.3403	
87.6128	38.5441	-2.4487	1.8	0.3316	
87.4969	38.3571	-2.4208	2.2	0.3229	
87.3641	38.1335	-2.3886	2.6	0.3142	
87.2279	37.8914	-2.3552	2.7778	0.3054	
87.0978	37.646	-2.3227	2.7778	0.2967	
86.9735	37.3976	-2.2912	2.7778	0.288	
86.8549	37.1464	-2.2605	2.7778	0.2793	
86.7418	36.8927	-2.2309	2.7778	0.2705	
86.6341	36.6367	-2.2021	2.7778	0.2618	
86.5315	36.3785	-2.1743	2.7778	0.2531	
86.4339	36.1185	-2.1474	2.7778	0.2443	
86.341	35.8567	-2.1215	2.7778	0.2356	
86.2526	35.5933	-2.0965	2.7778	0.2269	
86.1685	35.3286	-2.0724	2.7778	0.2182	
86.0885	35.0626	-2.0493	2.7778	0.2094	
86.0123	34.7954	-2.0272	2.7778	0.2007	
85.9398	34.5273	-2.006	2.7778	0.192	
85.8705	34.2583	-1.9857	2.7778	0.1833	
85.8044	33.9885	-1.9664	2.7778	0.1745	
85.7411	33.718	-1.9481	2.7778	0.1658	
85.6804	33.447	-1.9307	2.7778	0.1571	
85.6221	33.1754	-1.9143	2.7778	0.1484	
85.5659	32.9034	-1.8988	2.7778	0.1396	
85.5115	32.631	-1.8843	2.7778	0.1309	
85.4587	32.3582	-1.8708	2.7778	0.1222	
85.4071	32.0853	-1.8582	2.7778	0.1134	
85.3567	31.8121	-1.8466	2.7778	0.1047	
85.307	31.5388	-1.8359	2.7778	0.096	
85.2579	31.2654	-1.8262	2.7778	0.0873	
85.216	31.0314	-1.8188	2.3778	0.0785	
85.181	30.8367	-1.8133	1.9778	0.0698	
85.1525	30.6815	-1.8094	1.5778	0.0611	
85.1307	30.5658	-1.8069	1.1778	0.0524	
85.1158	30.4894	-1.8056	0.7778	0.0436	
85.1083	30.4524	-1.8051	0.3778	0.0349	
85.1083	30.4524	-1.8051	0.0	0.0262	
85.1083	30.4524	-1.8051	0.0	0.0175	
85.1083	30.4524	-1.8051	0.0	0.0087	
85.1083	30.4524	-1.8051	0.0	0.0	
85.1083	30.4524	-1.8051	0.0	0.0087	
85.1083	30.4524	-1.8051	0.0	0.0175	
85.1083	30.4524	-1.8051	0.0	0.0262	
85.1083	30.4524	-1.8051	0.0	0.0349	
85.1083	30.4524	-1.8051	0.0	0.0436	
85.1083	30.4524	-1.8051	0.0	0.0524	
85.1083	30.4524	-1.8051	0.0	0.0611	
85.1083	30.4524	-1.8051	0.0	0.0698	
85.1083	30.4524	-1.8051	0.0	0.0785	
85.1083	30.4524	-1.8051	0.0	0.0873	
85.1083	30.4524	-1.8051	0.0	0.0785	
85.1083	30.4524	-1.8051	0.0	0.0698	
85.1083	30.4524	-1.8051	0.0	0.0611	
85.1083	30.4524	-1.8051	0.0	0.0524	
85.1083	30.4524	-1.8051	0.0	0.0436	
85.1083	30.4524	-1.8051	0.0	0.0349	
85.1083	30.4524	-1.8051	0.0	0.0262	
85.1083	30.4524	-1.8051	0.0	0.0175	
85.1083	30.4524	-1.8051	0.0	0.0087	
85.1083	30.4524	-1.8051	0.0	0.0	
85.1059	30.4427	-1.8051	0.1	-0.0087	
85.1009	30.4233	-1.8052	0.2	-0.0175	
85.0932	30.3944	-1.8055	0.3	-0.0262	
85.0826	30.3558	-1.8061	0.4	-0.0349	
85.0688	30.3077	-1.807	0.5	-0.0436	
85.0517	30.2502	-1.8082	0.6	-0.0524	
85.0311	30.1833	-1.8099	0.7	-0.0611	
85.0068	30.1071	-1.8122	0.8	-0.0698	
84.9785	30.0217	-1.815	0.9	-0.0785	
84.946	29.9271	-1.8185	1.0	-0.0873	
84.9022	29.8047	-1.8235	1.3	-0.096	
84.8462	29.6548	-1.8302	1.6	-0.1047	
84.777	29.4779	-1.8388	1.9	-0.1134	
84.6933	29.2744	-1.8495	2.2	-0.1222	
84.5937	29.0451	-1.8625	2.5	-0.1309	
84.4776	28.7928	-1.878	2.7778	-0.1396	
84.3554	28.5433	-1.8944	2.7778	-0.1484	
84.227	28.297	-1.9118	2.7778	-0.1571	
84.0921	28.0541	-1.9301	2.7778	-0.1658	
83.9508	27.815	-1.9494	2.7778	-0.1745	
83.8069	27.5774	-1.9678	2.7778	-0.1658	
83.6607	27.3412	-1.9852	2.7778	-0.1571	
83.5126	27.1062	-2.0016	2.7778	-0.1484	
83.3626	26.8724	-2.017	2.7778	-0.1396	
83.211	26.6397	-2.0315	2.7778	-0.1309	
83.0581	26.4077	-2.0451	2.7778	-0.1222	
82.9041	26.1766	-2.0577	2.7778	-0.1134	
82.7492	25.946	-2.0693	2.7778	-0.1047	
82.5936	25.7159	-2.0799	2.7778	-0.096	
82.4376	25.4861	-2.0896	2.7778	-0.0873	
82.2813	25.2564	-2.0983	2.7778	-0.0785	
82.1251	25.0267	-2.1061	2.7778	-0.0698	
81.9691	24.7969	-2.1129	2.7778	-0.0611	
81.8135	24.5668	-2.1187	2.7778	-0.0524	
81.6586	24.3362	-2.1235	2.7778	-0.0436	
81.5046	24.105	-2.1274	2.7778	-0.0349	
81.3517	23.8731	-2.1303	2.7778	-0.0262	
81.2002	23.6403	-2.1323	2.7778	-0.0175	
81.0503	23.4064	-2.1332	2.7778	-0.0087	
80.9021	23.1714	-2.1332	2.7778	0.0	
80.7754	22.9703	-2.1332	2.3778	0.0	
80.6699	22.803	-2.1332	1.9778	0.0	
80.5858	22.6695	-2.1332	1.5778	0.0	
80.523	22.5699	-2.1332	1.1778	0.0	
80.4815	22.5041	-2.1332	0.7778	0.0	
80.4613	22.4721	-2.1332	0.3778	0.0	
80.4613	22.4721	-2.1332	0.0	0.0	
80.4613	22.4721	-2.1332	0.0	0.0	
80.4613	22.4721	-2.1332	0.0	0.0	
80.4613	22.4721	-2.1332	0.0	0.0	
80.4613	22.4721	-2.1332	0.0	-0.0087	
80.4613	22.4721	-2.1332	0.0	-0.0175	
80.4613	22.4721	-2.1332	0.0	-0.0262	
80.4613	22.4721	-2.1332	0.0	-0.0349	
80.4613	22.4721	-2.1332	0.0	-0.0436	
80.4613	22.4721	-2.1332	0.0	-0.0524	
80.4613	22.4721	-2.1332	0.0	-0.0611	
80.4613	22.4721	-2.1332	0.0	-0.0698	
80.4613	22.4721	-2.1332	0.0	-0.0785	
80.4613	22.4721	-2.1332	0.0	-0.0873	
80.4613	22.4721	-2.1332	0.0	-0.0873	
80.4613	22.4721	-2.1332	0.0	-0.0873	
80.4613	22.4721	-2.1332	0.0	-0.0873	
80.4613	22.4721	-2.1332	0.0	-0.0873	
80.4613	22.4721	-2.1332	0.0	-0.0873	
80.4613	22.4721	-2.1332	0.0	-0.0873	
80.4613	22.4721	-2.1332	0.0	-0.0873	
80.4613	22.4721	-2.1332	0.0	-0.0873	
80.4613	22.4721	-2.1332	0.0	-0.0873	
80.4613	22.4721	-2.1332	0.0	-0.0873	
80.4553	22.4641	-2.1336	0.1	-0.0873	
80.4432	22.4482	-2.1343	0.2	-0.0873	
80.425	22.4244	-2.1353	0.3	-0.0873	
80.4007	22.3926	-2.1367	0.4	-0.0873	
80.3704	22.3528	-2.1385	0.5	-0.0873	
80.3338	22.3053	-2.1405	0.6	-0.0873	
80.2911	22.2498	-2.143	0.7	-0.0873	
80.242	22.1866	-2.1458	0.8	-0.0873	
80.1867	22.1156	-2.1489	0.9	-0.0873	
80.125	22.037	-2.1524	1.0	-0.0873	
-1
59.0	37.0656	1.5708	0.6556	0.0	
59.0	37.1411	1.5708	0.7556	0.0	
59.0	37.2267	1.5708	0.8556	0.0	
59.0	37.3222	1.5708	0.9556	0.0	
59.0	37.4278	1.5708	1.0556	0.0	
59.0	37.5433	1.5708	1.1556	0.0	
59.0	37.6689	1.5708	1.2556	0.0	
59.0	37.8044	1.5708	1.3556	0.0	
59.0	37.95	1.5708	1.4556	0.0	
59.0	38.1056	1.5708	1.5556	0.0	
58.9991	38.2111	1.5712	1.0556	0.0087	
58.9981	38.2667	1.5716	0.5556	0.0175	
58.9979	38.2722	1.5716	0.0556	0.0262	
58.9979	38.2722	1.5716	0.0	0.0349	
58.9979	38.2722	1.5716	0.0	0.0436	
58.9979	38.2722	1.5716	0.0	0.0524	
58.9979	38.2722	1.5716	0.0	0.0611	
58.9979	38.2722	1.5716	0.0	0.0698	
58.9979	38.2722	1.5716	0.0	0.0785	
58.9979	38.2722	1.5716	0.0	0.0873	
58.9979	38.2722	1.5716	0.0	0.0873	
58.9979	38.2722	1.5716	0.0	0.0873	
58.9979	38.2722	1.5716	0.0	0.0873	
58.9979	38.2722	1.5716	0.0	0.0873	
58.9979	38.2722	1.5716	0.0	0.0873	
58.9979	38.2722	1.5716	0.0	0.0873	
58.9979	38.2722	1.5716	0.0	0.0873	
58.9979	38.2722	1.5716	0.0	0.0873	
58.9979	38.2722	1.5716	0.0	0.0873	
58.9979	38.2722	1.5716	0.0	0.0873	
58.9956	38.3021	1.5726	0.3	0.0785	
58.9913	38.362	1.5742	0.6	0.0698	
58.9855	38.4518	1.5764	0.9	0.0611	
58.9785	38.5716	1.5789	1.2	0.0524	
58.9708	38.7214	1.5816	1.5	0.0436	
58.9625	38.9012	1.5841	1.8	0.0349	
58.9543	39.111	1.5863	2.1	0.0262	
58.9464	39.3509	1.5879	2.4	0.0175	
58.9394	39.6208	1.5889	2.7	0.0087	
58.9343	39.8985	1.5889	2.7778	0.0	
58.9317	40.1763	1.5879	2.7778	-0.0087	
58.9318	40.4541	1.586	2.7778	-0.0175	
58.9349	40.7318	1.5831	2.7778	-0.0262	
58.9412	41.0095	1.5792	2.7778	-0.0349	
58.951	41.2871	1.5743	2.7778	-0.0436	
58.9645	41.5646	1.5685	2.7778	-0.0524	
58.9821	41.8418	1.5617	2.7778	-0.0611	
59.004	42.1187	1.554	2.7778	-0.0698	
59.0304	42.3952	1.5453	2.7778	-0.0785	
59.0617	42.6713	1.5356	2.7778	-0.0873	
59.0908	42.9073	1.5273	2.3778	-0.0873	
59.1165	43.1033	1.5204	1.9778	-0.0873	
59.1382	43.2596	1.5149	1.5778	-0.0873	
59.155	43.3762	1.5108	1.1778	-0.0873	
59.1664	43.4531	1.5081	0.7778	-0.0873	
59.172	43.4905	1.5068	0.3778	-0.0873	
59.172	43.4905	1.5068	0.0	-0.0873	
59.172	43.4905	1.5068	0.0	-0.0873	
59.172	43.4905	1.5068	0.0	-0.0873	
59.172	43.4905	1.5068	0.0	-0.0873	
59.1763	43.5202	1.5058	0.3	-0.0785	
59.1844	43.5796	1.5042	0.6	-0.0698	
59.1958	43.6689	1.502	0.9	-0.0611	
59.2103	43.788	1.4994	1.2	-0.0524	
59.2276	43.937	1.4968	1.5	-0.0436	
59.2471	44.116	1.4943	1.8	-0.0349	
59.2686	44.3249	1.4921	2.1	-0.0262	
59.2917	44.5638	1.4904	2.4	-0.0175	
59.3157	44.8327	1.4895	2.7	-0.0087	
59.3383	45.1095	1.4895	2.7778	0.0	
59.3608	45.3864	1.4895	2.7778	0.0	
59.3834	45.6633	1.4895	2.7778	0.0	
59.4059	45.9401	1.4895	2.7778	0.0	
59.4285	46.217	1.4895	2.7778	0.0	
59.451	46.4939	1.4895	2.7778	0.0	
59.4736	46.7707	1.4895	2.7778	0.0	
59.4962	47.0476	1.4895	2.7778	0.0	
59.5187	47.3244	1.4895	2.7778	0.0	
59.5413	47.6013	1.4895	2.7778	0.0	
59.5638	47.8782	1.4895	2.7778	0.0	
59.5864	48.155	1.4895	2.7778	0.0	
59.6089	48.4319	1.4895	2.7778	0.0	
59.6315	48.7087	1.4895	2.7778	0.0	
59.6541	48.9856	1.4895	2.7778	0.0	
59.6766	49.2625	1.4895	2.7778	0.0	
59.6992	49.5393	1.4895	2.7778	0.0	
59.7217	49.8162	1.4895	2.7778	0.0	
59.7443	50.093	1.4895	2.7778	0.0	
59.7668	50.3699	1.4895	2.7778	0.0	
59.7894	50.6468	1.4895	2.7778	0.0	
59.812	50.9236	1.4895	2.7778	0.0	
59.8345	51.2005	1.4895	2.7778	0.0	
59.8571	51.4773	1.4895	2.7778	0.0	
59.8796	51.7542	1.4895	2.7778	0.0	
59.9022	52.0311	1.4895	2.7778	0.0	
59.9248	52.3079	1.4895	2.7778	0.0	
59.9473	52.5848	1.4895	2.7778	0.0	
59.9699	52.8616	1.4895	2.7778	0.0	
59.9924	53.1385	1.4895	2.7778	0.0	
60.015	53.4154	1.4895	2.7778	0.0	
60.0351	53.6924	1.4905	2.7778	0.0087	
60.0526	53.9696	1.4924	2.7778	0.0175	
60.0671	54.247	1.4953	2.7778	0.0262	
60.0783	54.5246	1.4992	2.7778	0.0349	
60.0861	54.8023	1.504	2.7778	0.0436	
60.0901	55.08	1.5099	2.7778	0.0524	
60.0901	55.3578	1.5166	2.7778	0.0611	
60.0857	55.6355	1.5244	2.7778	0.0698	
60.0768	55.9132	1.5331	2.7778	0.0785	
92	38	4.7124	2.7778	0.0873	
92.0266	37.7235	-1.5601	2.7778	0.096	
92.0586	37.4476	-1.5485	2.7778	0.1047	
92.0962	37.1723	-1.536	2.7778	0.1134	
92.1396	36.898	-1.5224	2.7778	0.1222	
92.1892	36.6247	-1.5079	2.7778	0.1309	
92.245	36.3526	-1.4924	2.7778	0.1396	
92.3075	36.0819	-1.476	2.7778	0.1484	
92.3767	35.8129	-1.4586	2.7778	0.1571	
92.4529	35.5458	-1.4403	2.7778	0.1658	
92.5363	35.2808	-1.421	2.7778	0.1745	
92.6225	35.0167	-1.4027	2.7778	0.1658	
92.7113	34.7535	-1.3853	2.7778	0.1571	
92.8023	34.4911	-1.3689	2.7778	0.1484	
92.8954	34.2294	-1.3534	2.7778	0.1396	
92.9902	33.9683	-1.3389	2.7778	0.1309	
93.0865	33.7077	-1.3254	2.7778	0.1222	
93.184	33.4476	-1.3128	2.7778	0.1134	
93.2826	33.1879	-1.3012	2.7778	0.1047	
93.3819	32.9285	-1.2905	2.7778	0.096	
93.4817	32.6693	-1.2808	2.7778	0.0873	
93.584	32.411	-1.2711	2.7778	0.0873	
93.6889	32.1538	-1.2615	2.7778	0.0873	
93.7962	31.8976	-1.2518	2.7778	0.0873	
93.9059	31.6424	-1.2421	2.7778	0.0873	
94.0182	31.3883	-1.2324	2.7778	0.0873	
94.1329	31.1353	-1.2227	2.7778	0.0873	
94.25	30.8835	-1.213	2.7778	0.0873	
94.3696	30.6327	-1.2034	2.7778	0.0873	
94.4916	30.3832	-1.1937	2.7778	0.0873	
94.616	30.1348	-1.184	2.7778	0.0873	
94.745	29.8888	-1.1733	2.7778	0.096	
94.8787	29.6453	-1.1617	2.7778	0.1047	
95.0173	29.4046	-1.1492	2.7778	0.1134	
95.161	29.1669	-1.1356	2.7778	0.1222	
95.31	28.9324	-1.1211	2.7778	0.1309	
95.4644	28.7015	-1.1056	2.7778	0.1396	
95.6243	28.4744	-1.0892	2.7778	0.1484	
95.7899	28.2514	-1.0718	2.7778	0.1571	
95.9613	28.0327	-1.0535	2.7778	0.1658	
51	7	1.5708	2.7778	0.1745	
50.9558	7.2641	1.5885	2.6778	0.1658	
50.911	7.518	1.6046	2.5778	0.1571	
50.8661	7.7616	1.6193	2.4778	0.1484	
50.8216	7.9952	1.6325	2.3778	0.1396	
50.778	8.2188	1.6444	2.2778	0.1309	
50.7357	8.4324	1.655	2.1778	0.1222	
50.6949	8.6361	1.6644	2.0778	0.1134	
50.6559	8.83	1.6727	1.9778	0.1047	
50.619	9.0142	1.6799	1.8778	0.096	
50.5843	9.1885	1.6861	1.7778	0.0873	
50.5428	9.3819	1.6937	1.9778	0.096	
50.4937	9.5941	1.7028	2.1778	0.1047	
50.4359	9.8247	1.7135	2.3778	0.1134	
50.3684	10.0735	1.7261	2.5778	0.1222	
50.29	10.34	1.7406	2.7778	0.1309	
50.2054	10.6046	1.7561	2.7778	0.1396	
50.1145	10.867	1.7725	2.7778	0.1484	
50.0169	11.1271	1.7899	2.7778	0.1571	
49.9127	11.3846	1.8082	2.7778	0.1658	
49.8014	11.6391	1.8275	2.7778	0.1745	
49.6959	11.8633	1.8456	2.4778	0.1833	
49.5979	12.0578	1.8622	2.1778	0.192	
49.5092	12.2233	1.8772	1.8778	0.2007	
49.4314	12.3605	1.8903	1.5778	0.2094	
49.3659	12.4703	1.9013	1.2778	0.2182	
49.3142	12.5532	1.9101	0.9778	0.2269	
49.2773	12.6101	1.9165	0.6778	0.2356	
49.2563	12.6415	1.9201	0.3778	0.2443	
49.2519	12.6479	1.9209	0.0778	0.2531	
49.2519	12.6479	1.9209	0.0	0.2618	
49.2519	12.6479	1.9209	0.0	0.2531	
49.2519	12.6479	1.9209	0.0	0.2443	
49.2519	12.6479	1.9209	0.0	0.2356	
49.2519	12.6479	1.9209	0.0	0.2269	
49.2519	12.6479	1.9209	0.0	0.2182	
49.2519	12.6479	1.9209	0.0	0.2094	
49.2519	12.6479	1.9209	0.0	0.2007	
49.2519	12.6479	1.9209	0.0	0.192	
49.2519	12.6479	1.9209	0.0	0.1833	
49.2519	12.6479	1.9209	0.0	0.1745	
49.2519	12.6479	1.9209	0.0	0.1658	
49.2519	12.6479	1.9209	0.0	0.1571	
49.2519	12.6479	1.9209	0.0	0.1484	
49.2519	12.6479	1.9209	0.0	0.1396	
49.2519	12.6479	1.9209	0.0	0.1309	
49.2519	12.6479	1.9209	0.0	0.1222	
49.2519	12.6479	1.9209	0.0	0.1134	
49.2519	12.6479	1.9209	0.0	0.1047	
49.2519	12.6479	1.9209	0.0	0.096	
49.2519	12.6479	1.9209	0.0	0.0873	
49.2519	12.6479	1.9209	0.0	0.096	
49.2519	12.6479	1.9209	0.0	0.1047	
49.2519	12.6479	1.9209	0.0	0.1134	
49.2519	12.6479	1.9209	0.0	0.1222	
49.2519	12.6479	1.9209	0.0	0.1309	
49.2519	12.6479	1.9209	0.0	0.1396	
49.2519	12.6479	1.9209	0.0	0.1484	
49.2519	12.6479	1.9209	0.0	0.1571	
49.2519	12.6479	1.9209	0.0	0.1658	
49.2519	12.6479	1.9209	0.0	0.1745	
49.2322	12.6827	1.9235	0.4	0.1658	
49.1931	12.7525	1.9286	0.8	0.1571	
49.135	12.8575	1.9356	1.2	0.1484	
49.0576	12.9976	1.9446	1.6	0.1396	
48.9609	13.1726	1.955	2.0	0.1309	
48.8445	13.3825	1.9667	2.4	0.1222	
48.7091	13.625	1.9793	2.7778	0.1134	
48.5727	13.867	1.9909	2.7778	0.1047	
48.4356	14.1086	2.0015	2.7778	0.096	
48.2981	14.35	2.0112	2.7778	0.0873	
48.1632	14.5813	2.0206	2.6778	0.0873	
48.0314	14.8028	2.0295	2.5778	0.0873	
47.9027	15.0146	2.0382	2.4778	0.0873	
47.7775	15.2167	2.0465	2.3778	0.0873	
47.6559	15.4093	2.0544	2.2778	0.0873	
47.5382	15.5926	2.062	2.1778	0.0873	
47.4246	15.7665	2.0692	2.0778	0.0873	
47.3153	15.9314	2.0761	1.9778	0.0873	
47.2104	16.0871	2.0827	1.8778	0.0873	
47.1102	16.2339	2.0889	1.7778	0.0873	
46.9905	16.4037	2.0969	2.0778	0.096	
46.8502	16.5958	2.1068	2.3778	0.1047	
46.6883	16.809	2.1189	2.6778	0.1134	
46.5157	17.0267	2.1325	2.7778	0.1222	
46.3384	17.2405	2.147	2.7778	0.1309	
46.1561	17.4501	2.1624	2.7778	0.1396	
45.9688	17.6552	2.1788	2.7778	0.1484	
45.7764	17.8556	2.1962	2.7778	0.1571	
45.5788	18.0508	2.2146	2.7778	0.1658	
45.376	18.2407	2.2339	2.7778	0.1745	
45.1771	18.4199	2.2525	2.6778	0.1745	
44.9824	18.5888	2.2704	2.5778	0.1745	
44.7923	18.7478	2.2876	2.4778	0.1745	
44.6074	18.8972	2.3041	2.3778	0.1745	
44.4278	19.0374	2.3199	2.2778	0.1745	
44.2541	19.1687	2.335	2.1778	0.1745	
44.0864	19.2915	2.3495	2.0778	0.1745	
43.9252	19.406	2.3632	1.9778	0.1745	
43.7706	19.5126	2.3763	1.8778	0.1745	
43.623	19.6117	2.3886	1.7778	0.1745	
43.516	19.6815	2.3975	1.2778	0.1745	
43.4505	19.7235	2.4029	0.7778	0.1745	
43.427	19.7383	2.4048	0.2778	0.1745	
43.427	19.7383	2.4048	0.0	0.1745	
43.427	19.7383	2.4048	0.0	0.1745	
43.427	19.7383	2.4048	0.0	0.1745	
43.427	19.7383	2.4048	0.0	0.1745	
43.427	19.7383	2.4048	0.0	0.1745	
43.427	19.7383	2.4048	0.0	0.1745	
43.427	19.7383	2.4048	0.0	0.1745	
43.427	19.7383	2.4048	0.0	0.1833	
43.427	19.7383	2.4048	0.0	0.192	
43.427	19.7383	2.4048	0.0	0.2007	
43.427	19.7383	2.4048	0.0	0.2094	
43.427	19.7383	2.4048	0.0	0.2182	
43.427	19.7383	2.4048	0.0	0.2269	
43.427	19.7383	2.4048	0.0	0.2356	
43.427	19.7383	2.4048	0.0	0.2443	
43.427	19.7383	2.4048	0.0	0.2531	
43.427	19.7383	2.4048	0.0	0.2618	
43.3828	19.7616	2.4098	0.5	0.2531	
43.2944	19.8084	2.4195	1.0	0.2443	
43.1618	19.8785	2.4335	1.5	0.2356	
42.9845	19.9711	2.4515	2.0	0.2269	
42.7618	20.0848	2.4731	2.5	0.2182	
42.5128	20.2078	2.4962	2.7778	0.2094	
42.262	20.3273	2.5184	2.7778	0.2007	
42.0097	20.4434	2.5396	2.7778	0.192	
41.7559	20.5564	2.5598	2.7778	0.1833	
41.5009	20.6664	2.5791	2.7778	0.1745	
41.2539	20.7698	2.5968	2.6778	0.1658	
41.0152	20.8673	2.6129	2.5778	0.1571	
40.7851	20.9592	2.6276	2.4778	0.1484	
40.5638	21.0462	2.6408	2.3778	0.1396	
40.3515	21.1285	2.6527	2.2778	0.1309	
40.1482	21.2066	2.6633	2.1778	0.1222	
39.9541	21.2807	2.6728	2.0778	0.1134	
39.7692	21.3512	2.681	1.9778	0.1047	
39.5938	21.4181	2.6882	1.8778	0.096	
39.4278	21.4818	2.6944	1.7778	0.0873	
39.29	21.535	2.6991	1.4778	0.0785	
39.1803	21.5779	2.7023	1.1778	0.0698	
39.0987	21.6103	2.7045	0.8778	0.0611	
39.0451	21.632	2.7057	0.5778	0.0524	
39.0195	21.6426	2.7062	0.2778	0.0436	
39.0195	21.6426	2.7062	0.0	0.0349	
39.0195	21.6426	2.7062	0.0	0.0262	
39.0195	21.6426	2.7062	0.0	0.0175	
39.0195	21.6426	2.7062	0.0	0.0087	
39.0195	21.6426	2.7062	0.0	0.0	
39.0013	21.6509	2.7062	0.2	0.0087	
38.9647	21.6671	2.7065	0.4	0.0175	
38.9097	21.691	2.7072	0.6	0.0262	
38.836	21.7221	2.7083	0.8	0.0349	
38.7435	21.7601	2.71	1.0	0.0436	
38.632	21.8045	2.7125	1.2	0.0524	
38.5014	21.8549	2.7159	1.4	0.0611	
38.3514	21.9106	2.7204	1.6	0.0698	
38.1818	21.9711	2.7261	1.8	0.0785	
37.9925	22.0356	2.733	2.0	0.0873	
37.8498	22.0817	2.7388	1.5	0.096	
37.7542	22.1111	2.743	1.0	0.1047	
37.7062	22.1251	2.7452	0.5	0.1134	
37.7062	22.1251	2.7452	0.0	0.1222	
37.7062	22.1251	2.7452	0.0	0.1309	
37.7062	22.1251	2.7452	0.0	0.1396	
37.7062	22.1251	2.7452	0.0	0.1484	
37.7062	22.1251	2.7452	0.0	0.1571	
37.7062	22.1251	2.7452	0.0	0.1658	
37.7062	22.1251	2.7452	0.0	0.1745	
37.6965	22.1274	2.7459	0.1	0.1658	
37.677	22.1322	2.7471	0.2	0.1571	
37.6479	22.1395	2.7489	0.3	0.1484	
37.6092	22.1495	2.7511	0.4	0.1396	
37.5609	22.1623	2.7538	0.5	0.1309	
37.503	22.1781	2.7567	0.6	0.1222	
37.4356	22.1968	2.7598	0.7	0.1134	
37.3586	22.2187	2.7632	0.8	0.1047	
37.2722	22.2438	2.7666	0.9	0.096	
37.1763	22.2722	2.7701	1.0	0.0873	
37.0707	22.303	2.774	1.1	0.0873	
36.9554	22.3362	2.7781	1.2	0.0873	
36.8303	22.3717	2.7827	1.3	0.0873	
36.6954	22.4092	2.7876	1.4	0.0873	
36.5508	22.4488	2.7928	1.5	0.0873	
36.3962	22.4901	2.7984	1.6	0.0873	
36.2317	22.5332	2.8043	1.7	0.0873	
36.0573	22.5777	2.8106	1.8	0.0873	
35.8729	22.6236	2.8172	1.9	0.0873	
35.6785	22.6706	2.8242	2.0	0.0873	
35.5325	22.7048	2.8294	1.5	0.0873	
35.435	22.7271	2.8329	1.0	0.0873	
35.3862	22.7381	2.8346	0.5	0.0873	
35.3862	22.7381	2.8346	0.0	0.0873	
35.3862	22.7381	2.8346	0.0	0.0873	
35.3862	22.7381	2.8346	0.0	0.0873	
35.3862	22.7381	2.8346	0.0	0.0873	
35.3862	22.7381	2.8346	0.0	0.0873	
35.3862	22.7381	2.8346	0.0	0.0873	
35.3862	22.7381	2.8346	0.0	0.0873	
35.3862	22.7381	2.8346	0.0	0.0873	
35.3862	22.7381	2.8346	0.0	0.0873	
35.3862	22.7381	2.8346	0.0	0.0873	
35.3862	22.7381	2.8346	0.0	0.0873	
35.3862	22.7381	2.8346	0.0	0.0873	
35.3862	22.7381	2.8346	0.0	0.0873	
35.3862	22.7381	2.8346	0.0	0.0873	
35.3862	22.7381	2.8346	0.0	0.0873	
35.3862	22.7381	2.8346	0.0	0.0873	
35.3862	22.7381	2.8346	0.0	0.0873	
35.3862	22.7381	2.8346	0.0	0.0873	
35.3862	22.7381	2.8346	0.0	0.0873	
35.3862	22.7381	2.8346	0.0	0.0873	
35.3862	22.7381	2.8346	0.0	0.0873	
35.3862	22.7381	2.8346	0.0	0.0873	
35.3862	22.7381	2.8346	0.0	0.0873	
35.3862	22.7381	2.8346	0.0	0.0873	
35.3862	22.7381	2.8346	0.0	0.0873	
35.3862	22.7381	2.8346	0.0	0.0873	
35.3862	22.7381	2.8346	0.0	0.0873	
35.3667	22.7424	2.8353	0.2	0.0873	
35.3277	22.7511	2.8367	0.4	0.0873	
35.2691	22.7641	2.8388	0.6	0.0873	
35.1909	22.7812	2.8416	0.8	0.0873	
35.0932	22.8023	2.8451	1.0	0.0873	
34.9758	22.8272	2.8493	1.2	0.0873	
34.8387	22.8557	2.8541	1.4	0.0873	
34.6819	22.8875	2.8597	1.6	0.0873	
34.5053	22.9223	2.866	1.8	0.0873	
34.3089	22.9598	2.873	2.0	0.0873	
34.1318	22.9923	2.8792	1.8	0.0873	
33.9743	23.0201	2.8848	1.6	0.0873	
33.8363	23.0437	2.8897	1.4	0.0873	
33.7179	23.0634	2.8939	1.2	0.0873	
33.6192	23.0794	2.8974	1.0	0.0873	
33.5402	23.0919	2.9002	0.8	0.0873	
33.4809	23.1011	2.9023	0.6	0.0873	
33.4413	23.1072	2.9037	0.4	0.0873	
33.4216	23.1102	2.9043	0.2	0.0873	
33.4216	23.1102	2.9043	0.0	0.0873	
33.4216	23.1102	2.9043	0.0	0.0785	
33.4216	23.1102	2.9043	0.0	0.0698	
33.4216	23.1102	2.9043	0.0	0.0611	
33.4216	23.1102	2.9043	0.0	0.0524	
33.4216	23.1102	2.9043	0.0	0.0436	
33.4216	23.1102	2.9043	0.0	0.0349	
33.4216	23.1102	2.9043	0.0	0.0262	
33.4216	23.1102	2.9043	0.0	0.0175	
33.4216	23.1102	2.9043	0.0	0.0087	
33.4216	23.1102	2.9043	0.0	0.0	
-1
48.9922	36.9999	-3.1416	0.0778	0.0087	
48.9922	36.9999	-3.1416	0.0	0.0175	
48.9922	36.9999	-3.1416	0.0	0.0262	
48.9922	36.9999	-3.1416	0.0	0.0349	
48.9922	36.9999	-3.1416	0.0	0.0436	
48.9922	36.9999	-3.1416	0.0	0.0524	
48.9922	36.9999	-3.1416	0.0	0.0611	
48.9922	36.9999	-3.1416	0.0	0.0698	
48.9922	36.9999	-3.1416	0.0	0.0785	
48.9922	36.9999	-3.1416	0.0	0.0873	
48.9922	36.9999	-3.1416	0.0	0.096	
48.9922	36.9999	-3.1416	0.0	0.1047	
48.9922	36.9999	-3.1416	0.0	0.1134	
48.9922	36.9999	-3.1416	0.0	0.1222	
48.9922	36.9999	-3.1416	0.0	0.1309	
48.9922	36.9999	-3.1416	0.0	0.1396	
48.9922	36.9999	-3.1416	0.0	0.1484	
48.9922	36.9999	-3.1416	0.0	0.1571	
48.9922	36.9999	-3.1416	0.0	0.1658	
48.9922	36.9999	-3.1416	0.0	0.1745	
48.9922	36.9999	-3.1416	0.0	0.1658	
48.9922	36.9999	-3.1416	0.0	0.1571	
48.9922	36.9999	-3.1416	0.0	0.1484	
48.9922	36.9999	-3.1416	0.0	0.1396	
48.9922	36.9999	-3.1416	0.0	0.1309	
48.9922	36.9999	-3.1416	0.0	0.1222	
48.9922	36.9999	-3.1416	0.0	0.1134	
48.9922	36.9999	-3.1416	0.0	0.1047	
48.9922	36.9999	-3.1416	0.0	0.096	
48.9922	36.9999	-3.1416	0.0	0.0873	
48.9922	36.9999	-3.1416	0.0	0.096	
48.9922	36.9999	-3.1416	0.0	0.1047	
48.9922	36.9999	-3.1416	0.0	0.1134	
48.9922	36.9999	-3.1416	0.0	0.1222	
48.9922	36.9999	-3.1416	0.0	0.1309	
48.9922	36.9999	-3.1416	0.0	0.1396	
48.9922	36.9999	-3.1416	0.0	0.1484	
48.9922	36.9999	-3.1416	0.0	0.1571	
48.9922	36.9999	-3.1416	0.0	0.1658	
48.9922	36.9999	-3.1416	0.0	0.1745	
48.9922	36.9999	-3.1416	0.0	0.1745	
48.9922	36.9999	-3.1416	0.0	0.1745	
48.9922	36.9999	-3.1416	0.0	0.1745	
48.9922	36.9999	-3.1416	0.0	0.1745	
48.9922	36.9999	-3.1416	0.0	0.1745	
48.9922	36.9999	-3.1416	0.0	0.1745	
48.9922	36.9999	-3.1416	0.0	0.1745	
48.9922	36.9999	-3.1416	0.0	0.1745	
48.9922	36.9999	-3.1416	0.0	0.1745	
48.9922	36.9999	-3.1416	0.0	0.1745	
48.9922	36.9999	-3.1416	0.0	0.1745	
48.9922	36.9999	-3.1416	0.0	0.1745	
48.9922	36.9999	-3.1416	0.0	0.1745	
48.9922	36.9999	-3.1416	0.0	0.1745	
48.9922	36.9999	-3.1416	0.0	0.1745	
48.9922	36.9999	-3.1416	0.0	0.1745	
48.9922	36.9999	-3.1416	0.0	0.1745	
48.9922	36.9999	-3.1416	0.0	0.1745	
48.9922	36.9999	-3.1416	0.0	0.1745	
48.9922	36.9999	-3.1416	0.0	0.1745	
48.9922	36.9999	-3.1416	0.0	0.1745	
48.9922	36.9999	-3.1416	0.0	0.1745	
48.9922	36.9999	-3.1416	0.0	0.1745	
48.9922	36.9999	-3.1416	0.0	0.1745	
48.9922	36.9999	-3.1416	0.0	0.1745	
48.9922	36.9999	-3.1416	0.0	0.1745	
48.9922	36.9999	-3.1416	0.0	0.1745	
48.9922	36.9999	-3.1416	0.0	0.1745	
48.9922	36.9999	-3.1416	0.0	0.1745	
48.9922	36.9999	-3.1416	0.0	0.1745	
48.9922	36.9999	-3.1416	0.0	0.1658	
48.9922	36.9999	-3.1416	0.0	0.1571	
48.9922	36.9999	-3.1416	0.0	0.1484	
48.9922	36.9999	-3.1416	0.0	0.1396	
48.9922	36.9999	-3.1416	0.0	0.1309	
48.9922	36.9999	-3.1416	0.0	0.1222	
48.9922	36.9999	-3.1416	0.0	0.1134	
48.9922	36.9999	-3.1416	0.0	0.1047	
48.9922	36.9999	-3.1416	0.0	0.096	
48.9922	36.9999	-3.1416	0.0	0.0873	
48.9922	36.9999	-3.1416	0.0	0.0873	
48.9922	36.9999	-3.1416	0.0	0.0873	
48.9922	36.9999	-3.1416	0.0	0.0873	
48.9922	36.9999	-3.1416	0.0	0.0873	
48.9922	36.9999	-3.1416	0.0	0.0873	
48.9922	36.9999	-3.1416	0.0	0.0873	
48.9922	36.9999	-3.1416	0.0	0.0873	
48.9922	36.9999	-3.1416	0.0	0.0873	
48.9922	36.9999	-3.1416	0.0	0.0873	
48.9922	36.9999	-3.1416	0.0	0.0873	
48.9922	36.9999	-3.1416	0.0	0.0785	
48.9922	36.9999	-3.1416	0.0	0.0698	
48.9922	36.9999	-3.1416	0.0	0.0611	
48.9922	36.9999	-3.1416	0.0	0.0524	
48.9922	36.9999	-3.1416	0.0	0.0436	
48.9922	36.9999	-3.1416	0.0	0.0349	
48.9922	36.9999	-3.1416	0.0	0.0262	
48.9922	36.9999	-3.1416	0.0	0.0175	
48.9922	36.9999	-3.1416	0.0	0.0087	
48.9922	36.9999	-3.1416	0.0	0.0	
48.9922	36.9999	-3.1416	0.0	0.0087	
48.9922	36.9999	-3.1416	0.0	0.0175	
48.9922	36.9999	-3.1416	0.0	0.0262	
48.9922	36.9999	-3.1416	0.0	0.0349	
48.9922	36.9999	-3.1416	0.0	0.0436	
48.9922	36.9999	-3.1416	0.0	0.0524	
48.9922	36.9999	-3.1416	0.0	0.0611	
48.9922	36.9999	-3.1416	0.0	0.0698	
48.9922	36.9999	-3.1416	0.0	0.0785	
48.9922	36.9999	-3.1416	0.0	0.0873	
48.9524	36.9961	-3.14	0.4	0.096	
48.8729	36.9876	-3.1367	0.8	0.1047	
48.7537	36.9734	-3.1313	1.2	0.1134	
48.5951	36.9523	-3.1235	1.6	0.1222	
48.3973	36.9226	-3.113	2.0	0.1309	
48.1607	36.8824	-3.0997	2.4	0.1396	
47.8879	36.8299	-3.0832	2.7778	0.1484	
47.6166	36.7705	-3.0658	2.7778	0.1571	
47.3469	36.7041	-3.0475	2.7778	0.1658	
47.0791	36.6303	-3.0282	2.7778	0.1745	
46.8421	36.5579	-3.0102	2.4778	0.1833	
46.6356	36.4887	-2.9935	2.1778	0.192	
46.4591	36.4245	-2.9786	1.8778	0.2007	
46.3122	36.3671	-2.9654	1.5778	0.2094	
46.1942	36.318	-2.9544	1.2778	0.2182	
46.1047	36.2787	-2.9456	0.9778	0.2269	
46.0431	36.2503	-2.9392	0.6778	0.2356	
46.0091	36.234	-2.9356	0.3778	0.2443	
46.0021	36.2305	-2.9348	0.0778	0.2531	
46.0021	36.2305	-2.9348	0.0	0.2618	
46.0021	36.2305	-2.9348	0.0	0.2531	
46.0021	36.2305	-2.9348	0.0	0.2443	
46.0021	36.2305	-2.9348	0.0	0.2356	
46.0021	36.2305	-2.9348	0.0	0.2269	
46.0021	36.2305	-2.9348	0.0	0.2182	
46.0021	36.2305	-2.9348	0.0	0.2094	
46.0021	36.2305	-2.9348	0.0	0.2007	
46.0021	36.2305	-2.9348	0.0	0.192	
46.0021	36.2305	-2.9348	0.0	0.1833	
46.0021	36.2305	-2.9348	0.0	0.1745	
45.9555	36.2123	-2.9315	0.5	0.1658	
45.8622	36.1764	-2.9253	1.0	0.1571	
45.7221	36.1229	-2.9164	1.5	0.1484	
45.5352	36.0516	-2.9052	2.0	0.1396	
45.3019	35.9618	-2.8922	2.5	0.1309	
45.0431	35.861	-2.8787	2.7778	0.1222	
44.7847	35.7589	-2.8661	2.7778	0.1134	
44.5268	35.6558	-2.8545	2.7778	0.1047	
44.2692	35.5519	-2.8438	2.7778	0.096	
44.0117	35.4476	-2.8341	2.7778	0.0873	
43.7544	35.343	-2.8254	2.7778	0.0785	
43.497	35.2384	-2.8177	2.7778	0.0698	
43.2396	35.1341	-2.8109	2.7778	0.0611	
42.9819	35.0303	-2.8051	2.7778	0.0524	
42.724	34.9272	-2.8002	2.7778	0.0436	
42.4657	34.8251	-2.7963	2.7778	0.0349	
42.2068	34.7243	-2.7934	2.7778	0.0262	
41.9474	34.625	-2.7915	2.7778	0.0175	
41.6873	34.5275	-2.7905	2.7778	0.0087	
41.4265	34.4319	-2.7905	2.7778	0.0	
41.1648	34.3387	-2.7915	2.7778	-0.0087	
40.9023	34.248	-2.7934	2.7778	-0.0175	
40.6388	34.1601	-2.7963	2.7778	-0.0262	
40.3743	34.0752	-2.8002	2.7778	-0.0349	
40.1087	33.9938	-2.8051	2.7778	-0.0436	
39.8421	33.9159	-2.8109	2.7778	-0.0524	
39.5743	33.8419	-2.8177	2.7778	-0.0611	
39.3055	33.772	-2.8254	2.7778	-0.0698	
39.0355	33.7067	-2.8341	2.7778	-0.0785	
38.7644	33.646	-2.8438	2.7778	-0.0873	
38.5226	33.5921	-2.8516	2.4778	-0.0785	
38.3101	33.5445	-2.8577	2.1778	-0.0698	
38.1269	33.503	-2.8623	1.8778	-0.0611	
37.9732	33.4675	-2.8656	1.5778	-0.0524	
37.8489	33.4381	-2.8678	1.2778	-0.0436	
37.7539	33.415	-2.8691	0.9778	-0.0349	
37.6881	33.3984	-2.8699	0.6778	-0.0262	
37.6516	33.3889	-2.8701	0.3778	-0.0175	
37.6441	33.3869	-2.8701	0.0778	-0.0087	
37.6441	33.3869	-2.8701	0.0	0.0	
37.6248	33.3815	-2.8701	0.2	0.0	
37.5862	33.3708	-2.8701	0.4	0.0	
37.5284	33.3547	-2.8701	0.6	0.0	
37.4514	33.3333	-2.8701	0.8	0.0	
37.355	33.3065	-2.8701	1.0	0.0	
37.2394	33.2743	-2.8701	1.2	0.0	
37.1046	33.2368	-2.8701	1.4	0.0	
36.9504	33.1939	-2.8701	1.6	0.0	
36.777	33.1456	-2.8701	1.8	0.0	
36.5843	33.092	-2.8701	2.0	0.0	
36.3815	33.0374	-2.8709	2.1	-0.0087	
36.1686	32.9823	-2.8724	2.2	-0.0175	
35.9453	32.927	-2.8748	2.3	-0.0262	
35.7117	32.8718	-2.8782	2.4	-0.0349	
35.4677	32.8173	-2.8825	2.5	-0.0436	
35.2133	32.764	-2.888	2.6	-0.0524	
34.9483	32.7123	-2.8946	2.7	-0.0611	
34.6748	32.6633	-2.9023	2.7778	-0.0698	
34.4006	32.6189	-2.911	2.7778	-0.0785	
34.1257	32.5792	-2.9207	2.7778	-0.0873	
33.8501	32.5446	-2.9314	2.7778	-0.096	
33.5739	32.5154	-2.943	2.7778	-0.1047	
33.2971	32.4917	-2.9556	2.7778	-0.1134	
33.0199	32.474	-2.9691	2.7778	-0.1222	
32.7423	32.4625	-2.9836	2.7778	-0.1309	
32.4646	32.4574	-2.9991	2.7778	-0.1396	
32.1868	32.459	-3.0155	2.7778	-0.1484	
31.9092	32.4676	-3.0329	2.7778	-0.1571	
31.6319	32.4835	-3.0512	2.7778	-0.1658	
31.3551	32.5068	-3.0705	2.7778	-0.1745	
31.1285	32.5303	-3.0863	2.2778	-0.1745	
30.952	32.5515	-3.0987	1.7778	-0.1745	
30.8253	32.5683	-3.1076	1.2778	-0.1745	
30.7483	32.5791	-3.113	0.7778	-0.1745	
30.7208	32.5832	-3.1149	0.2778	-0.1745	
30.7208	32.5832	-3.1149	0.0	-0.1745	
30.7208	32.5832	-3.1149	0.0	-0.1745	
30.7208	32.5832	-3.1149	0.0	-0.1745	
30.7208	32.5832	-3.1149	0.0	-0.1745	
30.7208	32.5832	-3.1149	0.0	-0.1745	
30.7208	32.5832	-3.1149	0.0	-0.1658	
30.7208	32.5832	-3.1149	0.0	-0.1571	
30.7208	32.5832	-3.1149	0.0	-0.1484	
30.7208	32.5832	-3.1149	0.0	-0.1396	
30.7208	32.5832	-3.1149	0.0	-0.1309	
30.7208	32.5832	-3.1149	0.0	-0.1222	
30.7208	32.5832	-3.1149	0.0	-0.1134	
30.7208	32.5832	-3.1149	0.0	-0.1047	
30.7208	32.5832	-3.1149	0.0	-0.096	
30.7208	32.5832	-3.1149	0.0	-0.0873	
30.7208	32.5832	-3.1149	0.0	-0.0873	
30.7208	32.5832	-3.1149	0.0	-0.0873	
30.7208	32.5832	-3.1149	0.0	-0.0873	
30.7208	32.5832	-3.1149	0.0	-0.0873	
30.7208	32.5832	-3.1149	0.0	-0.0873	
30.7208	32.5832	-3.1149	0.0	-0.0873	
30.7208	32.5832	-3.1149	0.0	-0.0873	
30.7208	32.5832	-3.1149	0.0	-0.0873	
30.7208	32.5832	-3.1149	0.0	-0.0873	
30.7208	32.5832	-3.1149	0.0	-0.0873	
30.7009	32.5846	-3.1157	0.2	-0.096	
30.661	32.5877	-3.1173	0.4	-0.1047	
30.6012	32.5931	-3.12	0.6	-0.1134	
30.5216	32.6011	-3.1239	0.8	-0.1222	
30.4223	32.6124	-3.1292	1.0	-0.1309	
30.3033	32.6276	-3.1358	1.2	-0.1396	
30.1647	32.6475	3.1391	1.4	-0.1484	
30.0067	32.6729	3.129	1.6	-0.1571	
29.8296	32.7049	3.1172	1.8	-0.1658	
29.6335	32.7444	3.1033	2.0	-0.1745	
29.467	32.7789	3.092	1.7	-0.1658	
29.33	32.8076	3.0833	1.4	-0.1571	
29.2224	32.8302	3.0768	1.1	-0.1484	
29.144	32.8464	3.0723	0.8	-0.1396	
29.095	32.8563	3.0697	0.5	-0.1309	
29.0754	32.8602	3.0687	0.2	-0.1222	
29.0754	32.8602	3.0687	0.0	-0.1134	
29.0754	32.8602	3.0687	0.0	-0.1047	
29.0754	32.8602	3.0687	0.0	-0.096	
29.0754	32.8602	3.0687	0.0	-0.0873	
29.0557	32.8634	3.068	0.2	-0.0873	
29.0162	32.8698	3.0667	0.4	-0.0873	
28.957	32.8795	3.0646	0.6	-0.0873	
28.878	32.8926	3.0618	0.8	-0.0873	
28.7794	32.9092	3.0583	1.0	-0.0873	
28.6612	32.9296	3.0541	1.2	-0.0873	
28.5233	32.9539	3.0492	1.4	-0.0873	
28.3659	32.9825	3.0436	1.6	-0.0873	
28.189	33.0156	3.0374	1.8	-0.0873	
27.9926	33.0537	3.0304	2.0	-0.0873	
27.806	33.0895	3.0244	1.9	-0.0785	
27.6292	33.123	3.0194	1.8	-0.0698	
27.462	33.154	3.0153	1.7	-0.0611	
27.3046	33.1824	3.0119	1.6	-0.0524	
27.1568	33.2083	3.0093	1.5	-0.0436	
27.0188	33.2316	3.0073	1.4	-0.0349	
26.8904	33.2524	3.006	1.3	-0.0262	
26.7718	33.2707	3.0051	1.2	-0.0175	
26.663	33.2866	3.0048	1.1	-0.0087	
26.5639	33.3002	3.0048	1.0	0.0	
26.4549	33.3152	3.0048	1.1	0.0	
26.3361	33.3316	3.0048	1.2	0.0	
26.2073	33.3493	3.0048	1.3	0.0	
26.0686	33.3684	3.0048	1.4	0.0	
25.92	33.3889	3.0048	1.5	0.0	
25.7615	33.4107	3.0048	1.6	0.0	
25.5931	33.4339	3.0048	1.7	0.0	
25.4148	33.4584	3.0048	1.8	0.0	
25.2265	33.4844	3.0048	1.9	0.0	
25.0284	33.5116	3.0048	2.0	0.0	
24.8699	33.5335	3.0048	1.6	0.0	
24.751	33.5498	3.0048	1.2	0.0	
24.6718	33.5608	3.0048	0.8	0.0	
24.6321	33.5662	3.0048	0.4	0.0	
24.6321	33.5662	3.0048	0.0	0.0	
24.6321	33.5662	3.0048	0.0	0.0	
24.6321	33.5662	3.0048	0.0	0.0	
24.6321	33.5662	3.0048	0.0	0.0	
24.6321	33.5662	3.0048	0.0	0.0	
24.6321	33.5662	3.0048	0.0	0.0	
24.6124	33.5691	3.0047	0.2	-0.0087	
24.5728	33.5753	3.0044	0.4	-0.0175	
24.5136	33.585	3.0038	0.6	-0.0262	
24.4348	33.5988	3.0027	0.8	-0.0349	
24.3365	33.6169	3.0009	1.0	-0.0436	
24.2187	33.6399	2.9984	1.2	-0.0524	
24.0816	33.6683	2.995	1.4	-0.0611	
23.9254	33.7027	2.9905	1.6	-0.0698	
23.7501	33.7437	2.9849	1.8	-0.0785	
23.556	33.792	2.9779	2.0	-0.0873	
23.401	33.8317	2.9723	1.6	-0.0873	
23.2849	33.8622	2.9681	1.2	-0.0873	
23.2076	33.8828	2.9654	0.8	-0.0873	
23.169	33.8932	2.964	0.4	-0.0873	
23.169	33.8932	2.964	0.0	-0.0873	
23.169	33.8932	2.964	0.0	-0.0873	
23.169	33.8932	2.964	0.0	-0.0873	
23.169	33.8932	2.964	0.0	-0.0873	
23.169	33.8932	2.964	0.0	-0.0873	
23.169	33.8932	2.964	0.0	-0.0873	
23.169	33.8932	2.964	0.0	-0.096	
23.169	33.8932	2.964	0.0	-0.1047	
23.169	33.8932	2.964	0.0	-0.1134	
23.169	33.8932	2.964	0.0	-0.1222	
23.169	33.8932	2.964	0.0	-0.1309	
23.169	33.8932	2.964	0.0	-0.1396	
23.169	33.8932	2.964	0.0	-0.1484	
23.169	33.8932	2.964	0.0	-0.1571	
23.169	33.8932	2.964	0.0	-0.1658	
23.169	33.8932	2.964	0.0	-0.1745	
23.169	33.8932	2.964	0.0	-0.1658	
23.169	33.8932	2.964	0.0	-0.1571	
23.169	33.8932	2.964	0.0	-0.1484	
23.169	33.8932	2.964	0.0	-0.1396	
23.169	33.8932	2.964	0.0	-0.1309	
23.169	33.8932	2.964	0.0	-0.1222	
23.169	33.8932	2.964	0.0	-0.1134	
23.169	33.8932	2.964	0.0	-0.1047	
23.169	33.8932	2.964	0.0	-0.096	
23.169	33.8932	2.964	0.0	-0.0873	
23.169	33.8932	2.964	0.0	-0.096	
23.169	33.8932	2.964	0.0	-0.1047	
23.169	33.8932	2.964	0.0	-0.1134	
23.169	33.8932	2.964	0.0	-0.1222	
23.169	33.8932	2.964	0.0	-0.1309	
23.169	33.8932	2.964	0.0	-0.1396	
23.169	33.8932	2.964	0.0	-0.1484	
23.169	33.8932	2.964	0.0	-0.1571	
23.169	33.8932	2.964	0.0	-0.1658	
23.169	33.8932	2.964	0.0	-0.1745	
23.169	33.8932	2.964	0.0	-0.1658	
23.169	33.8932	2.964	0.0	-0.1571	
23.169	33.8932	2.964	0.0	-0.1484	
23.169	33.8932	2.964	0.0	-0.1396	
23.169	33.8932	2.964	0.0	-0.1309	
23.169	33.8932	2.964	0.0	-0.1222	
23.169	33.8932	2.964	0.0	-0.1134	
23.169	33.8932	2.964	0.0	-0.1047	
23.169	33.8932	2.964	0.0	-0.096	
23.169	33.8932	2.964	0.0	-0.0873	
23.169	33.8932	2.964	0.0	-0.096	
23.169	33.8932	2.964	0.0	-0.1047	
23.169	33.8932	2.964	0.0	-0.1134	
23.169	33.8932	2.964	0.0	-0.1222	
23.169	33.8932	2.964	0.0	-0.1309	
23.169	33.8932	2.964	0.0	-0.1396	
23.169	33.8932	2.964	0.0	-0.1484	
23.169	33.8932	2.964	0.0	-0.1571	
23.169	33.8932	2.964	0.0	-0.1658	
23.169	33.8932	2.964	0.0	-0.1745	
23.1315	33.907	2.9612	0.4	-0.1745	
23.0565	33.9348	2.9556	0.8	-0.1745	
22.9442	33.9771	2.9473	1.2	-0.1745	
22.7949	34.0348	2.9362	1.6	-0.1745	
22.6092	34.109	2.9223	2.0	-0.1745	
22.3876	34.2011	2.9056	2.4	-0.1745	
22.1329	34.3119	2.8863	2.7778	-0.1745	
21.8804	34.4277	2.867	2.7778	-0.1745	
21.6301	34.5483	2.8477	2.7778	-0.1745	
21.3823	34.6737	2.8284	2.7778	-0.1745	
21.138	34.806	2.8082	2.7778	-0.1833	
20.8977	34.9453	2.787	2.7778	-0.192	
20.6617	35.0918	2.7648	2.7778	-0.2007	
20.4303	35.2454	2.7417	2.7778	-0.2094	
20.2039	35.4064	2.7177	2.7778	-0.2182	
19.9829	35.5747	2.6927	2.7778	-0.2269	
19.7677	35.7503	2.6667	2.7778	-0.2356	
19.5587	35.9333	2.6399	2.7778	-0.2443	
19.3564	36.1236	2.612	2.7778	-0.2531	
19.1611	36.3212	2.5833	2.7778	-0.2618	
19.0072	36.4891	2.5589	2.2778	-0.2705	
18.8915	36.6241	2.5393	1.7778	-0.2793	
18.8111	36.7234	2.5248	1.2778	-0.288	
18.7635	36.7849	2.5157	0.7778	-0.2967	
18.747	36.8072	2.5124	0.2778	-0.3054	
18.747	36.8072	2.5124	0.0	-0.3142	
18.747	36.8072	2.5124	0.0	-0.3229	
18.747	36.8072	2.5124	0.0	-0.3316	
18.747	36.8072	2.5124	0.0	-0.3403	
18.747	36.8072	2.5124	0.0	-0.3491	
-1
