47.0	43.0	0.0	0.0	0.10471975511965977	43.0	3.0	0.0	0.5555555555555556	0.0	3
37.8967	24.0	-3.1416	1.0333	0.0	
37.7733	24.0	-3.1416	1.2333	0.0	
37.63	24.0	-3.1416	1.4333	0.0	
37.4667	24.0	-3.1416	1.6333	0.0	
37.2833	24.0	-3.1416	1.8333	0.0	
37.08	24.0	-3.1416	2.0333	0.0	
36.8567	24.0	-3.1416	2.2333	0.0	
36.6133	24.0	-3.1416	2.4333	0.0	
36.35	24.0	-3.1416	2.6333	0.0	
36.0722	24.0	-3.1416	2.7778	0.0	
35.8244	24.0	-3.1416	2.4778	0.0	
35.6067	24.0	-3.1416	2.1778	0.0	
35.4189	24.0	-3.1416	1.8778	0.0	
35.2611	24.0	-3.1416	1.5778	0.0	
35.1333	24.0	-3.1416	1.2778	0.0	
35.0356	24.0	-3.1416	0.9778	0.0	
34.9678	24.0	-3.1416	0.6778	0.0	
34.93	24.0	-3.1416	0.3778	0.0	
34.9222	24.0	-3.1416	0.0778	0.0	
34.9222	24.0	-3.1416	0.0	0.0	
34.9222	24.0	-3.1416	0.0	-0.0087	
34.9222	24.0	-3.1416	0.0	-0.0175	
34.9222	24.0	-3.1416	0.0	-0.0262	
34.9222	24.0	-3.1416	0.0	-0.0349	
34.9222	24.0	-3.1416	0.0	-0.0436	
34.9222	24.0	-3.1416	0.0	-0.0524	
34.9222	24.0	-3.1416	0.0	-0.0611	
34.9222	24.0	-3.1416	0.0	-0.0698	
34.9222	24.0	-3.1416	0.0	-0.0785	
34.9222	24.0	-3.1416	0.0	-0.0873	
34.9222	24.0	-3.1416	0.0	-0.096	
34.9222	24.0	-3.1416	0.0	-0.1047	
34.9222	24.0	-3.1416	0.0	-0.1134	
34.9222	24.0	-3.1416	0.0	-0.1222	
34.9222	24.0	-3.1416	0.0	-0.1309	
34.9222	24.0	-3.1416	0.0	-0.1396	
34.9222	24.0	-3.1416	0.0	-0.1484	
34.9222	24.0	-3.1416	0.0	-0.1571	
34.9222	24.0	-3.1416	0.0	-0.1658	
34.9222	24.0	-3.1416	0.0	-0.1745	
34.9124	24.0017	3.1409	0.1	-0.1745	
34.8927	24.0052	3.1395	0.2	-0.1745	
34.8631	24.0105	3.1374	0.3	-0.1745	
34.8238	24.0176	3.1346	0.4	-0.1745	
34.7746	24.0266	3.1312	0.5	-0.1745	
34.7156	24.0377	3.127	0.6	-0.1745	
34.6469	24.0508	3.1221	0.7	-0.1745	
34.5684	24.0662	3.1166	0.8	-0.1745	
34.4802	24.0841	3.1103	0.9	-0.1745	
34.3823	24.1045	3.1034	1.0	-0.1745	
34.3237	24.1177	3.099	0.6	-0.1833	
34.3043	24.1223	3.0975	0.2	-0.192	
34.3043	24.1223	3.0975	0.0	-0.2007	
34.3043	24.1223	3.0975	0.0	-0.2094	
34.3043	24.1223	3.0975	0.0	-0.2182	
34.3043	24.1223	3.0975	0.0	-0.2269	
34.3043	24.1223	3.0975	0.0	-0.2356	
34.3043	24.1223	3.0975	0.0	-0.2443	
34.3043	24.1223	3.0975	0.0	-0.2531	
34.3043	24.1223	3.0975	0.0	-0.2618	
34.3043	24.1223	3.0975	0.0	-0.2531	
34.3043	24.1223	3.0975	0.0	-0.2443	
34.3043	24.1223	3.0975	0.0	-0.2356	
34.3043	24.1223	3.0975	0.0	-0.2269	
34.3043	24.1223	3.0975	0.0	-0.2182	
34.3043	24.1223	3.0975	0.0	-0.2094	
34.3043	24.1223	3.0975	0.0	-0.2007	
34.3043	24.1223	3.0975	0.0	-0.192	
34.3043	24.1223	3.0975	0.0	-0.1833	
34.3043	24.1223	3.0975	0.0	-0.1745	
34.2652	24.1307	3.0948	0.4	-0.1658	
34.1868	24.1469	3.0898	0.8	-0.1571	
34.0692	24.1707	3.0827	1.2	-0.1484	
33.9124	24.2023	3.0738	1.6	-0.1396	
33.7163	24.2417	3.0634	2.0	-0.1309	
33.4811	24.2895	3.0517	2.4	-0.1222	
33.209	24.3456	3.0391	2.7778	-0.1134	
32.9372	24.4027	3.0275	2.7778	-0.1047	
32.6655	24.4607	3.0169	2.7778	-0.096	
32.394	24.5191	3.0072	2.7778	-0.0873	
32.1722	24.5711	2.9984	2.2778	-0.096	
31.9999	24.6148	2.991	1.7778	-0.1047	
31.8765	24.6481	2.9852	1.2778	-0.1134	
31.8017	24.6695	2.9814	0.7778	-0.1222	
31.7751	24.6775	2.98	0.2778	-0.1309	
31.7751	24.6775	2.98	0.0	-0.1396	
31.7751	24.6775	2.98	0.0	-0.1484	
31.7751	24.6775	2.98	0.0	-0.1571	
31.7751	24.6775	2.98	0.0	-0.1658	
31.7751	24.6775	2.98	0.0	-0.1745	
31.7563	24.6842	2.9785	0.2	-0.1833	
31.7188	24.6981	2.9755	0.4	-0.192	
31.6628	24.7196	2.9707	0.6	-0.2007	
31.5885	24.7493	2.964	0.8	-0.2094	
31.4962	24.7879	2.9554	1.0	-0.2182	
31.3863	24.8361	2.9446	1.2	-0.2269	
31.2592	24.8948	2.9315	1.4	-0.2356	
31.1155	24.965	2.916	1.6	-0.2443	
30.9557	25.0479	2.898	1.8	-0.2531	
30.7807	25.1447	2.8773	2.0	-0.2618	
30.5808	25.2585	2.8543	2.3	-0.2531	
30.3567	25.3903	2.8291	2.6	-0.2443	
30.1196	25.5351	2.8032	2.7778	-0.2356	
29.8851	25.6839	2.7782	2.7778	-0.2269	
29.6529	25.8365	2.7541	2.7778	-0.2182	
29.4232	25.9926	2.731	2.7778	-0.2094	
29.1957	26.152	2.7089	2.7778	-0.2007	
28.9704	26.3145	2.6877	2.7778	-0.192	
28.7471	26.4798	2.6674	2.7778	-0.1833	
28.5258	26.6476	2.6481	2.7778	-0.1745	
28.3299	26.7994	2.6318	2.4778	-0.1658	
28.1588	26.9341	2.6181	2.1778	-0.1571	
28.0119	27.0509	2.607	1.8778	-0.1484	
27.8886	27.1494	2.5982	1.5778	-0.1396	
27.7888	27.2292	2.5916	1.2778	-0.1309	
27.7123	27.2901	2.5868	0.9778	-0.1222	
27.6591	27.3321	2.5837	0.6778	-0.1134	
27.6293	27.3553	2.5822	0.3778	-0.1047	
27.6231	27.3601	2.5819	0.0778	-0.096	
27.6231	27.3601	2.5819	0.0	-0.0873	
27.5835	27.3906	2.5799	0.5	-0.096	
27.5049	27.4524	2.5758	1.0	-0.1047	
27.3882	27.5466	2.569	1.5	-0.1134	
27.2346	27.6746	2.5592	2.0	-0.1222	
27.0455	27.8382	2.5462	2.5	-0.1309	
26.8394	28.0245	2.5307	2.7778	-0.1396	
26.638	28.2157	2.5143	2.7778	-0.1484	
26.4413	28.4119	2.4969	2.7778	-0.1571	
26.2499	28.6132	2.4786	2.7778	-0.1658	
26.064	28.8196	2.4593	2.7778	-0.1745	
25.8821	29.0296	2.44	2.7778	-0.1745	
25.7043	29.243	2.4207	2.7778	-0.1745	
25.5306	29.4598	2.4014	2.7778	-0.1745	
25.3612	29.6799	2.3821	2.7778	-0.1745	
25.196	29.9032	2.3628	2.7778	-0.1745	
25.0352	30.1297	2.3435	2.7778	-0.1745	
24.8788	30.3593	2.3242	2.7778	-0.1745	
24.7268	30.5918	2.3049	2.7778	-0.1745	
24.5794	30.8272	2.2856	2.7778	-0.1745	
24.4365	31.0654	2.2663	2.7778	-0.1745	
24.2982	31.3063	2.247	2.7778	-0.1745	
24.1646	31.5499	2.2277	2.7778	-0.1745	
24.0358	31.796	2.2084	2.7778	-0.1745	
23.9117	32.0445	2.1891	2.7778	-0.1745	
23.7924	32.2953	2.1699	2.7778	-0.1745	
23.678	32.5485	2.1506	2.7778	-0.1745	
23.5685	32.8037	2.1313	2.7778	-0.1745	
23.4639	33.0611	2.112	2.7778	-0.1745	
23.3643	33.3204	2.0927	2.7778	-0.1745	
23.2698	33.5816	2.0734	2.7778	-0.1745	
23.1857	33.8358	2.0539	2.6778	-0.1833	
23.1117	34.0828	2.0342	2.5778	-0.192	
23.0474	34.3221	2.0144	2.4778	-0.2007	
22.9922	34.5533	1.9947	2.3778	-0.2094	
22.9457	34.7763	1.9749	2.2778	-0.2182	
22.9073	34.9907	1.9553	2.1778	-0.2269	
22.8765	35.1962	1.9359	2.0778	-0.2356	
22.8526	35.3925	1.9168	1.9778	-0.2443	
22.8352	35.5795	1.898	1.8778	-0.2531	
22.8236	35.7569	1.8796	1.7778	-0.2618	
22.8131	35.9443	1.8608	1.8778	-0.2531	
22.8041	36.1419	1.8416	1.9778	-0.2443	
22.7968	36.3496	1.8222	2.0778	-0.2356	
22.7915	36.5673	1.8026	2.1778	-0.2269	
22.7883	36.795	1.7829	2.2778	-0.2182	
22.7877	37.0328	1.7631	2.3778	-0.2094	
22.7898	37.2806	1.7434	2.4778	-0.2007	
22.7948	37.5383	1.7237	2.5778	-0.192	
22.8029	37.806	1.7042	2.6778	-0.1833	
22.8143	38.0835	1.6849	2.7778	-0.1745	
22.8287	38.3609	1.6666	2.7778	-0.1658	
22.8457	38.6382	1.6492	2.7778	-0.1571	
22.8651	38.9153	1.6328	2.7778	-0.1484	
22.8867	39.1922	1.6173	2.7778	-0.1396	
22.9101	39.469	1.6028	2.7778	-0.1309	
22.9351	39.7456	1.5892	2.7778	-0.1222	
22.9615	40.0222	1.5767	2.7778	-0.1134	
22.9889	40.2986	1.5651	2.7778	-0.1047	
23.0171	40.5749	1.5544	2.7778	-0.096	
23.0458	40.8512	1.5447	2.7778	-0.0873	
23.0796	41.1269	1.5341	2.7778	-0.096	
23.1188	41.4019	1.5225	2.7778	-0.1047	
23.1636	41.6761	1.5099	2.7778	-0.1134	
23.2141	41.9492	1.4963	2.7778	-0.1222	
23.2708	42.2212	1.4818	2.7778	-0.1309	
23.3337	42.4917	1.4664	2.7778	-0.1396	
23.4032	42.7607	1.4499	2.7778	-0.1484	
23.4794	43.0278	1.4326	2.7778	-0.1571	
23.5626	43.2928	1.4142	2.7778	-0.1658	
23.6529	43.5555	1.3949	2.7778	-0.1745	
23.7345	43.7788	1.3784	2.3778	-0.1745	
23.8054	43.9635	1.3647	1.9778	-0.1745	
23.864	44.1099	1.3537	1.5778	-0.1745	
23.909	44.2188	1.3455	1.1778	-0.1745	
23.9393	44.2904	1.3401	0.7778	-0.1745	
23.9542	44.3252	1.3375	0.3778	-0.1745	
23.9542	44.3252	1.3375	0.0	-0.1745	
23.9542	44.3252	1.3375	0.0	-0.1745	
23.9542	44.3252	1.3375	0.0	-0.1745	
23.9542	44.3252	1.3375	0.0	-0.1745	
23.958	44.3344	1.3369	0.1	-0.1658	
23.9657	44.3529	1.3356	0.2	-0.1571	
23.9769	44.3807	1.3338	0.3	-0.1484	
23.9916	44.4179	1.3316	0.4	-0.1396	
24.0097	44.4645	1.329	0.5	-0.1309	
24.0311	44.5206	1.3261	0.6	-0.1222	
24.0556	44.5861	1.3229	0.7	-0.1134	
24.0832	44.6612	1.3196	0.8	-0.1047	
24.1138	44.7458	1.3161	0.9	-0.096	
24.1474	44.84	1.3126	1.0	-0.0873	
24.1925	44.962	1.3076	1.3	-0.096	
24.25	45.1113	1.3009	1.6	-0.1047	
24.3211	45.2875	1.2923	1.9	-0.1134	
24.4069	45.4901	1.2816	2.2	-0.1222	
24.5088	45.7183	1.2686	2.5	-0.1309	
24.6276	45.9694	1.2531	2.7778	-0.1396	
24.7524	46.2176	1.2367	2.7778	-0.1484	
24.8835	46.4625	1.2193	2.7778	-0.1571	
25.0208	46.7039	1.201	2.7778	-0.1658	
25.1647	46.9416	1.1817	2.7778	-0.1745	
25.3151	47.1751	1.1614	2.7778	-0.1833	
25.4723	47.4041	1.1402	2.7778	-0.192	
25.6362	47.6284	1.1181	2.7778	-0.2007	
25.807	47.8474	1.095	2.7778	-0.2094	
25.9847	48.061	1.0709	2.7778	-0.2182	
26.1693	48.2685	1.0459	2.7778	-0.2269	
26.3607	48.4698	1.02	2.7778	-0.2356	
26.5591	48.6643	0.9931	2.7778	-0.2443	
26.7642	48.8516	0.9653	2.7778	-0.2531	
26.976	49.0313	0.9365	2.7778	-0.2618	
27.1604	49.1814	0.9127	2.3778	-0.2531	
27.3156	49.304	0.8936	1.9778	-0.2443	
27.4405	49.4005	0.8788	1.5778	-0.2356	
27.5341	49.4719	0.8682	1.1778	-0.2269	
27.596	49.519	0.8615	0.7778	-0.2182	
27.626	49.5419	0.8584	0.3778	-0.2094	
27.626	49.5419	0.8584	0.0	-0.2007	
27.626	49.5419	0.8584	0.0	-0.192	
27.626	49.5419	0.8584	0.0	-0.1833	
27.626	49.5419	0.8584	0.0	-0.1745	
27.626	49.5419	0.8584	0.0	-0.1745	
27.626	49.5419	0.8584	0.0	-0.1745	
27.626	49.5419	0.8584	0.0	-0.1745	
27.626	49.5419	0.8584	0.0	-0.1745	
27.626	49.5419	0.8584	0.0	-0.1745	
27.626	49.5419	0.8584	0.0	-0.1745	
27.626	49.5419	0.8584	0.0	-0.1745	
27.626	49.5419	0.8584	0.0	-0.1745	
27.626	49.5419	0.8584	0.0	-0.1745	
27.626	49.5419	0.8584	0.0	-0.1745	
27.626	49.5419	0.8584	0.0	-0.1745	
27.626	49.5419	0.8584	0.0	-0.1745	
27.626	49.5419	0.8584	0.0	-0.1745	
27.626	49.5419	0.8584	0.0	-0.1745	
27.626	49.5419	0.8584	0.0	-0.1745	
27.626	49.5419	0.8584	0.0	-0.1745	
27.626	49.5419	0.8584	0.0	-0.1745	
27.626	49.5419	0.8584	0.0	-0.1745	
27.626	49.5419	0.8584	0.0	-0.1745	
27.626	49.5419	0.8584	0.0	-0.1745	
27.626	49.5419	0.8584	0.0	-0.1745	
27.626	49.5419	0.8584	0.0	-0.1745	
27.626	49.5419	0.8584	0.0	-0.1745	
27.626	49.5419	0.8584	0.0	-0.1745	
27.626	49.5419	0.8584	0.0	-0.1745	
27.626	49.5419	0.8584	0.0	-0.1745	
27.626	49.5419	0.8584	0.0	-0.1745	
27.626	49.5419	0.8584	0.0	-0.1745	
27.626	49.5419	0.8584	0.0	-0.1745	
27.626	49.5419	0.8584	0.0	-0.1745	
27.626	49.5419	0.8584	0.0	-0.1745	
27.626	49.5419	0.8584	0.0	-0.1745	
27.626	49.5419	0.8584	0.0	-0.1745	
27.626	49.5419	0.8584	0.0	-0.1745	
27.626	49.5419	0.8584	0.0	-0.1745	
27.626	49.5419	0.8584	0.0	-0.1745	
27.626	49.5419	0.8584	0.0	-0.1745	
27.626	49.5419	0.8584	0.0	-0.1745	
27.626	49.5419	0.8584	0.0	-0.1745	
27.626	49.5419	0.8584	0.0	-0.1745	
27.6495	49.5607	0.8562	0.3	-0.1833	
27.6967	49.5977	0.8516	0.6	-0.192	
27.7683	49.6522	0.8444	0.9	-0.2007	
27.8649	49.7234	0.8344	1.2	-0.2094	
27.9873	49.8101	0.8214	1.5	-0.2182	
28.1364	49.9109	0.8053	1.8	-0.2269	
28.3133	50.0242	0.7856	2.1	-0.2356	
28.519	50.1478	0.7624	2.4	-0.2443	
28.7547	50.2795	0.7354	2.7	-0.2531	
29.0019	50.4062	0.7066	2.7778	-0.2618	
29.2355	50.515	0.6791	2.5778	-0.2705	
29.4546	50.6076	0.6528	2.3778	-0.2793	
29.658	50.6853	0.6281	2.1778	-0.288	
29.845	50.7497	0.605	1.9778	-0.2967	
30.0149	50.8021	0.5836	1.7778	-0.3054	
30.167	50.8441	0.5641	1.5778	-0.3142	
30.3008	50.877	0.5466	1.3778	-0.3229	
30.4158	50.9021	0.5313	1.1778	-0.3316	
30.5118	50.9207	0.5182	0.9778	-0.3403	
30.5885	50.9338	0.5076	0.7778	-0.3491	
30.705	50.9514	0.4911	1.1778	-0.3578	
30.8615	50.971	0.4685	1.5778	-0.3665	
31.0584	50.9894	0.4395	1.9778	-0.3752	
31.2958	51.0026	0.4038	2.3778	-0.384	
31.5736	51.0057	0.3613	2.7778	-0.3927	
31.8512	50.9945	0.3179	2.7778	-0.4014	
32.1278	50.9689	0.2736	2.7778	-0.4102	
32.4026	50.9287	0.2284	2.7778	-0.4189	
32.6749	50.8737	0.1823	2.7778	-0.4276	
32.9438	50.8039	0.1354	2.7778	-0.4363	
33.1899	50.7275	0.0918	2.5778	-0.4363	
33.4137	50.6472	0.0516	2.3778	-0.4363	
33.6156	50.5655	0.0148	2.1778	-0.4363	
33.7961	50.4845	-0.0187	1.9778	-0.4363	
33.9558	50.4064	-0.0487	1.7778	-0.4363	
34.0953	50.3329	-0.0754	1.5778	-0.4363	
34.2155	50.2654	-0.0987	1.3778	-0.4363	
34.3168	50.2053	-0.1186	1.1778	-0.4363	
34.3999	50.1538	-0.1351	0.9778	-0.4363	
34.4653	50.1118	-0.1483	0.7778	-0.4363	
34.5381	50.0627	-0.1634	0.8778	-0.4451	
34.6178	50.0061	-0.1805	0.9778	-0.4538	
34.7041	49.9415	-0.1998	1.0778	-0.4625	
34.7963	49.8682	-0.2211	1.1778	-0.4712	
34.894	49.7858	-0.2447	1.2778	-0.48	
34.9963	49.6936	-0.2706	1.3778	-0.4887	
35.1026	49.5909	-0.2988	1.4778	-0.4974	
35.212	49.4772	-0.3294	1.5778	-0.5061	
35.3234	49.3518	-0.3625	1.6778	-0.5149	
35.4359	49.2141	-0.398	1.7778	-0.5236	
35.5373	49.0804	-0.4316	1.6778	-0.5236	
35.6284	48.9516	-0.4631	1.5778	-0.5236	
35.7099	48.8283	-0.4927	1.4778	-0.5236	
35.7824	48.7112	-0.5202	1.3778	-0.5236	
35.8467	48.6008	-0.5458	1.2778	-0.5236	
35.9033	48.4975	-0.5694	1.1778	-0.5236	
35.9529	48.4018	-0.5909	1.0778	-0.5236	
35.9959	48.314	-0.6105	0.9778	-0.5236	
36.0331	48.2345	-0.628	0.8778	-0.5236	
36.0647	48.1634	-0.6436	0.7778	-0.5236	
36.1062	48.0639	-0.6655	1.0778	-0.5323	
36.1553	47.9352	-0.6938	1.3778	-0.5411	
36.2092	47.7763	-0.7289	1.6778	-0.5498	
36.2645	47.5864	-0.7708	1.9778	-0.5585	
36.317	47.3648	-0.8198	2.2778	-0.5672	
36.3619	47.1109	-0.8759	2.5778	-0.576	
36.3925	46.8349	-0.9373	2.7778	-0.5847	
36.4036	46.5573	-0.9994	2.7778	-0.5934	
36.3951	46.2797	-1.0623	2.7778	-0.6021	
36.3667	46.0033	-1.1261	2.7778	-0.6109	
36.3273	45.7688	-1.1806	2.3778	-0.6109	
36.2841	45.5758	-1.226	1.9778	-0.6109	
36.2426	45.4236	-1.2622	1.5778	-0.6109	
36.2075	45.3112	-1.2892	1.1778	-0.6109	
36.1824	45.2376	-1.3071	0.7778	-0.6109	
36.1695	45.2021	-1.3157	0.3778	-0.6109	
36.1695	45.2021	-1.3157	0.0	-0.6109	
36.1695	45.2021	-1.3157	0.0	-0.6109	
36.1695	45.2021	-1.3157	0.0	-0.6109	
36.1695	45.2021	-1.3157	0.0	-0.6109	
36.1625	45.1833	-1.3203	0.2	-0.6109	
36.1484	45.1459	-1.3295	0.4	-0.6109	
36.1268	45.0899	-1.3433	0.6	-0.6109	
36.0968	45.0157	-1.3616	0.8	-0.6109	
36.0577	44.9237	-1.3846	1.0	-0.6109	
36.0083	44.8144	-1.4121	1.2	-0.6109	
35.9471	44.6884	-1.4442	1.4	-0.6109	
35.8726	44.5468	-1.4809	1.6	-0.6109	
35.7831	44.3907	-1.5222	1.8	-0.6109	
35.6764	44.2215	-1.5681	2.0	-0.6109	
35.5492	44.042	-1.6192	2.2	-0.6196	
35.3989	43.8549	-1.6756	2.4	-0.6283	
35.2232	43.6633	-1.7375	2.6	-0.637	
35.0215	43.4722	-1.8044	2.7778	-0.6458	
34.806	43.297	-1.872	2.7778	-0.6545	
34.5777	43.1387	-1.9404	2.7778	-0.6632	
34.338	42.9984	-2.0096	2.7778	-0.672	
34.088	42.8773	-2.0795	2.7778	-0.6807	
33.8293	42.7761	-2.1502	2.7778	-0.6894	
33.5634	42.6958	-2.2216	2.7778	-0.6981	
33.2924	42.6347	-2.293	2.7778	-0.6981	
33.0178	42.5931	-2.3644	2.7778	-0.6981	
32.7409	42.5711	-2.4359	2.7778	-0.6981	
32.4631	42.569	-2.5073	2.7778	-0.6981	
32.1859	42.5868	-2.5787	2.7778	-0.6981	
31.9106	42.6242	-2.6501	2.7778	-0.6981	
31.6388	42.6812	-2.7215	2.7778	-0.6981	
31.3717	42.7575	-2.793	2.7778	-0.6981	
31.1107	42.8526	-2.8644	2.7778	-0.6981	
30.8571	42.9661	-2.9358	2.7778	-0.6981	
30.6124	43.0974	-3.0072	2.7778	-0.6981	
30.3776	43.2458	-3.0786	2.7778	-0.6981	
30.154	43.4106	3.1331	2.7778	-0.6981	
29.9427	43.591	3.0617	2.7778	-0.6981	
29.7448	43.786	2.9903	2.7778	-0.6981	
29.5614	43.9945	2.9189	2.7778	-0.6981	
29.3933	44.2157	2.8474	2.7778	-0.6981	
29.2414	44.4483	2.776	2.7778	-0.6981	
29.1065	44.6911	2.7046	2.7778	-0.6981	
28.9893	44.9429	2.6332	2.7778	-0.6981	
-1
40.0	8.9544	-1.5708	0.4556	0.0	
40.0	8.9189	-1.5708	0.3556	0.0	
40.0	8.8933	-1.5708	0.2556	0.0	
40.0	8.8778	-1.5708	0.1556	0.0	
40.0	8.8722	-1.5708	0.0556	0.0	
40.0	8.8722	-1.5708	0.0	0.0	
40.0	8.8722	-1.5708	0.0	0.0	
40.0	8.8722	-1.5708	0.0	0.0	
40.0	8.8722	-1.5708	0.0	0.0	
40.0	8.8722	-1.5708	0.0	0.0	
40.0001	8.8622	-1.5708	0.1	0.0087	
40.0004	8.8422	-1.5706	0.2	0.0175	
40.0012	8.8122	-1.5703	0.3	0.0262	
40.0026	8.7723	-1.5697	0.4	0.0349	
40.0049	8.7223	-1.5689	0.5	0.0436	
40.0081	8.6624	-1.5676	0.6	0.0524	
40.0126	8.5925	-1.5659	0.7	0.0611	
40.0186	8.5128	-1.5637	0.8	0.0698	
40.0263	8.4231	-1.5609	0.9	0.0785	
40.036	8.3236	-1.5574	1.0	0.0873	
40.0501	8.1843	-1.5525	1.4	0.0873	
40.069	8.0053	-1.5462	1.8	0.0873	
40.0936	7.7867	-1.5385	2.2	0.0873	
40.1246	7.5285	-1.5295	2.6	0.0873	
40.1602	7.253	-1.5198	2.7778	0.0873	
40.1985	6.9779	-1.5101	2.7778	0.0873	
40.2395	6.7032	-1.5004	2.7778	0.0873	
40.2831	6.4288	-1.4907	2.7778	0.0873	
40.3293	6.1549	-1.4811	2.7778	0.0873	
40.3782	5.8815	-1.4714	2.7778	0.0873	
40.4224	5.6478	-1.4631	2.3778	0.0873	
40.4607	5.4538	-1.4562	1.9778	0.0873	
40.4923	5.2992	-1.4507	1.5778	0.0873	
40.5166	5.184	-1.4466	1.1778	0.0873	
40.5329	5.1079	-1.4439	0.7778	0.0873	
40.5409	5.071	-1.4426	0.3778	0.0873	
40.5409	5.071	-1.4426	0.0	0.0873	
40.5409	5.071	-1.4426	0.0	0.0873	
40.5409	5.071	-1.4426	0.0	0.0873	
40.5409	5.071	-1.4426	0.0	0.0873	
40.5471	5.0417	-1.4416	0.3	0.0785	
40.5589	4.9828	-1.4399	0.6	0.0698	
40.5761	4.8945	-1.4377	0.9	0.0611	
40.5982	4.7766	-1.4352	1.2	0.0524	
40.625	4.629	-1.4326	1.5	0.0436	
40.656	4.4516	-1.4301	1.8	0.0349	
40.6909	4.2446	-1.4279	2.1	0.0262	
40.7292	4.0076	-1.4262	2.4	0.0175	
75	18	4.7124	2.7	0.0087	
75.0	17.7222	-1.5708	2.7778	0.0	
75.0	17.4944	-1.5708	2.2778	0.0	
75.0	17.3167	-1.5708	1.7778	0.0	
75.0	17.1889	-1.5708	1.2778	0.0	
75.0	17.1111	-1.5708	0.7778	0.0	
75.0	17.0833	-1.5708	0.2778	0.0	
75.0	17.0833	-1.5708	0.0	0.0	
75.0	17.0833	-1.5708	0.0	0.0	
75.0	17.0833	-1.5708	0.0	0.0	
75.0	17.0833	-1.5708	0.0	0.0	
75.0	17.0833	-1.5708	0.0	0.0	
75.0	17.0833	-1.5708	0.0	-0.0087	
75.0	17.0833	-1.5708	0.0	-0.0175	
75.0	17.0833	-1.5708	0.0	-0.0262	
75.0	17.0833	-1.5708	0.0	-0.0349	
75.0	17.0833	-1.5708	0.0	-0.0436	
75.0	17.0833	-1.5708	0.0	-0.0524	
75.0	17.0833	-1.5708	0.0	-0.0611	
75.0	17.0833	-1.5708	0.0	-0.0698	
75.0	17.0833	-1.5708	0.0	-0.0785	
75.0	17.0833	-1.5708	0.0	-0.0873	
75.0	17.0833	-1.5708	0.0	-0.0785	
75.0	17.0833	-1.5708	0.0	-0.0698	
75.0	17.0833	-1.5708	0.0	-0.0611	
75.0	17.0833	-1.5708	0.0	-0.0524	
75.0	17.0833	-1.5708	0.0	-0.0436	
75.0	17.0833	-1.5708	0.0	-0.0349	
75.0	17.0833	-1.5708	0.0	-0.0262	
75.0	17.0833	-1.5708	0.0	-0.0175	
75.0	17.0833	-1.5708	0.0	-0.0087	
75.0	17.0833	-1.5708	0.0	0.0	
75.0	17.0833	-1.5708	0.0	0.0	
75.0	17.0833	-1.5708	0.0	0.0	
75.0	17.0833	-1.5708	0.0	0.0	
75.0	17.0833	-1.5708	0.0	0.0	
75.0	17.0833	-1.5708	0.0	0.0	
75.0	17.0833	-1.5708	0.0	0.0	
75.0	17.0833	-1.5708	0.0	0.0	
75.0	17.0833	-1.5708	0.0	0.0	
75.0	17.0833	-1.5708	0.0	0.0	
75.0	17.0833	-1.5708	0.0	0.0	
75.0	17.0833	-1.5708	0.0	0.0	
75.0	17.0833	-1.5708	0.0	0.0	
75.0	17.0833	-1.5708	0.0	0.0	
75.0	17.0833	-1.5708	0.0	0.0	
75.0	17.0833	-1.5708	0.0	0.0	
75.0	17.0833	-1.5708	0.0	0.0	
75.0	17.0833	-1.5708	0.0	0.0	
75.0	17.0833	-1.5708	0.0	0.0	
75.0	17.0833	-1.5708	0.0	0.0	
75.0	17.0833	-1.5708	0.0	0.0	
75.0003	17.0533	-1.5707	0.3	0.0087	
75.0013	16.9933	-1.5703	0.6	0.0175	
75.0037	16.9034	-1.5693	0.9	0.0262	
75.0081	16.7835	-1.5677	1.2	0.0349	
75.0151	16.6336	-1.565	1.5	0.0436	
75.0256	16.4539	-1.5613	1.8	0.0524	
75.0404	16.2444	-1.5561	2.1	0.0611	
75.0606	16.0053	-1.5494	2.4	0.0698	
75.0875	15.7366	-1.541	2.7	0.0785	
75.12	15.4608	-1.5313	2.7778	0.0873	
75.1575	15.1855	-1.5206	2.7778	0.096	
75.2004	14.9111	-1.509	2.7778	0.1047	
75.2488	14.6376	-1.4964	2.7778	0.1134	
75.303	14.3651	-1.4829	2.7778	0.1222	
75.3633	14.094	-1.4684	2.7778	0.1309	
75.4299	13.8243	-1.4529	2.7778	0.1396	
75.503	13.5563	-1.4365	2.7778	0.1484	
75.5828	13.2902	-1.4191	2.7778	0.1571	
75.6695	13.0263	-1.4008	2.7778	0.1658	
75.7633	12.7649	-1.3815	2.7778	0.1745	
75.8644	12.5062	-1.3613	2.7778	0.1833	
75.973	12.2505	-1.3401	2.7778	0.192	
76.0891	11.9982	-1.3179	2.7778	0.2007	
76.213	11.7495	-1.2948	2.7778	0.2094	
76.3448	11.505	-1.2707	2.7778	0.2182	
76.4845	11.2649	-1.2458	2.7778	0.2269	
76.6322	11.0296	-1.2198	2.7778	0.2356	
76.788	10.7997	-1.1929	2.7778	0.2443	
76.9518	10.5754	-1.1651	2.7778	0.2531	
77.1238	10.3572	-1.1364	2.7778	0.2618	
77.3019	10.1441	-1.1076	2.7778	0.2618	
77.4861	9.9361	-1.0788	2.7778	0.2618	
77.6762	9.7336	-1.0501	2.7778	0.2618	
77.8721	9.5366	-1.0213	2.7778	0.2618	
78.0735	9.3454	-0.9926	2.7778	0.2618	
78.2804	9.16	-0.9638	2.7778	0.2618	
78.4925	8.9806	-0.9351	2.7778	0.2618	
78.7096	8.8074	-0.9063	2.7778	0.2618	
78.9317	8.6405	-0.8775	2.7778	0.2618	
79.1584	8.4801	-0.8488	2.7778	0.2618	
79.3743	8.3392	-0.8212	2.5778	0.2705	
79.578	8.2165	-0.795	2.3778	0.2793	
79.7684	8.1108	-0.7703	2.1778	0.288	
79.9444	8.0206	-0.7471	1.9778	0.2967	
80.1051	7.9446	-0.7258	1.7778	0.3054	
80.2497	7.8814	-0.7063	1.5778	0.3142	
80.3775	7.8299	-0.6888	1.3778	0.3229	
80.4878	7.7887	-0.6734	1.1778	0.3316	
80.5802	7.7568	-0.6604	0.9778	0.3403	
80.6543	7.7329	-0.6497	0.7778	0.3491	
80.7668	7.6981	-0.6336	1.1778	0.3491	
80.9182	7.6538	-0.612	1.5778	0.3491	
81.1092	7.6024	-0.585	1.9778	0.3491	
81.3404	7.5468	-0.5524	2.3778	0.3491	
81.6124	7.4907	-0.5144	2.7778	0.3491	
81.8864	7.4449	-0.4764	2.7778	0.3491	
82.1619	7.4097	-0.4384	2.7778	0.3491	
82.4386	7.3849	-0.4004	2.7778	0.3491	
82.716	7.3706	-0.3624	2.7778	0.3491	
82.9938	7.3669	-0.3244	2.7778	0.3491	
83.2714	7.3761	-0.2855	2.7778	0.3578	
83.5483	7.3986	-0.2457	2.7778	0.3665	
83.8237	7.4345	-0.205	2.7778	0.3752	
84.0971	7.484	-0.1634	2.7778	0.384	
84.3676	7.5471	-0.1208	2.7778	0.3927	
84.6345	7.624	-0.0774	2.7778	0.4014	
84.897	7.7148	-0.0331	2.7778	0.4102	
85.1544	7.8193	0.0121	2.7778	0.4189	
85.4057	7.9375	0.0582	2.7778	0.4276	
85.6502	8.0693	0.1051	2.7778	0.4363	
85.8615	8.1989	0.1478	2.4778	0.4451	
86.041	8.3221	0.186	2.1778	0.4538	
86.1907	8.4356	0.2195	1.8778	0.4625	
86.3123	8.5361	0.2481	1.5778	0.4712	
86.4077	8.6211	0.2717	1.2778	0.48	
86.4785	8.6885	0.2901	0.9778	0.4887	
86.5263	8.7365	0.303	0.6778	0.4974	
86.5524	8.7639	0.3104	0.3778	0.5061	
86.5577	8.7696	0.3119	0.0778	0.5149	
86.5577	8.7696	0.3119	0.0	0.5236	
86.5915	8.8064	0.3217	0.5	0.5149	
86.6592	8.88	0.3411	1.0	0.5061	
86.7595	8.9916	0.3698	1.5	0.4974	
86.8902	9.1429	0.4073	2.0	0.4887	
87.0481	9.3368	0.4535	2.5	0.48	
87.2153	9.5586	0.5039	2.7778	0.4712	
87.3731	9.7871	0.5535	2.7778	0.4625	
87.5215	10.022	0.6022	2.7778	0.4538	
87.6604	10.2625	0.6501	2.7778	0.4451	
87.7897	10.5084	0.697	2.7778	0.4363	
87.9032	10.7509	0.7423	2.6778	0.4363	
88.0017	10.9891	0.7859	2.5778	0.4363	
88.0863	11.222	0.8277	2.4778	0.4363	
88.1581	11.4487	0.8679	2.3778	0.4363	
88.2181	11.6684	0.9064	2.2778	0.4363	
88.2674	11.8806	0.9433	2.1778	0.4363	
88.3068	12.0846	0.9784	2.0778	0.4363	
88.3376	12.2799	1.0118	1.9778	0.4363	
88.3606	12.4663	1.0436	1.8778	0.4363	
88.3767	12.6433	1.0736	1.7778	0.4363	
88.3863	12.7808	1.0965	1.3778	0.4276	
88.3917	12.8784	1.1124	0.9778	0.4189	
88.3945	12.9361	1.1216	0.5778	0.4102	
88.3953	12.9539	1.1244	0.1778	0.4014	
88.3953	12.9539	1.1244	0.0	0.3927	
88.3953	12.9539	1.1244	0.0	0.384	
88.3953	12.9539	1.1244	0.0	0.3752	
88.3953	12.9539	1.1244	0.0	0.3665	
88.3953	12.9539	1.1244	0.0	0.3578	
88.3953	12.9539	1.1244	0.0	0.3491	
88.3953	12.9539	1.1244	0.0	0.3403	
88.3953	12.9539	1.1244	0.0	0.3316	
88.3953	12.9539	1.1244	0.0	0.3229	
88.3953	12.9539	1.1244	0.0	0.3142	
88.3953	12.9539	1.1244	0.0	0.3054	
88.3953	12.9539	1.1244	0.0	0.2967	
88.3953	12.9539	1.1244	0.0	0.288	
88.3953	12.9539	1.1244	0.0	0.2793	
88.3953	12.9539	1.1244	0.0	0.2705	
88.3953	12.9539	1.1244	0.0	0.2618	
88.3953	12.9539	1.1244	0.0	0.2618	
88.3953	12.9539	1.1244	0.0	0.2618	
88.3953	12.9539	1.1244	0.0	0.2618	
88.3953	12.9539	1.1244	0.0	0.2618	
88.3953	12.9539	1.1244	0.0	0.2618	
88.3953	12.9539	1.1244	0.0	0.2618	
88.3953	12.9539	1.1244	0.0	0.2618	
88.3953	12.9539	1.1244	0.0	0.2618	
88.3953	12.9539	1.1244	0.0	0.2618	
88.3953	12.9539	1.1244	0.0	0.2618	
88.4041	13.0031	1.1297	0.5	0.2705	
88.4202	13.1018	1.1407	1.0	0.2793	
88.4414	13.2503	1.1578	1.5	0.288	
88.4646	13.4489	1.1812	2.0	0.2967	
88.4857	13.6981	1.2112	2.5	0.3054	
88.4983	13.9755	1.2456	2.7778	0.3142	
88.4989	14.2533	1.2808	2.7778	0.3229	
88.4874	14.5309	1.317	2.7778	0.3316	
88.4633	14.8076	1.3541	2.7778	0.3403	
88.4267	15.0829	1.3921	2.7778	0.3491	
88.3796	15.3567	1.4301	2.7778	0.3491	
88.3221	15.6285	1.4681	2.7778	0.3491	
88.2544	15.8979	1.5061	2.7778	0.3491	
88.1765	16.1645	1.5441	2.7778	0.3491	
88.0884	16.4279	1.5821	2.7778	0.3491	
87.9905	16.6879	1.6201	2.7778	0.3491	
87.8827	16.9439	1.6581	2.7778	0.3491	
87.7653	17.1957	1.6961	2.7778	0.3491	
87.6384	17.4428	1.7341	2.7778	0.3491	
87.5023	17.6849	1.7721	2.7778	0.3491	
87.3745	17.8972	1.8052	2.4778	0.3403	
87.2577	18.081	1.8336	2.1778	0.3316	
87.1539	18.2375	1.8574	1.8778	0.3229	
87.0647	18.3676	1.8769	1.5778	0.3142	
86.9914	18.4722	1.8923	1.2778	0.3054	
86.9347	18.5519	1.9037	0.9778	0.2967	
86.8953	18.6071	1.9114	0.6778	0.288	
86.8733	18.6378	1.9156	0.3778	0.2793	
86.8689	18.6442	1.9164	0.0778	0.2705	
86.8689	18.6442	1.9164	0.0	0.2618	
86.8574	18.6606	1.9185	0.2	0.2618	
86.8345	18.6934	1.9226	0.4	0.2618	
86.8	18.7424	1.9288	0.6	0.2618	
86.7535	18.8075	1.9371	0.8	0.2618	
86.6948	18.8885	1.9475	1.0	0.2618	
86.6232	18.9848	1.9599	1.2	0.2618	
86.5384	19.0962	1.9744	1.4	0.2618	
86.4396	19.2221	1.9909	1.6	0.2618	
86.3262	19.3618	2.0096	1.8	0.2618	
86.1973	19.5147	2.0303	2.0	0.2618	
86.0992	19.6282	2.0453	1.5	0.2531	
86.0333	19.7035	2.055	1.0	0.2443	
86.0004	19.7411	2.0597	0.5	0.2356	
86.0004	19.7411	2.0597	0.0	0.2269	
86.0004	19.7411	2.0597	0.0	0.2182	
86.0004	19.7411	2.0597	0.0	0.2094	
86.0004	19.7411	2.0597	0.0	0.2007	
86.0004	19.7411	2.0597	0.0	0.192	
86.0004	19.7411	2.0597	0.0	0.1833	
86.0004	19.7411	2.0597	0.0	0.1745	
85.9755	19.7724	2.0626	0.4	0.1833	
85.9249	19.8344	2.0687	0.8	0.192	
85.8478	19.9263	2.0782	1.2	0.2007	
85.7426	20.0469	2.0915	1.6	0.2094	
85.6079	20.1947	2.1089	2.0	0.2182	
85.4417	20.3679	2.1305	2.4	0.2269	
85.2434	20.5623	2.1564	2.7778	0.2356	
85.0384	20.7498	2.1833	2.7778	0.2443	
84.8269	20.9299	2.2111	2.7778	0.2531	
84.6089	21.1021	2.2399	2.7778	0.2618	
84.3861	21.268	2.2686	2.7778	0.2618	
84.1586	21.4274	2.2974	2.7778	0.2618	
83.9267	21.5801	2.3261	2.7778	0.2618	
83.6904	21.7262	2.3549	2.7778	0.2618	
83.45	21.8654	2.3836	2.7778	0.2618	
83.2057	21.9976	2.4124	2.7778	0.2618	
82.9577	22.1228	2.4412	2.7778	0.2618	
82.7062	22.2408	2.4699	2.7778	0.2618	
82.4515	22.3515	2.4987	2.7778	0.2618	
82.1936	22.4548	2.5274	2.7778	0.2618	
81.9517	22.5437	2.5541	2.5778	0.2618	
81.7264	22.6198	2.5787	2.3778	0.2618	
81.5184	22.6844	2.6013	2.1778	0.2618	
81.3283	22.7388	2.6218	1.9778	0.2618	
81.1564	22.7841	2.6402	1.7778	0.2618	
81.0031	22.8216	2.6565	1.5778	0.2618	
80.8687	22.8521	2.6708	1.3778	0.2618	
80.7535	22.8765	2.683	1.1778	0.2618	
80.6576	22.8957	2.6931	0.9778	0.2618	
80.5812	22.9101	2.7011	0.7778	0.2618	
80.544	22.9165	2.7052	0.3778	0.2705	
80.544	22.9165	2.7052	0.0	0.2793	
80.544	22.9165	2.7052	0.0	0.288	
80.544	22.9165	2.7052	0.0	0.2967	
80.544	22.9165	2.7052	0.0	0.3054	
80.544	22.9165	2.7052	0.0	0.3142	
80.544	22.9165	2.7052	0.0	0.3229	
80.544	22.9165	2.7052	0.0	0.3316	
80.544	22.9165	2.7052	0.0	0.3403	
80.544	22.9165	2.7052	0.0	0.3491	
80.544	22.9165	2.7052	0.0	0.3578	
80.544	22.9165	2.7052	0.0	0.3665	
80.544	22.9165	2.7052	0.0	0.3752	
80.544	22.9165	2.7052	0.0	0.384	
80.544	22.9165	2.7052	0.0	0.3927	
80.544	22.9165	2.7052	0.0	0.4014	
80.544	22.9165	2.7052	0.0	0.4102	
80.544	22.9165	2.7052	0.0	0.4189	
80.544	22.9165	2.7052	0.0	0.4276	
80.544	22.9165	2.7052	0.0	0.4363	
80.544	22.9165	2.7052	0.0	0.4363	
80.544	22.9165	2.7052	0.0	0.4363	
80.544	22.9165	2.7052	0.0	0.4363	
80.544	22.9165	2.7052	0.0	0.4363	
80.544	22.9165	2.7052	0.0	0.4363	
80.544	22.9165	2.7052	0.0	0.4363	
80.544	22.9165	2.7052	0.0	0.4363	
80.544	22.9165	2.7052	0.0	0.4363	
80.544	22.9165	2.7052	0.0	0.4363	
80.544	22.9165	2.7052	0.0	0.4363	
80.534	22.9164	2.7069	0.1	0.4451	
80.514	22.916	2.7104	0.2	0.4538	
80.484	22.9151	2.7157	0.3	0.4625	
80.444	22.9133	2.723	0.4	0.4712	
80.3941	22.9102	2.7322	0.5	0.48	
80.3343	22.9054	2.7435	0.6	0.4887	
80.2647	22.8985	2.7569	0.7	0.4974	
80.1853	22.8888	2.7724	0.8	0.5061	
80.0962	22.8757	2.7901	0.9	0.5149	
79.9977	22.8586	2.8101	1.0	0.5236	
79.8995	22.8395	2.8301	1.0	0.5236	
79.8018	22.8185	2.8501	1.0	0.5236	
79.7045	22.7955	2.8701	1.0	0.5236	
79.6076	22.7705	2.8901	1.0	0.5236	
79.5113	22.7436	2.9101	1.0	0.5236	
79.4155	22.7148	2.9301	1.0	0.5236	
79.3204	22.6841	2.9501	1.0	0.5236	
79.2258	22.6515	2.9701	1.0	0.5236	
79.132	22.617	2.9901	1.0	0.5236	
79.0388	22.5807	3.0101	1.0	0.5236	
78.9926	22.5616	3.0201	0.5	0.5236	
78.9926	22.5616	3.0201	0.0	0.5236	
78.9926	22.5616	3.0201	0.0	0.5236	
78.9926	22.5616	3.0201	0.0	0.5236	
78.9926	22.5616	3.0201	0.0	0.5236	
78.9926	22.5616	3.0201	0.0	0.5236	
78.9926	22.5616	3.0201	0.0	0.5236	
78.9926	22.5616	3.0201	0.0	0.5236	
78.9926	22.5616	3.0201	0.0	0.5236	
78.9926	22.5616	3.0201	0.0	0.5236	
78.9926	22.5616	3.0201	0.0	0.5323	
78.9926	22.5616	3.0201	0.0	0.5411	
78.9926	22.5616	3.0201	0.0	0.5498	
78.9926	22.5616	3.0201	0.0	0.5585	
78.9926	22.5616	3.0201	0.0	0.5672	
78.9926	22.5616	3.0201	0.0	0.576	
78.9926	22.5616	3.0201	0.0	0.5847	
78.9926	22.5616	3.0201	0.0	0.5934	
78.9926	22.5616	3.0201	0.0	0.6021	
78.9926	22.5616	3.0201	0.0	0.6109	
78.9575	22.5425	3.0294	0.4	0.6196	
78.8879	22.503	3.0482	0.8	0.6283	
78.7852	22.4409	3.0768	1.2	0.637	
78.6514	22.3531	3.1153	1.6	0.6458	
78.4896	22.2356	-3.1192	2.0	0.6545	
78.3039	22.0836	-3.0601	2.4	0.6632	
78.1013	21.8936	-2.9909	2.7778	0.672	
77.9141	21.6883	-2.921	2.7778	0.6807	
77.7436	21.469	-2.8503	2.7778	0.6894	
77.591	21.2369	-2.7789	2.7778	0.6981	
77.4701	21.0206	-2.7152	2.4778	0.6981	
77.3761	20.8242	-2.6592	2.1778	0.6981	
77.3046	20.6505	-2.6109	1.8778	0.6981	
77.2517	20.5019	-2.5704	1.5778	0.6981	
77.2138	20.3799	-2.5375	1.2778	0.6981	
77.1878	20.2856	-2.5124	0.9778	0.6981	
77.1715	20.2198	-2.4949	0.6778	0.6981	
77.163	20.183	-2.4852	0.3778	0.6981	
77.1614	20.1754	-2.4832	0.0778	0.6981	
77.1614	20.1754	-2.4832	0.0	0.6981	
-1
39.9011	33.0009	3.1412	0.9889	-0.0087	
39.8422	33.0019	3.1408	0.5889	-0.0175	
39.8234	33.0024	3.1406	0.1889	-0.0262	
39.8234	33.0024	3.1406	0.0	-0.0349	
39.8234	33.0024	3.1406	0.0	-0.0436	
39.8234	33.0024	3.1406	0.0	-0.0524	
39.8234	33.0024	3.1406	0.0	-0.0611	
39.8234	33.0024	3.1406	0.0	-0.0698	
39.8234	33.0024	3.1406	0.0	-0.0785	
39.8234	33.0024	3.1406	0.0	-0.0873	
39.8234	33.0024	3.1406	0.0	-0.096	
39.8234	33.0024	3.1406	0.0	-0.1047	
39.8234	33.0024	3.1406	0.0	-0.1134	
39.8234	33.0024	3.1406	0.0	-0.1222	
39.8234	33.0024	3.1406	0.0	-0.1309	
39.8234	33.0024	3.1406	0.0	-0.1396	
39.8234	33.0024	3.1406	0.0	-0.1484	
39.8234	33.0024	3.1406	0.0	-0.1571	
39.8234	33.0024	3.1406	0.0	-0.1658	
39.8234	33.0024	3.1406	0.0	-0.1745	
39.784	33.0094	3.1379	0.4	-0.1745	
39.7052	33.0236	3.1323	0.8	-0.1745	
39.5873	33.0455	3.124	1.2	-0.1745	
39.4302	33.0761	3.1129	1.6	-0.1745	
39.2343	33.1165	3.099	2.0	-0.1745	
39.0	33.1682	3.0823	2.4	-0.1745	
38.7297	33.2325	3.063	2.7778	-0.1745	
38.4608	33.3021	3.0437	2.7778	-0.1745	
38.1933	33.3768	3.0244	2.7778	-0.1745	
37.9272	33.4567	3.0051	2.7778	-0.1745	
37.7104	33.5264	2.9893	2.2778	-0.1745	
37.542	33.5835	2.9769	1.7778	-0.1745	
37.4215	33.626	2.9681	1.2778	-0.1745	
37.3484	33.6525	2.9627	0.7778	-0.1745	
37.3223	33.6622	2.9607	0.2778	-0.1745	
37.3223	33.6622	2.9607	0.0	-0.1745	
37.3223	33.6622	2.9607	0.0	-0.1745	
37.3223	33.6622	2.9607	0.0	-0.1745	
37.3223	33.6622	2.9607	0.0	-0.1745	
37.3223	33.6622	2.9607	0.0	-0.1745	
37.313	33.6657	2.96	0.1	-0.1833	
37.2944	33.673	2.9585	0.2	-0.192	
37.2666	33.6842	2.9561	0.3	-0.2007	
37.2296	33.6996	2.9528	0.4	-0.2094	
37.1837	33.7194	2.9484	0.5	-0.2182	
37.1289	33.7439	2.943	0.6	-0.2269	
37.0654	33.7733	2.9365	0.7	-0.2356	
36.9934	33.8081	2.9288	0.8	-0.2443	
36.913	33.8485	2.9197	0.9	-0.2531	
36.8244	33.895	2.9094	1.0	-0.2618	
36.7188	33.9519	2.897	1.2	-0.2618	
36.5964	34.0198	2.8825	1.4	-0.2618	
36.4576	34.0995	2.8659	1.6	-0.2618	
36.303	34.1916	2.8473	1.8	-0.2618	
36.1331	34.2972	2.8266	2.0	-0.2618	
35.9487	34.4172	2.8038	2.2	-0.2618	
35.7506	34.5526	2.7789	2.4	-0.2618	
35.5396	34.7046	2.752	2.6	-0.2618	
35.3187	34.873	2.7233	2.7778	-0.2618	
35.1028	35.0477	2.6945	2.7778	-0.2618	
34.9085	35.2172	2.667	2.5778	-0.2705	
34.7352	35.38	2.6407	2.3778	-0.2793	
34.5817	35.5345	2.616	2.1778	-0.288	
34.4471	35.6794	2.5929	1.9778	-0.2967	
34.3304	35.8135	2.5715	1.7778	-0.3054	
34.2304	35.9355	2.552	1.5778	-0.3142	
34.1461	36.0445	2.5345	1.3778	-0.3229	
34.0765	36.1395	2.5192	1.1778	-0.3316	
34.0206	36.2198	2.5061	0.9778	-0.3403	
33.9776	36.2846	2.4955	0.7778	-0.3491	
33.9197	36.3755	2.4804	1.0778	-0.3578	
33.8485	36.4934	2.4606	1.3778	-0.3665	
33.7659	36.6395	2.436	1.6778	-0.3752	
33.6744	36.8148	2.4064	1.9778	-0.384	
33.5768	37.0206	2.3715	2.2778	-0.3927	
33.4766	37.2581	2.3312	2.5778	-0.4014	
33.3812	37.519	2.2869	2.7778	-0.4102	
33.2999	37.7846	2.2417	2.7778	-0.4189	
33.233	38.0542	2.1957	2.7778	-0.4276	
33.1809	38.3271	2.1487	2.7778	-0.4363	
33.1393	38.6017	2.1026	2.7778	-0.4276	
33.108	38.8777	2.0574	2.7778	-0.4189	
33.0868	39.1547	2.0131	2.7778	-0.4102	
33.0754	39.4322	1.9697	2.7778	-0.4014	
33.0737	39.71	1.9272	2.7778	-0.3927	
33.0814	39.9877	1.8856	2.7778	-0.384	
33.0981	40.2649	1.8448	2.7778	-0.3752	
33.1238	40.5415	1.805	2.7778	-0.3665	
33.158	40.8172	1.7661	2.7778	-0.3578	
33.2006	41.0917	1.7281	2.7778	-0.3491	
33.2499	41.3345	1.6934	2.4778	-0.3578	
33.3025	41.5458	1.6622	2.1778	-0.3665	
33.3551	41.7261	1.6347	1.8778	-0.3752	
33.4047	41.8759	1.611	1.5778	-0.384	
33.4489	41.9958	1.5915	1.2778	-0.3927	
33.4852	42.0866	1.5762	0.9778	-0.4014	
33.5119	42.1489	1.5654	0.6778	-0.4102	
33.5274	42.1833	1.5592	0.3778	-0.4189	
33.5307	42.1903	1.5579	0.0778	-0.4276	
33.5307	42.1903	1.5579	0.0	-0.4363	
33.5396	42.2083	1.5545	0.2	-0.4451	
33.5577	42.2439	1.5475	0.4	-0.4538	
33.5857	42.297	1.5368	0.6	-0.4625	
33.6244	42.367	1.5222	0.8	-0.4712	
33.6749	42.4533	1.5038	1.0	-0.48	
33.7382	42.5553	1.4812	1.2	-0.4887	
33.8157	42.6718	1.4545	1.4	-0.4974	
33.909	42.8018	1.4235	1.6	-0.5061	
34.0197	42.9438	1.388	1.8	-0.5149	
34.1495	43.0959	1.348	2.0	-0.5236	
34.2773	43.2365	1.3106	1.9	-0.5149	
34.4021	43.3662	1.2757	1.8	-0.5061	
34.5232	43.4856	1.2432	1.7	-0.4974	
34.6397	43.5952	1.2132	1.6	-0.4887	
34.7512	43.6956	1.1855	1.5	-0.48	
34.857	43.7873	1.1601	1.4	-0.4712	
34.9566	43.8708	1.1369	1.3	-0.4625	
35.0497	43.9465	1.1158	1.2	-0.4538	
35.1359	44.0149	1.0969	1.1	-0.4451	
35.2148	44.0762	1.08	1.0	-0.4363	
35.2631	44.1118	1.0696	0.6	-0.4451	
35.2795	44.1234	1.0661	0.2	-0.4538	
35.2795	44.1234	1.0661	0.0	-0.4625	
35.2795	44.1234	1.0661	0.0	-0.4712	
35.2795	44.1234	1.0661	0.0	-0.48	
35.2795	44.1234	1.0661	0.0	-0.4887	
35.2795	44.1234	1.0661	0.0	-0.4974	
35.2795	44.1234	1.0661	0.0	-0.5061	
35.2795	44.1234	1.0661	0.0	-0.5149	
35.2795	44.1234	1.0661	0.0	-0.5236	
35.2795	44.1234	1.0661	0.0	-0.5149	
35.2795	44.1234	1.0661	0.0	-0.5061	
35.2795	44.1234	1.0661	0.0	-0.4974	
35.2795	44.1234	1.0661	0.0	-0.4887	
35.2795	44.1234	1.0661	0.0	-0.48	
35.2795	44.1234	1.0661	0.0	-0.4712	
35.2795	44.1234	1.0661	0.0	-0.4625	
35.2795	44.1234	1.0661	0.0	-0.4538	
35.2795	44.1234	1.0661	0.0	-0.4451	
35.2795	44.1234	1.0661	0.0	-0.4363	
35.2795	44.1234	1.0661	0.0	-0.4363	
35.2795	44.1234	1.0661	0.0	-0.4363	
35.2795	44.1234	1.0661	0.0	-0.4363	
35.2795	44.1234	1.0661	0.0	-0.4363	
35.2795	44.1234	1.0661	0.0	-0.4363	
35.2795	44.1234	1.0661	0.0	-0.4363	
35.2795	44.1234	1.0661	0.0	-0.4363	
35.2795	44.1234	1.0661	0.0	-0.4363	
35.2795	44.1234	1.0661	0.0	-0.4363	
35.2795	44.1234	1.0661	0.0	-0.4363	
35.2795	44.1234	1.0661	0.0	-0.4451	
35.2795	44.1234	1.0661	0.0	-0.4538	
35.2795	44.1234	1.0661	0.0	-0.4625	
35.2795	44.1234	1.0661	0.0	-0.4712	
35.2795	44.1234	1.0661	0.0	-0.48	
35.2795	44.1234	1.0661	0.0	-0.4887	
35.2795	44.1234	1.0661	0.0	-0.4974	
35.2795	44.1234	1.0661	0.0	-0.5061	
35.2795	44.1234	1.0661	0.0	-0.5149	
35.2795	44.1234	1.0661	0.0	-0.5236	
35.322	44.1496	1.0563	0.5	-0.5149	
35.4073	44.2019	1.0369	1.0	-0.5061	
35.536	44.2789	1.0083	1.5	-0.4974	
35.7096	44.3782	0.9707	2.0	-0.4887	
35.9301	44.496	0.9245	2.5	-0.48	
36.1798	44.6177	0.8741	2.7778	-0.4712	
36.4344	44.7288	0.8245	2.7778	-0.4625	
36.6933	44.8294	0.7758	2.7778	-0.4538	
36.956	44.9197	0.728	2.7778	-0.4451	
37.2221	44.9995	0.681	2.7778	-0.4363	
37.4722	45.062	0.6374	2.5778	-0.4363	
37.7052	45.1095	0.5972	2.3778	-0.4363	
37.9201	45.1444	0.5604	2.1778	-0.4363	
38.1164	45.1688	0.527	1.9778	-0.4363	
38.2934	45.1849	0.4969	1.7778	-0.4363	
38.4509	45.1945	0.4703	1.5778	-0.4363	
38.5886	45.1992	0.447	1.3778	-0.4363	
38.7064	45.2004	0.4271	1.1778	-0.4363	
38.8042	45.1995	0.4105	0.9778	-0.4363	
38.8819	45.1975	0.3974	0.7778	-0.4363	
38.9497	45.1955	0.3861	0.6778	-0.4276	
39.0074	45.1936	0.3767	0.5778	-0.4189	
39.0552	45.192	0.3691	0.4778	-0.4102	
39.0929	45.1908	0.3632	0.3778	-0.4014	
39.1207	45.1899	0.359	0.2778	-0.3927	
39.1384	45.1895	0.3563	0.1778	-0.384	
39.1462	45.1893	0.3552	0.0778	-0.3752	
39.1462	45.1893	0.3552	0.0	-0.3665	
39.1462	45.1893	0.3552	0.0	-0.3578	
39.1462	45.1893	0.3552	0.0	-0.3491	
39.1462	45.1893	0.3552	0.0	-0.3491	
39.1462	45.1893	0.3552	0.0	-0.3491	
39.1462	45.1893	0.3552	0.0	-0.3491	
39.1462	45.1893	0.3552	0.0	-0.3491	
39.1462	45.1893	0.3552	0.0	-0.3491	
39.1462	45.1893	0.3552	0.0	-0.3491	
39.1462	45.1893	0.3552	0.0	-0.3491	
39.1462	45.1893	0.3552	0.0	-0.3491	
39.1462	45.1893	0.3552	0.0	-0.3491	
39.1462	45.1893	0.3552	0.0	-0.3491	
39.1762	45.1893	0.351	0.3	-0.3578	
39.2362	45.1883	0.3424	0.6	-0.3665	
39.3262	45.1854	0.3292	0.9	-0.3752	
39.446	45.1788	0.3112	1.2	-0.384	
39.5955	45.1666	0.2882	1.5	-0.3927	
39.7743	45.1463	0.2601	1.8	-0.4014	
39.982	45.1149	0.2266	2.1	-0.4102	
40.2176	45.069	0.1876	2.4	-0.4189	
40.4798	45.0048	0.1428	2.7	-0.4276	
40.7457	44.9244	0.0958	2.7778	-0.4363	
40.9894	44.8405	0.053	2.5778	-0.4276	
41.2115	44.7554	0.0144	2.3778	-0.4189	
41.4124	44.6714	-0.0204	2.1778	-0.4102	
41.5929	44.5905	-0.0513	1.9778	-0.4014	
41.7534	44.5141	-0.0785	1.7778	-0.3927	
41.8946	44.4437	-0.1021	1.5778	-0.384	
42.017	44.3804	-0.1223	1.3778	-0.3752	
42.121	44.3251	-0.1392	1.1778	-0.3665	
42.2069	44.2785	-0.1529	0.9778	-0.3578	
42.2751	44.241	-0.1636	0.7778	-0.3491	
42.3252	44.2123	-0.1716	0.5778	-0.3578	
42.3576	44.1929	-0.1771	0.3778	-0.3665	
42.3728	44.1836	-0.1797	0.1778	-0.3752	
42.3728	44.1836	-0.1797	0.0	-0.384	
42.3728	44.1836	-0.1797	0.0	-0.3927	
42.3728	44.1836	-0.1797	0.0	-0.4014	
42.3728	44.1836	-0.1797	0.0	-0.4102	
42.3728	44.1836	-0.1797	0.0	-0.4189	
42.3728	44.1836	-0.1797	0.0	-0.4276	
42.3728	44.1836	-0.1797	0.0	-0.4363	
42.3728	44.1836	-0.1797	0.0	-0.4363	
42.3728	44.1836	-0.1797	0.0	-0.4363	
42.3728	44.1836	-0.1797	0.0	-0.4363	
42.3728	44.1836	-0.1797	0.0	-0.4363	
42.3728	44.1836	-0.1797	0.0	-0.4363	
42.3728	44.1836	-0.1797	0.0	-0.4363	
42.3728	44.1836	-0.1797	0.0	-0.4363	
42.3728	44.1836	-0.1797	0.0	-0.4363	
42.3728	44.1836	-0.1797	0.0	-0.4363	
42.3728	44.1836	-0.1797	0.0	-0.4363	
42.3728	44.1836	-0.1797	0.0	-0.4276	
42.3728	44.1836	-0.1797	0.0	-0.4189	
42.3728	44.1836	-0.1797	0.0	-0.4102	
42.3728	44.1836	-0.1797	0.0	-0.4014	
42.3728	44.1836	-0.1797	0.0	-0.3927	
42.3728	44.1836	-0.1797	0.0	-0.384	
42.3728	44.1836	-0.1797	0.0	-0.3752	
42.3728	44.1836	-0.1797	0.0	-0.3665	
42.3728	44.1836	-0.1797	0.0	-0.3578	
42.3728	44.1836	-0.1797	0.0	-0.3491	
42.4157	44.158	-0.1867	0.5	-0.3578	
42.5008	44.1054	-0.201	1.0	-0.3665	
42.6266	44.0237	-0.223	1.5	-0.3752	
42.7908	43.9096	-0.253	2.0	-0.384	
42.9905	43.7592	-0.2912	2.5	-0.3927	
43.2043	43.5818	-0.3347	2.7778	-0.4014	
43.4085	43.3935	-0.379	2.7778	-0.4102	
43.6025	43.1947	-0.4242	2.7778	-0.4189	
43.7854	42.9857	-0.4702	2.7778	-0.4276	
43.9567	42.767	-0.5172	2.7778	-0.4363	
44.1098	42.5472	-0.5633	2.6778	-0.4451	
44.2453	42.328	-0.6085	2.5778	-0.4538	
44.3641	42.1105	-0.6527	2.4778	-0.4625	
44.4668	41.8961	-0.6959	2.3778	-0.4712	
44.5544	41.6858	-0.738	2.2778	-0.48	
44.6279	41.4808	-0.7789	2.1778	-0.4887	
44.6882	41.282	-0.8185	2.0778	-0.4974	
44.7364	41.0902	-0.8569	1.9778	-0.5061	
44.7735	40.9061	-0.8939	1.8778	-0.5149	
44.8007	40.7304	-0.9294	1.7778	-0.5236	
44.8179	40.5736	-0.9615	1.5778	-0.5323	
44.8273	40.4361	-0.9898	1.3778	-0.5411	
44.8309	40.3184	-1.0145	1.1778	-0.5498	
44.8307	40.2206	-1.0352	0.9778	-0.5585	
44.8283	40.1429	-1.0519	0.7778	-0.5672	
44.825	40.0852	-1.0645	0.5778	-0.576	
44.822	40.0475	-1.0728	0.3778	-0.5847	
44.8203	40.0298	-1.0768	0.1778	-0.5934	
44.8203	40.0298	-1.0768	0.0	-0.6021	
44.8203	40.0298	-1.0768	0.0	-0.6109	
44.8203	40.0298	-1.0768	0.0	-0.6109	
44.8203	40.0298	-1.0768	0.0	-0.6109	
44.8203	40.0298	-1.0768	0.0	-0.6109	
44.8203	40.0298	-1.0768	0.0	-0.6109	
44.8203	40.0298	-1.0768	0.0	-0.6109	
44.8203	40.0298	-1.0768	0.0	-0.6109	
44.8203	40.0298	-1.0768	0.0	-0.6109	
44.8203	40.0298	-1.0768	0.0	-0.6109	
44.8203	40.0298	-1.0768	0.0	-0.6109	
44.8203	40.0298	-1.0768	0.0	-0.6109	
44.8178	40.01	-1.0814	0.2	-0.6196	
44.8123	39.9704	-1.0908	0.4	-0.6283	
44.8029	39.9111	-1.1051	0.6	-0.637	
44.7886	39.8324	-1.1244	0.8	-0.6458	
44.7679	39.7346	-1.1487	1.0	-0.6545	
44.7392	39.618	-1.1783	1.2	-0.6632	
44.7006	39.4835	-1.2131	1.4	-0.672	
44.6498	39.3318	-1.2534	1.6	-0.6807	
44.5844	39.1641	-1.2992	1.8	-0.6894	
44.5017	38.982	-1.3506	2.0	-0.6981	
44.3959	38.7778	-1.4098	2.3	-0.6981	
44.2628	38.5544	-1.4766	2.6	-0.6981	
44.1051	38.3257	-1.548	2.7778	-0.6981	
43.9314	38.1089	-1.6195	2.7778	-0.6981	
43.7427	37.9051	-1.6909	2.7778	-0.6981	
43.54	37.7152	-1.7623	2.7778	-0.6981	
43.3242	37.5403	-1.8337	2.7778	-0.6981	
43.0964	37.3812	-1.9052	2.7778	-0.6981	
42.858	37.2388	-1.9766	2.7778	-0.6981	
42.6099	37.1138	-2.048	2.7778	-0.6981	
42.3545	37.0046	-2.1187	2.7778	-0.6894	
42.0928	36.9113	-2.1886	2.7778	-0.6807	
41.826	36.8343	-2.2578	2.7778	-0.672	
41.5549	36.7735	-2.3262	2.7778	-0.6632	
41.2807	36.729	-2.3938	2.7778	-0.6545	
41.0044	36.7007	-2.4607	2.7778	-0.6458	
40.7269	36.6885	-2.5268	2.7778	-0.637	
40.4491	36.6923	-2.5921	2.7778	-0.6283	
40.172	36.7117	-2.6566	2.7778	-0.6196	
39.8965	36.7466	-2.7203	2.7778	-0.6109	
39.6241	36.8013	-2.7849	2.7778	-0.6196	
39.3565	36.8759	-2.8502	2.7778	-0.6283	
39.0952	36.97	-2.9163	2.7778	-0.637	
38.8416	37.0833	-2.9831	2.7778	-0.6458	
38.5973	37.2155	-3.0508	2.7778	-0.6545	
38.3638	37.366	-3.1192	2.7778	-0.6632	
38.1426	37.534	3.0948	2.7778	-0.672	
37.9351	37.7187	3.0249	2.7778	-0.6807	
37.7428	37.9191	2.9542	2.7778	-0.6894	
37.567	38.1342	2.8828	2.7778	-0.6981	
37.4127	38.3531	2.814	2.6778	-0.6981	
37.2791	38.5735	2.7477	2.5778	-0.6981	
37.1649	38.7934	2.684	2.4778	-0.6981	
37.069	39.011	2.6229	2.3778	-0.6981	
36.9901	39.2247	2.5643	2.2778	-0.6981	
36.9267	39.433	2.5083	2.1778	-0.6981	
36.8774	39.6349	2.4549	2.0778	-0.6981	
36.8409	39.8293	2.404	1.9778	-0.6981	
36.8156	40.0153	2.3557	1.8778	-0.6981	
36.8002	40.1924	2.31	1.7778	-0.6981	
36.7898	40.3999	2.2572	2.0778	-0.6894	
36.7885	40.6377	2.1973	2.3778	-0.6807	
36.8006	40.9052	2.1306	2.6778	-0.672	
36.8293	41.1815	2.0622	2.7778	-0.6632	
36.8744	41.4556	1.9946	2.7778	-0.6545	
36.9356	41.7266	1.9277	2.7778	-0.6458	
37.0124	41.9935	1.8616	2.7778	-0.637	
37.1043	42.2556	1.7963	2.7778	-0.6283	
37.211	42.5121	1.7318	2.7778	-0.6196	
37.3318	42.7623	1.6681	2.7778	-0.6109	
37.4437	42.9606	1.6158	2.2778	-0.6109	
37.539	43.1107	1.575	1.7778	-0.6109	
37.6119	43.2157	1.5457	1.2778	-0.6109	
37.6581	43.2783	1.5279	0.7778	-0.6109	
37.6749	43.3003	1.5215	0.2778	-0.6109	
37.6749	43.3003	1.5215	0.0	-0.6109	
37.6749	43.3003	1.5215	0.0	-0.6109	
37.6749	43.3003	1.5215	0.0	-0.6109	
37.6749	43.3003	1.5215	0.0	-0.6109	
37.6749	43.3003	1.5215	0.0	-0.6109	
37.6749	43.3003	1.5215	0.0	-0.6196	
37.6749	43.3003	1.5215	0.0	-0.6283	
37.6749	43.3003	1.5215	0.0	-0.637	
37.6749	43.3003	1.5215	0.0	-0.6458	
37.6749	43.3003	1.5215	0.0	-0.6545	
37.6749	43.3003	1.5215	0.0	-0.6632	
37.6749	43.3003	1.5215	0.0	-0.672	
37.6749	43.3003	1.5215	0.0	-0.6807	
37.6749	43.3003	1.5215	0.0	-0.6894	
37.6749	43.3003	1.5215	0.0	-0.6981	
37.6749	43.3003	1.5215	0.0	-0.7069	
37.6749	43.3003	1.5215	0.0	-0.7156	
37.6749	43.3003	1.5215	0.0	-0.7243	
37.6749	43.3003	1.5215	0.0	-0.733	
37.6749	43.3003	1.5215	0.0	-0.7418	
37.6749	43.3003	1.5215	0.0	-0.7505	
37.6749	43.3003	1.5215	0.0	-0.7592	
37.6749	43.3003	1.5215	0.0	-0.7679	
37.6749	43.3003	1.5215	0.0	-0.7767	
37.6749	43.3003	1.5215	0.0	-0.7854	
37.6749	43.3003	1.5215	0.0	-0.7854	
37.6749	43.3003	1.5215	0.0	-0.7854	
37.6749	43.3003	1.5215	0.0	-0.7854	
37.6749	43.3003	1.5215	0.0	-0.7854	
37.6749	43.3003	1.5215	0.0	-0.7854	
37.6749	43.3003	1.5215	0.0	-0.7854	
37.6749	43.3003	1.5215	0.0	-0.7854	
37.6749	43.3003	1.5215	0.0	-0.7854	
37.6749	43.3003	1.5215	0.0	-0.7854	
37.6749	43.3003	1.5215	0.0	-0.7854	
37.6824	43.307	1.5187	0.1	-0.7854	
37.6972	43.3204	1.513	0.2	-0.7854	
37.7196	43.3404	1.5045	0.3	-0.7854	
37.7497	43.3667	1.4932	0.4	-0.7854	
37.7877	43.3992	1.4791	0.5	-0.7854	
37.8338	43.4376	1.4621	0.6	-0.7854	
37.8884	43.4814	1.4423	0.7	-0.7854	
37.9518	43.5303	1.4197	0.8	-0.7854	
38.0243	43.5836	1.3942	0.9	-0.7854	
38.1063	43.6408	1.3659	1.0	-0.7854	
-1
