58.0	44.0	-3.141592653589793	0.0	-0.17453292519943295	8.0	7.0	-3.141592653589793	1.3888888888888888	0.0	3
46.0811	25.9993	-0.0003	0.8111	-0.0087	
46.1322	25.9984	-0.0006	0.5111	-0.0175	
46.1533	25.9978	-0.0009	0.2111	-0.0262	
46.1533	25.9978	-0.0009	0.0	-0.0349	
46.1533	25.9978	-0.0009	0.0	-0.0436	
46.1533	25.9978	-0.0009	0.0	-0.0524	
46.1533	25.9978	-0.0009	0.0	-0.0611	
46.1533	25.9978	-0.0009	0.0	-0.0698	
46.1533	25.9978	-0.0009	0.0	-0.0785	
46.1533	25.9978	-0.0009	0.0	-0.0873	
46.1533	25.9978	-0.0009	0.0	-0.0873	
46.1533	25.9978	-0.0009	0.0	-0.0873	
46.1533	25.9978	-0.0009	0.0	-0.0873	
46.1533	25.9978	-0.0009	0.0	-0.0873	
46.1533	25.9978	-0.0009	0.0	-0.0873	
46.1533	25.9978	-0.0009	0.0	-0.0873	
46.1533	25.9978	-0.0009	0.0	-0.0873	
46.1533	25.9978	-0.0009	0.0	-0.0873	
46.1533	25.9978	-0.0009	0.0	-0.0873	
46.1533	25.9978	-0.0009	0.0	-0.0873	
46.1732	25.9959	-0.0016	0.2	-0.096	
46.213	25.9916	-0.0033	0.4	-0.1047	
46.2726	25.9847	-0.006	0.6	-0.1134	
46.3519	25.9744	-0.0099	0.8	-0.1222	
46.4509	25.9604	-0.0151	1.0	-0.1309	
46.5695	25.9419	-0.0218	1.2	-0.1396	
46.7075	25.9182	-0.0301	1.4	-0.1484	
46.8647	25.8884	-0.0401	1.6	-0.1571	
47.0409	25.8516	-0.052	1.8	-0.1658	
47.2358	25.8067	-0.0659	2.0	-0.1745	
47.4203	25.7614	-0.0791	1.9	-0.1745	
47.5946	25.7163	-0.0916	1.8	-0.1745	
47.7586	25.6716	-0.1034	1.7	-0.1745	
47.9124	25.6277	-0.1145	1.6	-0.1745	
48.0562	25.5849	-0.1249	1.5	-0.1745	
48.19	25.5436	-0.1346	1.4	-0.1745	
48.3138	25.5041	-0.1437	1.3	-0.1745	
48.4278	25.4665	-0.152	1.2	-0.1745	
48.532	25.4312	-0.1597	1.1	-0.1745	
48.6264	25.3984	-0.1666	1.0	-0.1745	
48.6832	25.3789	-0.1706	0.6	-0.1658	
48.7021	25.3724	-0.1718	0.2	-0.1571	
48.7021	25.3724	-0.1718	0.0	-0.1484	
48.7021	25.3724	-0.1718	0.0	-0.1396	
48.7021	25.3724	-0.1718	0.0	-0.1309	
48.7021	25.3724	-0.1718	0.0	-0.1222	
48.7021	25.3724	-0.1718	0.0	-0.1134	
48.7021	25.3724	-0.1718	0.0	-0.1047	
48.7021	25.3724	-0.1718	0.0	-0.096	
48.7021	25.3724	-0.1718	0.0	-0.0873	
48.7117	25.3698	-0.1722	0.1	-0.096	
48.731	25.3643	-0.173	0.2	-0.1047	
48.7598	25.3558	-0.1744	0.3	-0.1134	
48.798	25.3441	-0.1763	0.4	-0.1222	
48.8457	25.329	-0.1789	0.5	-0.1309	
48.9026	25.3102	-0.1823	0.6	-0.1396	
48.9689	25.2875	-0.1864	0.7	-0.1484	
49.0442	25.2606	-0.1914	0.8	-0.1571	
49.1285	25.2291	-0.1974	0.9	-0.1658	
49.2217	25.1927	-0.2043	1.0	-0.1745	
49.3605	25.1361	-0.2153	1.5	-0.1833	
49.5442	25.0568	-0.2305	2.0	-0.192	
49.7713	24.9523	-0.2505	2.5	-0.2007	
50.0202	24.829	-0.2736	2.7778	-0.2094	
50.2651	24.6979	-0.2976	2.7778	-0.2182	
50.5055	24.5588	-0.3226	2.7778	-0.2269	
50.7411	24.4117	-0.3485	2.7778	-0.2356	
50.9715	24.2564	-0.3754	2.7778	-0.2443	
51.1962	24.0931	-0.4032	2.7778	-0.2531	
51.4148	23.9217	-0.432	2.7778	-0.2618	
51.5989	23.7713	-0.4558	2.3778	-0.2531	
51.7502	23.6438	-0.475	1.9778	-0.2443	
51.8697	23.5409	-0.4897	1.5778	-0.2356	
51.9586	23.4636	-0.5003	1.1778	-0.2269	
52.0171	23.4124	-0.507	0.7778	-0.2182	
52.0456	23.3876	-0.5102	0.3778	-0.2094	
52.0456	23.3876	-0.5102	0.0	-0.2007	
52.0456	23.3876	-0.5102	0.0	-0.192	
52.0456	23.3876	-0.5102	0.0	-0.1833	
52.0456	23.3876	-0.5102	0.0	-0.1745	
52.0456	23.3876	-0.5102	0.0	-0.1833	
52.0456	23.3876	-0.5102	0.0	-0.192	
52.0456	23.3876	-0.5102	0.0	-0.2007	
52.0456	23.3876	-0.5102	0.0	-0.2094	
52.0456	23.3876	-0.5102	0.0	-0.2182	
52.0456	23.3876	-0.5102	0.0	-0.2269	
52.0456	23.3876	-0.5102	0.0	-0.2356	
52.0456	23.3876	-0.5102	0.0	-0.2443	
52.0456	23.3876	-0.5102	0.0	-0.2531	
52.0456	23.3876	-0.5102	0.0	-0.2618	
52.0456	23.3876	-0.5102	0.0	-0.2705	
52.0456	23.3876	-0.5102	0.0	-0.2793	
52.0456	23.3876	-0.5102	0.0	-0.288	
52.0456	23.3876	-0.5102	0.0	-0.2967	
52.0456	23.3876	-0.5102	0.0	-0.3054	
52.0456	23.3876	-0.5102	0.0	-0.3142	
52.0456	23.3876	-0.5102	0.0	-0.3229	
52.0456	23.3876	-0.5102	0.0	-0.3316	
52.0456	23.3876	-0.5102	0.0	-0.3403	
52.0456	23.3876	-0.5102	0.0	-0.3491	
52.0521	23.3799	-0.5116	0.1	-0.3578	
52.0648	23.3645	-0.5144	0.2	-0.3665	
52.0837	23.3412	-0.5188	0.3	-0.3752	
52.1085	23.3098	-0.5248	0.4	-0.384	
52.1389	23.2701	-0.5325	0.5	-0.3927	
52.1746	23.2219	-0.5418	0.6	-0.4014	
52.2152	23.1649	-0.553	0.7	-0.4102	
52.2603	23.0988	-0.566	0.8	-0.4189	
52.3094	23.0234	-0.581	0.9	-0.4276	
52.362	22.9383	-0.5979	1.0	-0.4363	
52.3977	22.8781	-0.6097	0.7	-0.4363	
52.4178	22.8435	-0.6165	0.4	-0.4363	
52.4227	22.8348	-0.6181	0.1	-0.4363	
52.4227	22.8348	-0.6181	0.0	-0.4363	
52.4227	22.8348	-0.6181	0.0	-0.4363	
52.4227	22.8348	-0.6181	0.0	-0.4363	
52.4227	22.8348	-0.6181	0.0	-0.4363	
52.4227	22.8348	-0.6181	0.0	-0.4363	
52.4227	22.8348	-0.6181	0.0	-0.4363	
52.4227	22.8348	-0.6181	0.0	-0.4363	
52.4227	22.8348	-0.6181	0.0	-0.4451	
52.4227	22.8348	-0.6181	0.0	-0.4538	
52.4227	22.8348	-0.6181	0.0	-0.4625	
52.4227	22.8348	-0.6181	0.0	-0.4712	
52.4227	22.8348	-0.6181	0.0	-0.48	
52.4227	22.8348	-0.6181	0.0	-0.4887	
52.4227	22.8348	-0.6181	0.0	-0.4974	
52.4227	22.8348	-0.6181	0.0	-0.5061	
52.4227	22.8348	-0.6181	0.0	-0.5149	
52.4227	22.8348	-0.6181	0.0	-0.5236	
52.4227	22.8348	-0.6181	0.0	-0.5323	
52.4227	22.8348	-0.6181	0.0	-0.5411	
52.4227	22.8348	-0.6181	0.0	-0.5498	
52.4227	22.8348	-0.6181	0.0	-0.5585	
52.4227	22.8348	-0.6181	0.0	-0.5672	
52.4227	22.8348	-0.6181	0.0	-0.576	
52.4227	22.8348	-0.6181	0.0	-0.5847	
52.4227	22.8348	-0.6181	0.0	-0.5934	
52.4227	22.8348	-0.6181	0.0	-0.6021	
52.4227	22.8348	-0.6181	0.0	-0.6109	
52.4358	22.797	-0.6274	0.4	-0.6196	
52.4606	22.721	-0.6462	0.8	-0.6283	
52.4946	22.6059	-0.6748	1.2	-0.637	
52.5342	22.4509	-0.7133	1.6	-0.6458	
52.5746	22.255	-0.762	2.0	-0.6545	
52.6094	22.0175	-0.8211	2.4	-0.6632	
52.6309	21.7406	-0.8903	2.7778	-0.672	
52.6309	21.4628	-0.9602	2.7778	-0.6807	
52.609	21.1859	-1.0309	2.7778	-0.6894	
52.5653	20.9116	-1.1023	2.7778	-0.6981	
52.5111	20.68	-1.1634	2.3778	-0.6981	
52.4544	20.4906	-1.2143	1.9778	-0.6981	
52.4016	20.3419	-1.2549	1.5778	-0.6981	
52.3576	20.2326	-1.2851	1.1778	-0.6981	
52.3265	20.1614	-1.3051	0.7778	-0.6981	
52.3106	20.1271	-1.3149	0.3778	-0.6981	
52.3106	20.1271	-1.3149	0.0	-0.6981	
52.3106	20.1271	-1.3149	0.0	-0.6981	
52.3106	20.1271	-1.3149	0.0	-0.6981	
52.3106	20.1271	-1.3149	0.0	-0.6981	
52.3106	20.1271	-1.3149	0.0	-0.7069	
52.3106	20.1271	-1.3149	0.0	-0.7156	
52.3106	20.1271	-1.3149	0.0	-0.7243	
52.3106	20.1271	-1.3149	0.0	-0.733	
52.3106	20.1271	-1.3149	0.0	-0.7418	
52.3106	20.1271	-1.3149	0.0	-0.7505	
52.3106	20.1271	-1.3149	0.0	-0.7592	
52.3106	20.1271	-1.3149	0.0	-0.7679	
52.3106	20.1271	-1.3149	0.0	-0.7767	
52.3106	20.1271	-1.3149	0.0	-0.7854	
52.3106	20.1271	-1.3149	0.0	-0.7767	
52.3106	20.1271	-1.3149	0.0	-0.7679	
52.3106	20.1271	-1.3149	0.0	-0.7592	
52.3106	20.1271	-1.3149	0.0	-0.7505	
52.3106	20.1271	-1.3149	0.0	-0.7418	
52.3106	20.1271	-1.3149	0.0	-0.733	
52.3106	20.1271	-1.3149	0.0	-0.7243	
52.3106	20.1271	-1.3149	0.0	-0.7156	
52.3106	20.1271	-1.3149	0.0	-0.7069	
52.3106	20.1271	-1.3149	0.0	-0.6981	
52.3106	20.1271	-1.3149	0.0	-0.6981	
52.3106	20.1271	-1.3149	0.0	-0.6981	
52.3106	20.1271	-1.3149	0.0	-0.6981	
52.3106	20.1271	-1.3149	0.0	-0.6981	
52.3106	20.1271	-1.3149	0.0	-0.6981	
52.3106	20.1271	-1.3149	0.0	-0.6981	
52.3106	20.1271	-1.3149	0.0	-0.6981	
52.3106	20.1271	-1.3149	0.0	-0.6981	
52.3106	20.1271	-1.3149	0.0	-0.6981	
52.3106	20.1271	-1.3149	0.0	-0.6981	
52.3106	20.1271	-1.3149	0.0	-0.7069	
52.3106	20.1271	-1.3149	0.0	-0.7156	
52.3106	20.1271	-1.3149	0.0	-0.7243	
52.3106	20.1271	-1.3149	0.0	-0.733	
52.3106	20.1271	-1.3149	0.0	-0.7418	
52.3106	20.1271	-1.3149	0.0	-0.7505	
52.3106	20.1271	-1.3149	0.0	-0.7592	
52.3106	20.1271	-1.3149	0.0	-0.7679	
52.3106	20.1271	-1.3149	0.0	-0.7767	
52.3106	20.1271	-1.3149	0.0	-0.7854	
52.3106	20.1271	-1.3149	0.0	-0.7854	
52.3106	20.1271	-1.3149	0.0	-0.7854	
52.3106	20.1271	-1.3149	0.0	-0.7854	
52.3106	20.1271	-1.3149	0.0	-0.7854	
52.3106	20.1271	-1.3149	0.0	-0.7854	
52.3106	20.1271	-1.3149	0.0	-0.7854	
52.3106	20.1271	-1.3149	0.0	-0.7854	
52.3106	20.1271	-1.3149	0.0	-0.7854	
52.3106	20.1271	-1.3149	0.0	-0.7854	
52.3106	20.1271	-1.3149	0.0	-0.7854	
52.3106	20.1271	-1.3149	0.0	-0.7767	
52.3106	20.1271	-1.3149	0.0	-0.7679	
52.3106	20.1271	-1.3149	0.0	-0.7592	
52.3106	20.1271	-1.3149	0.0	-0.7505	
52.3106	20.1271	-1.3149	0.0	-0.7418	
52.3106	20.1271	-1.3149	0.0	-0.733	
52.3106	20.1271	-1.3149	0.0	-0.7243	
52.3106	20.1271	-1.3149	0.0	-0.7156	
52.3106	20.1271	-1.3149	0.0	-0.7069	
52.3106	20.1271	-1.3149	0.0	-0.6981	
52.3106	20.1271	-1.3149	0.0	-0.6894	
52.3106	20.1271	-1.3149	0.0	-0.6807	
52.3106	20.1271	-1.3149	0.0	-0.672	
52.3106	20.1271	-1.3149	0.0	-0.6632	
52.3106	20.1271	-1.3149	0.0	-0.6545	
52.3106	20.1271	-1.3149	0.0	-0.6458	
52.3106	20.1271	-1.3149	0.0	-0.637	
52.3106	20.1271	-1.3149	0.0	-0.6283	
52.3106	20.1271	-1.3149	0.0	-0.6196	
52.3106	20.1271	-1.3149	0.0	-0.6109	
52.2932	20.0802	-1.3263	0.5	-0.6109	
52.2574	19.9868	-1.3493	1.0	-0.6109	
52.2005	19.8481	-1.3837	1.5	-0.6109	
52.1182	19.6658	-1.4296	2.0	-0.6109	
52.0051	19.4428	-1.4869	2.5	-0.6109	
51.8654	19.2027	-1.5507	2.7778	-0.6109	
51.7107	18.972	-1.6144	2.7778	-0.6109	
51.5416	18.7516	-1.6781	2.7778	-0.6109	
51.3588	18.5425	-1.7419	2.7778	-0.6109	
51.1631	18.3454	-1.8056	2.7778	-0.6109	
50.9687	18.1761	-1.8655	2.5778	-0.6196	
50.7791	18.0326	-1.9214	2.3778	-0.6283	
50.5973	17.9127	-1.9732	2.1778	-0.637	
50.4259	17.814	-2.0208	1.9778	-0.6458	
50.2671	17.734	-2.0641	1.7778	-0.6545	
50.1227	17.6705	-2.1029	1.5778	-0.6632	
49.9941	17.6211	-2.1372	1.3778	-0.672	
49.8824	17.5837	-2.1669	1.1778	-0.6807	
49.7886	17.5561	-2.1918	0.9778	-0.6894	
49.7132	17.5368	-2.2118	0.7778	-0.6981	
49.6569	17.524	-2.2268	0.5778	-0.7069	
49.6199	17.5165	-2.2367	0.3778	-0.7156	
49.6024	17.5133	-2.2414	0.1778	-0.7243	
49.6024	17.5133	-2.2414	0.0	-0.733	
49.6024	17.5133	-2.2414	0.0	-0.7418	
49.6024	17.5133	-2.2414	0.0	-0.7505	
49.6024	17.5133	-2.2414	0.0	-0.7592	
49.6024	17.5133	-2.2414	0.0	-0.7679	
49.6024	17.5133	-2.2414	0.0	-0.7767	
49.6024	17.5133	-2.2414	0.0	-0.7854	
49.5726	17.5099	-2.2499	0.3	-0.7854	
49.5129	17.5035	-2.2669	0.6	-0.7854	
49.4233	17.4955	-2.2923	0.9	-0.7854	
49.3035	17.4878	-2.3263	1.2	-0.7854	
49.1536	17.4833	-2.3687	1.5	-0.7854	
48.9736	17.4856	-2.4196	1.8	-0.7854	
48.764	17.4989	-2.479	2.1	-0.7854	
48.5258	17.5283	-2.5469	2.4	-0.7854	
48.2607	17.5795	-2.6232	2.7	-0.7854	
47.9928	17.6528	-2.7018	2.7778	-0.7854	
47.7314	17.7469	-2.7804	2.7778	-0.7854	
47.4783	17.8612	-2.8589	2.7778	-0.7854	
47.2349	17.995	-2.9375	2.7778	-0.7854	
47.0027	18.1476	-3.0161	2.7778	-0.7854	
46.7833	18.3179	-3.0946	2.7778	-0.7854	
46.5778	18.5048	3.11	2.7778	-0.7854	
46.3877	18.7074	3.0314	2.7778	-0.7854	
46.2141	18.9242	2.9528	2.7778	-0.7854	
46.058	19.154	2.8743	2.7778	-0.7854	
45.9205	19.3953	2.7957	2.7778	-0.7854	
45.8193	19.6105	2.7284	2.3778	-0.7854	
45.7474	19.7947	2.6725	1.9778	-0.7854	
45.6983	19.9447	2.6279	1.5778	-0.7854	
45.6667	20.0581	2.5946	1.1778	-0.7854	
45.6483	20.1337	2.5726	0.7778	-0.7854	
45.6402	20.1706	2.5619	0.3778	-0.7854	
45.6402	20.1706	2.5619	0.0	-0.7854	
45.6402	20.1706	2.5619	0.0	-0.7854	
45.6402	20.1706	2.5619	0.0	-0.7854	
45.6402	20.1706	2.5619	0.0	-0.7854	
45.6361	20.1902	2.5562	0.2	-0.7854	
45.6282	20.2294	2.5449	0.4	-0.7854	
45.6169	20.2883	2.5279	0.6	-0.7854	
45.6032	20.3672	2.5053	0.8	-0.7854	
45.5884	20.466	2.477	1.0	-0.7854	
45.5739	20.5852	2.4431	1.2	-0.7854	
45.5618	20.7246	2.4035	1.4	-0.7854	
45.5542	20.8845	2.3582	1.6	-0.7854	
45.5538	21.0645	2.3073	1.8	-0.7854	
45.5636	21.2642	2.2508	2.0	-0.7854	
45.5781	21.4135	2.2087	1.5	-0.7767	
45.591	21.5127	2.1809	1.0	-0.7679	
45.5985	21.5621	2.1672	0.5	-0.7592	
45.5985	21.5621	2.1672	0.0	-0.7505	
45.5985	21.5621	2.1672	0.0	-0.7418	
45.5985	21.5621	2.1672	0.0	-0.733	
45.5985	21.5621	2.1672	0.0	-0.7243	
45.5985	21.5621	2.1672	0.0	-0.7156	
45.5985	21.5621	2.1672	0.0	-0.7069	
45.5985	21.5621	2.1672	0.0	-0.6981	
45.5985	21.5621	2.1672	0.0	-0.7069	
45.5985	21.5621	2.1672	0.0	-0.7156	
45.5985	21.5621	2.1672	0.0	-0.7243	
45.5985	21.5621	2.1672	0.0	-0.733	
45.5985	21.5621	2.1672	0.0	-0.7418	
45.5985	21.5621	2.1672	0.0	-0.7505	
45.5985	21.5621	2.1672	0.0	-0.7592	
45.5985	21.5621	2.1672	0.0	-0.7679	
45.5985	21.5621	2.1672	0.0	-0.7767	
45.5985	21.5621	2.1672	0.0	-0.7854	
45.6079	21.6112	2.153	0.5	-0.7854	
45.6281	21.7092	2.1247	1.0	-0.7854	
45.6625	21.8552	2.0823	1.5	-0.7854	
45.7166	22.0477	2.0257	2.0	-0.7854	
45.7977	22.2842	1.955	2.5	-0.7854	
45.9062	22.5399	1.8765	2.7778	-0.7854	
46.0344	22.7863	1.7979	2.7778	-0.7854	
46.1815	23.0219	1.7193	2.7778	-0.7854	
46.3467	23.2453	1.6407	2.7778	-0.7854	
46.5289	23.4549	1.5622	2.7778	-0.7854	
46.7056	23.6286	1.4921	2.4778	-0.7854	
46.8712	23.77	1.4305	2.1778	-0.7854	
47.0213	23.8829	1.3774	1.8778	-0.7854	
47.1522	23.971	1.3328	1.5778	-0.7854	
47.2613	24.0375	1.2966	1.2778	-0.7854	
47.3466	24.0853	1.269	0.9778	-0.7854	
47.4066	24.1168	1.2498	0.6778	-0.7854	
47.4404	24.1337	1.2391	0.3778	-0.7854	
47.4474	24.1371	1.2369	0.0778	-0.7854	
47.4474	24.1371	1.2369	0.0	-0.7854	
47.4474	24.1371	1.2369	0.0	-0.7854	
47.4474	24.1371	1.2369	0.0	-0.7854	
47.4474	24.1371	1.2369	0.0	-0.7854	
47.4474	24.1371	1.2369	0.0	-0.7854	
47.4474	24.1371	1.2369	0.0	-0.7854	
47.4474	24.1371	1.2369	0.0	-0.7854	
47.4474	24.1371	1.2369	0.0	-0.7854	
47.4474	24.1371	1.2369	0.0	-0.7854	
47.4474	24.1371	1.2369	0.0	-0.7854	
47.4474	24.1371	1.2369	0.0	-0.7854	
47.4474	24.1371	1.2369	0.0	-0.7854	
47.4474	24.1371	1.2369	0.0	-0.7854	
47.4474	24.1371	1.2369	0.0	-0.7854	
47.4474	24.1371	1.2369	0.0	-0.7854	
47.4474	24.1371	1.2369	0.0	-0.7854	
47.4474	24.1371	1.2369	0.0	-0.7854	
47.4474	24.1371	1.2369	0.0	-0.7854	
47.4474	24.1371	1.2369	0.0	-0.7854	
47.4474	24.1371	1.2369	0.0	-0.7854	
47.4474	24.1371	1.2369	0.0	-0.7854	
47.4922	24.1594	1.2229	0.5	-0.7767	
47.582	24.2033	1.1951	1.0	-0.7679	
47.718	24.2666	1.1538	1.5	-0.7592	
47.9019	24.3451	1.0992	2.0	-0.7505	
48.1361	24.4326	1.0317	2.5	-0.7418	
48.4016	24.5143	0.9573	2.7778	-0.733	
48.6719	24.5785	0.8837	2.7778	-0.7243	
48.9457	24.625	0.8108	2.7778	-0.7156	
49.222	24.6538	0.7387	2.7778	-0.7069	
49.4996	24.665	0.6672	2.7778	-0.6981	
49.7772	24.6565	0.5958	2.7778	-0.6981	
50.0535	24.6281	0.5244	2.7778	-0.6981	
50.3271	24.5801	0.453	2.7778	-0.6981	
50.5966	24.5127	0.3816	2.7778	-0.6981	
50.8606	24.4262	0.3101	2.7778	-0.6981	
51.1177	24.3211	0.2387	2.7778	-0.6981	
51.3667	24.1979	0.1673	2.7778	-0.6981	
51.6062	24.0573	0.0959	2.7778	-0.6981	
51.8351	23.8999	0.0245	2.7778	-0.6981	
52.0522	23.7266	-0.047	2.7778	-0.6981	
52.2284	23.5669	-0.1075	2.3778	-0.6894	
52.3679	23.4267	-0.1573	1.9778	-0.6807	
52.4744	23.3104	-0.1965	1.5778	-0.672	
52.5513	23.2211	-0.2255	1.1778	-0.6632	
52.6009	23.1612	-0.2445	0.7778	-0.6545	
52.6246	23.1318	-0.2536	0.3778	-0.6458	
52.6246	23.1318	-0.2536	0.0	-0.637	
52.6246	23.1318	-0.2536	0.0	-0.6283	
52.6246	23.1318	-0.2536	0.0	-0.6196	
52.6246	23.1318	-0.2536	0.0	-0.6109	
52.6246	23.1318	-0.2536	0.0	-0.6109	
52.6246	23.1318	-0.2536	0.0	-0.6109	
52.6246	23.1318	-0.2536	0.0	-0.6109	
52.6246	23.1318	-0.2536	0.0	-0.6109	
52.6246	23.1318	-0.2536	0.0	-0.6109	
52.6246	23.1318	-0.2536	0.0	-0.6109	
52.6246	23.1318	-0.2536	0.0	-0.6109	
52.6246	23.1318	-0.2536	0.0	-0.6109	
52.6246	23.1318	-0.2536	0.0	-0.6109	
52.6246	23.1318	-0.2536	0.0	-0.6109	
-1
57.0018	7.7933	-1.5701	2.0667	0.0087	
57.0063	7.5467	-1.5684	2.4667	0.0175	
57.0142	7.2691	-1.5654	2.7778	0.0262	
57.0254	6.9915	-1.5616	2.7778	0.0349	
57.0401	6.7141	-1.5567	2.7778	0.0436	
57.0585	6.4369	-1.5509	2.7778	0.0524	
57.081	6.1601	-1.5441	2.7778	0.0611	
57.1078	5.8836	-1.5364	2.7778	0.0698	
57.1391	5.6076	-1.5277	2.7778	0.0785	
57.1752	5.3322	-1.518	2.7778	0.0873	
57.2149	5.0673	-1.5077	2.6778	0.096	
57.258	4.8132	-1.4969	2.5778	0.1047	
57.3041	4.5697	-1.4857	2.4778	0.1134	
57.353	4.3371	-1.4741	2.3778	0.1222	
57.4044	4.1152	-1.4622	2.2778	0.1309	
64	17	4.7124	2.1778	0.1396	
64.0307	16.7945	-1.5585	2.0778	0.1484	
64.064	16.5996	-1.5461	1.9778	0.1571	
64.0996	16.4152	-1.5337	1.8778	0.1658	
64.1369	16.2414	-1.5214	1.7778	0.1745	
64.1848	16.0392	-1.5062	2.0778	0.1833	
64.2452	15.8092	-1.4881	2.3778	0.192	
64.3201	15.5521	-1.4667	2.6778	0.2007	
64.4057	15.2879	-1.4436	2.7778	0.2094	
64.4997	15.0265	-1.4196	2.7778	0.2182	
64.6023	14.7683	-1.3946	2.7778	0.2269	
64.7135	14.5138	-1.3687	2.7778	0.2356	
64.8334	14.2632	-1.3418	2.7778	0.2443	
64.9622	14.0171	-1.314	2.7778	0.2531	
65.0999	13.7758	-1.2852	2.7778	0.2618	
65.2424	13.5374	-1.2574	2.7778	0.2531	
65.3894	13.3017	-1.2305	2.7778	0.2443	
65.5407	13.0688	-1.2046	2.7778	0.2356	
65.696	12.8384	-1.1796	2.7778	0.2269	
65.855	12.6106	-1.1555	2.7778	0.2182	
66.0174	12.3853	-1.1324	2.7778	0.2094	
66.1831	12.1624	-1.1103	2.7778	0.2007	
66.3518	11.9417	-1.0891	2.7778	0.192	
66.5232	11.7231	-1.0688	2.7778	0.1833	
66.6971	11.5065	-1.0495	2.7778	0.1745	
66.8751	11.2933	-1.0302	2.7778	0.1745	
67.0573	11.0835	-1.0109	2.7778	0.1745	
67.2434	10.8774	-0.9916	2.7778	0.1745	
67.4335	10.6748	-0.9723	2.7778	0.1745	
67.6275	10.476	-0.9531	2.7778	0.1745	
67.8252	10.2809	-0.9338	2.7778	0.1745	
68.0267	10.0897	-0.9145	2.7778	0.1745	
68.2319	9.9024	-0.8952	2.7778	0.1745	
68.4406	9.7191	-0.8759	2.7778	0.1745	
68.6528	9.5399	-0.8566	2.7778	0.1745	
68.8592	9.3693	-0.8389	2.6778	0.1658	
69.0594	9.2068	-0.8228	2.5778	0.1571	
69.2529	9.0521	-0.8081	2.4778	0.1484	
69.4395	8.9047	-0.7949	2.3778	0.1396	
69.6189	8.7644	-0.783	2.2778	0.1309	
69.7908	8.6307	-0.7724	2.1778	0.1222	
69.9551	8.5035	-0.763	2.0778	0.1134	
70.1115	8.3825	-0.7547	1.9778	0.1047	
70.26	8.2675	-0.7475	1.8778	0.096	
70.4004	8.1585	-0.7413	1.7778	0.0873	
70.5505	8.0456	-0.7341	1.8778	0.096	
70.7103	7.9292	-0.7258	1.9778	0.1047	
70.8804	7.8097	-0.7164	2.0778	0.1134	
71.0608	7.6878	-0.7058	2.1778	0.1222	
71.252	7.5639	-0.6939	2.2778	0.1309	
71.4541	7.4388	-0.6807	2.3778	0.1396	
71.6676	7.313	-0.666	2.4778	0.1484	
71.8927	7.1874	-0.6499	2.5778	0.1571	
72.1298	7.0628	-0.6322	2.6778	0.1658	
72.3789	6.94	-0.6129	2.7778	0.1745	
72.6315	6.8243	-0.5927	2.7778	0.1833	
72.8872	6.716	-0.5715	2.7778	0.192	
73.1461	6.6153	-0.5493	2.7778	0.2007	
73.408	6.5227	-0.5262	2.7778	0.2094	
73.6727	6.4385	-0.5022	2.7778	0.2182	
73.9401	6.363	-0.4772	2.7778	0.2269	
74.2098	6.2966	-0.4512	2.7778	0.2356	
74.4816	6.2395	-0.4244	2.7778	0.2443	
74.7553	6.1921	-0.3965	2.7778	0.2531	
75.0306	6.1548	-0.3678	2.7778	0.2618	
75.2573	6.1327	-0.3434	2.2778	0.2705	
75.4347	6.1213	-0.3238	1.7778	0.2793	
75.5624	6.1167	-0.3093	1.2778	0.288	
75.6402	6.1157	-0.3002	0.7778	0.2967	
75.6679	6.1159	-0.2969	0.2778	0.3054	
75.6679	6.1159	-0.2969	0.0	0.3142	
75.6679	6.1159	-0.2969	0.0	0.3229	
75.6679	6.1159	-0.2969	0.0	0.3316	
75.6679	6.1159	-0.2969	0.0	0.3403	
75.6679	6.1159	-0.2969	0.0	0.3491	
75.6679	6.1159	-0.2969	0.0	0.3491	
75.6679	6.1159	-0.2969	0.0	0.3491	
75.6679	6.1159	-0.2969	0.0	0.3491	
75.6679	6.1159	-0.2969	0.0	0.3491	
75.6679	6.1159	-0.2969	0.0	0.3491	
75.6679	6.1159	-0.2969	0.0	0.3491	
75.6679	6.1159	-0.2969	0.0	0.3491	
75.6679	6.1159	-0.2969	0.0	0.3491	
75.6679	6.1159	-0.2969	0.0	0.3491	
75.6679	6.1159	-0.2969	0.0	0.3491	
75.6679	6.1159	-0.2969	0.0	0.3491	
75.6679	6.1159	-0.2969	0.0	0.3491	
75.6679	6.1159	-0.2969	0.0	0.3491	
75.6679	6.1159	-0.2969	0.0	0.3491	
75.6679	6.1159	-0.2969	0.0	0.3491	
75.6679	6.1159	-0.2969	0.0	0.3491	
75.6679	6.1159	-0.2969	0.0	0.3491	
75.6679	6.1159	-0.2969	0.0	0.3491	
75.6679	6.1159	-0.2969	0.0	0.3491	
75.6679	6.1159	-0.2969	0.0	0.3491	
75.6679	6.1159	-0.2969	0.0	0.3403	
75.6679	6.1159	-0.2969	0.0	0.3316	
75.6679	6.1159	-0.2969	0.0	0.3229	
75.6679	6.1159	-0.2969	0.0	0.3142	
75.6679	6.1159	-0.2969	0.0	0.3054	
75.6679	6.1159	-0.2969	0.0	0.2967	
75.6679	6.1159	-0.2969	0.0	0.288	
75.6679	6.1159	-0.2969	0.0	0.2793	
75.6679	6.1159	-0.2969	0.0	0.2705	
75.6679	6.1159	-0.2969	0.0	0.2618	
75.6679	6.1159	-0.2969	0.0	0.2531	
75.6679	6.1159	-0.2969	0.0	0.2443	
75.6679	6.1159	-0.2969	0.0	0.2356	
75.6679	6.1159	-0.2969	0.0	0.2269	
75.6679	6.1159	-0.2969	0.0	0.2182	
75.6679	6.1159	-0.2969	0.0	0.2094	
75.6679	6.1159	-0.2969	0.0	0.2007	
75.6679	6.1159	-0.2969	0.0	0.192	
75.6679	6.1159	-0.2969	0.0	0.1833	
75.6679	6.1159	-0.2969	0.0	0.1745	
75.6679	6.1159	-0.2969	0.0	0.1658	
75.6679	6.1159	-0.2969	0.0	0.1571	
75.6679	6.1159	-0.2969	0.0	0.1484	
75.6679	6.1159	-0.2969	0.0	0.1396	
75.6679	6.1159	-0.2969	0.0	0.1309	
75.6679	6.1159	-0.2969	0.0	0.1222	
75.6679	6.1159	-0.2969	0.0	0.1134	
75.6679	6.1159	-0.2969	0.0	0.1047	
75.6679	6.1159	-0.2969	0.0	0.096	
75.6679	6.1159	-0.2969	0.0	0.0873	
75.6777	6.1137	-0.2966	0.1	0.0785	
75.6972	6.1092	-0.296	0.2	0.0698	
75.7264	6.1022	-0.2953	0.3	0.0611	
75.7652	6.0926	-0.2944	0.4	0.0524	
75.8136	6.0802	-0.2936	0.5	0.0436	
75.8716	6.0649	-0.2927	0.6	0.0349	
75.9392	6.0464	-0.292	0.7	0.0262	
76.0162	6.0247	-0.2914	0.8	0.0175	
76.1026	5.9996	-0.2911	0.9	0.0087	
76.1984	5.9709	-0.2911	1.0	0.0	
76.3328	5.9319	-0.2906	1.4	0.0087	
76.5062	5.8834	-0.2894	1.8	0.0175	
76.7186	5.8261	-0.2871	2.2	0.0262	
76.9704	5.7612	-0.2834	2.6	0.0349	
77.2402	5.6953	-0.2786	2.7778	0.0436	
77.5109	5.633	-0.2728	2.7778	0.0524	
77.7825	5.5746	-0.266	2.7778	0.0611	
78.0549	5.5204	-0.2583	2.7778	0.0698	
78.3282	5.4708	-0.2495	2.7778	0.0785	
78.6024	5.4259	-0.2398	2.7778	0.0873	
78.8377	5.3918	-0.2307	2.3778	0.096	
79.0339	5.367	-0.2225	1.9778	0.1047	
79.1907	5.3498	-0.2153	1.5778	0.1134	
79.308	5.3388	-0.2096	1.1778	0.1222	
79.3855	5.3327	-0.2055	0.7778	0.1309	
79.4232	5.3302	-0.2034	0.3778	0.1396	
79.4232	5.3302	-0.2034	0.0	0.1484	
79.4232	5.3302	-0.2034	0.0	0.1571	
79.4232	5.3302	-0.2034	0.0	0.1658	
79.4232	5.3302	-0.2034	0.0	0.1745	
79.4232	5.3302	-0.2034	0.0	0.1833	
79.4232	5.3302	-0.2034	0.0	0.192	
79.4232	5.3302	-0.2034	0.0	0.2007	
79.4232	5.3302	-0.2034	0.0	0.2094	
79.4232	5.3302	-0.2034	0.0	0.2182	
79.4232	5.3302	-0.2034	0.0	0.2269	
79.4232	5.3302	-0.2034	0.0	0.2356	
79.4232	5.3302	-0.2034	0.0	0.2443	
79.4232	5.3302	-0.2034	0.0	0.2531	
79.4232	5.3302	-0.2034	0.0	0.2618	
79.4232	5.3302	-0.2034	0.0	0.2531	
79.4232	5.3302	-0.2034	0.0	0.2443	
79.4232	5.3302	-0.2034	0.0	0.2356	
79.4232	5.3302	-0.2034	0.0	0.2269	
79.4232	5.3302	-0.2034	0.0	0.2182	
79.4232	5.3302	-0.2034	0.0	0.2094	
79.4232	5.3302	-0.2034	0.0	0.2007	
79.4232	5.3302	-0.2034	0.0	0.192	
79.4232	5.3302	-0.2034	0.0	0.1833	
79.4232	5.3302	-0.2034	0.0	0.1745	
79.4232	5.3302	-0.2034	0.0	0.1658	
79.4232	5.3302	-0.2034	0.0	0.1571	
79.4232	5.3302	-0.2034	0.0	0.1484	
79.4232	5.3302	-0.2034	0.0	0.1396	
79.4232	5.3302	-0.2034	0.0	0.1309	
79.4232	5.3302	-0.2034	0.0	0.1222	
79.4232	5.3302	-0.2034	0.0	0.1134	
79.4232	5.3302	-0.2034	0.0	0.1047	
79.4232	5.3302	-0.2034	0.0	0.096	
79.4232	5.3302	-0.2034	0.0	0.0873	
79.4232	5.3302	-0.2034	0.0	0.096	
79.4232	5.3302	-0.2034	0.0	0.1047	
79.4232	5.3302	-0.2034	0.0	0.1134	
79.4232	5.3302	-0.2034	0.0	0.1222	
79.4232	5.3302	-0.2034	0.0	0.1309	
79.4232	5.3302	-0.2034	0.0	0.1396	
79.4232	5.3302	-0.2034	0.0	0.1484	
79.4232	5.3302	-0.2034	0.0	0.1571	
79.4232	5.3302	-0.2034	0.0	0.1658	
79.4232	5.3302	-0.2034	0.0	0.1745	
79.4332	5.33	-0.2027	0.1	0.1833	
79.4532	5.3298	-0.2012	0.2	0.192	
79.4832	5.3298	-0.1988	0.3	0.2007	
79.5232	5.3302	-0.1954	0.4	0.2094	
79.5732	5.3314	-0.1911	0.5	0.2182	
79.6332	5.3335	-0.1857	0.6	0.2269	
79.7031	5.337	-0.1792	0.7	0.2356	
79.7829	5.3422	-0.1714	0.8	0.2443	
79.8726	5.3496	-0.1624	0.9	0.2531	
79.9721	5.3595	-0.1521	1.0	0.2618	
80.0914	5.3726	-0.1396	1.2	0.2618	
80.2304	5.3897	-0.1252	1.4	0.2618	
80.3889	5.4115	-0.1086	1.6	0.2618	
80.5668	5.439	-0.09	1.8	0.2618	
80.7638	5.4732	-0.0692	2.0	0.2618	
80.9797	5.5153	-0.0465	2.2	0.2618	
81.2142	5.5665	-0.0216	2.4	0.2618	
81.4667	5.6284	0.0053	2.6	0.2618	
81.7347	5.7017	0.0341	2.7778	0.2618	
82.0004	5.7827	0.0628	2.7778	0.2618	
82.2644	5.869	0.0906	2.7778	0.2531	
82.5268	5.9603	0.1175	2.7778	0.2443	
82.7874	6.0564	0.1434	2.7778	0.2356	
83.0463	6.1569	0.1684	2.7778	0.2269	
83.3036	6.2616	0.1925	2.7778	0.2182	
83.5593	6.3703	0.2156	2.7778	0.2094	
83.8133	6.4826	0.2377	2.7778	0.2007	
84.0658	6.5984	0.2589	2.7778	0.192	
84.3169	6.7172	0.2792	2.7778	0.1833	
84.5666	6.839	0.2985	2.7778	0.1745	
84.7881	6.9499	0.3148	2.4778	0.1658	
84.9821	7.0489	0.3285	2.1778	0.1571	
85.1489	7.1351	0.3396	1.8778	0.1484	
85.2889	7.2079	0.3484	1.5778	0.1396	
85.4023	7.2668	0.355	1.2778	0.1309	
85.4892	7.3117	0.3598	0.9778	0.1222	
85.5495	7.3426	0.3629	0.6778	0.1134	
85.5832	7.3596	0.3644	0.3778	0.1047	
85.5902	7.3631	0.3647	0.0778	0.096	
85.5902	7.3631	0.3647	0.0	0.0873	
85.5902	7.3631	0.3647	0.0	0.0785	
85.5902	7.3631	0.3647	0.0	0.0698	
85.5902	7.3631	0.3647	0.0	0.0611	
85.5902	7.3631	0.3647	0.0	0.0524	
85.5902	7.3631	0.3647	0.0	0.0436	
85.5902	7.3631	0.3647	0.0	0.0349	
85.5902	7.3631	0.3647	0.0	0.0262	
85.5902	7.3631	0.3647	0.0	0.0175	
85.5902	7.3631	0.3647	0.0	0.0087	
85.5902	7.3631	0.3647	0.0	0.0	
85.6088	7.3704	0.3648	0.2	0.0087	
85.6459	7.3853	0.3651	0.4	0.0175	
85.7014	7.4082	0.3657	0.6	0.0262	
85.775	7.4394	0.3668	0.8	0.0349	
85.8667	7.4793	0.3686	1.0	0.0436	
85.9763	7.5283	0.3711	1.2	0.0524	
86.1034	7.587	0.3745	1.4	0.0611	
86.2478	7.6557	0.379	1.6	0.0698	
86.4093	7.7352	0.3846	1.8	0.0785	
86.5875	7.8262	0.3916	2.0	0.0873	
86.8094	7.9414	0.4003	2.5	0.0873	
87.0548	8.0715	0.41	2.7778	0.0873	
87.2989	8.204	0.4197	2.7778	0.0873	
87.5417	8.3389	0.4294	2.7778	0.0873	
87.7833	8.4761	0.4391	2.7778	0.0873	
88.0234	8.6156	0.4487	2.7778	0.0873	
88.2623	8.7575	0.4584	2.7778	0.0873	
88.4997	8.9016	0.4681	2.7778	0.0873	
88.7357	9.0481	0.4778	2.7778	0.0873	
88.9703	9.1968	0.4875	2.7778	0.0873	
89.1771	9.3333	0.497	2.4778	0.096	
89.3567	9.4566	0.5061	2.1778	0.1047	
89.5095	9.5657	0.5146	1.8778	0.1134	
89.6364	9.6595	0.5223	1.5778	0.1222	
89.7379	9.7371	0.5289	1.2778	0.1309	
89.8146	9.7977	0.5344	0.9778	0.1396	
89.8672	9.8405	0.5384	0.6778	0.1484	
89.8962	9.8647	0.5408	0.3778	0.1571	
89.9021	9.8697	0.5413	0.0778	0.1658	
89.9021	9.8697	0.5413	0.0	0.1745	
89.9395	9.9029	0.5449	0.5	0.1833	
90.0136	9.9701	0.5525	1.0	0.192	
90.123	10.0727	0.5645	1.5	0.2007	
90.266	10.2125	0.5811	2.0	0.2094	
90.4403	10.3917	0.6028	2.5	0.2182	
90.6279	10.5966	0.6278	2.7778	0.2269	
90.8084	10.8077	0.6537	2.7778	0.2356	
90.9815	11.025	0.6806	2.7778	0.2443	
91.1467	11.2483	0.7084	2.7778	0.2531	
91.3037	11.4774	0.7372	2.7778	0.2618	
91.452	11.7123	0.7669	2.7778	0.2705	
91.5911	11.9528	0.7975	2.7778	0.2793	
91.7207	12.1985	0.8291	2.7778	0.288	
91.8403	12.4492	0.8615	2.7778	0.2967	
91.9494	12.7046	0.895	2.7778	0.3054	
92.0477	12.9644	0.9293	2.7778	0.3142	
92.1348	13.2282	0.9645	2.7778	0.3229	
92.2101	13.4956	1.0007	2.7778	0.3316	
92.2733	13.7661	1.0378	2.7778	0.3403	
92.3242	14.0391	1.0758	2.7778	0.3491	
92.3669	14.3136	1.1129	2.7778	0.3403	
92.4019	14.5892	1.1491	2.7778	0.3316	
92.4293	14.8656	1.1843	2.7778	0.3229	
92.4494	15.1427	1.2187	2.7778	0.3142	
92.4624	15.4201	1.2521	2.7778	0.3054	
92.4685	15.6978	1.2846	2.7778	0.2967	
92.468	15.9756	1.3161	2.7778	0.288	
92.4612	16.2533	1.3467	2.7778	0.2793	
92.4483	16.5308	1.3764	2.7778	0.2705	
92.4296	16.8079	1.4052	2.7778	0.2618	
92.4057	17.0345	1.4295	2.2778	0.2705	
92.3812	17.2105	1.4491	1.7778	0.2793	
92.3601	17.3366	1.4637	1.2778	0.288	
92.3454	17.4129	1.4728	0.7778	0.2967	
92.3397	17.4401	1.4761	0.2778	0.3054	
92.3397	17.4401	1.4761	0.0	0.3142	
92.3397	17.4401	1.4761	0.0	0.3229	
92.3397	17.4401	1.4761	0.0	0.3316	
92.3397	17.4401	1.4761	0.0	0.3403	
92.3397	17.4401	1.4761	0.0	0.3491	
92.3397	17.4401	1.4761	0.0	0.3403	
92.3397	17.4401	1.4761	0.0	0.3316	
92.3397	17.4401	1.4761	0.0	0.3229	
92.3397	17.4401	1.4761	0.0	0.3142	
92.3397	17.4401	1.4761	0.0	0.3054	
92.3397	17.4401	1.4761	0.0	0.2967	
92.3397	17.4401	1.4761	0.0	0.288	
92.3397	17.4401	1.4761	0.0	0.2793	
92.3397	17.4401	1.4761	0.0	0.2705	
92.3397	17.4401	1.4761	0.0	0.2618	
92.3397	17.4401	1.4761	0.0	0.2618	
92.3397	17.4401	1.4761	0.0	0.2618	
92.3397	17.4401	1.4761	0.0	0.2618	
92.3397	17.4401	1.4761	0.0	0.2618	
92.3397	17.4401	1.4761	0.0	0.2618	
92.3397	17.4401	1.4761	0.0	0.2618	
92.3397	17.4401	1.4761	0.0	0.2618	
92.3397	17.4401	1.4761	0.0	0.2618	
92.3397	17.4401	1.4761	0.0	0.2618	
92.3397	17.4401	1.4761	0.0	0.2618	
92.3397	17.4401	1.4761	0.0	0.2531	
92.3397	17.4401	1.4761	0.0	0.2443	
92.3397	17.4401	1.4761	0.0	0.2356	
92.3397	17.4401	1.4761	0.0	0.2269	
92.3397	17.4401	1.4761	0.0	0.2182	
92.3397	17.4401	1.4761	0.0	0.2094	
92.3397	17.4401	1.4761	0.0	0.2007	
92.3397	17.4401	1.4761	0.0	0.192	
92.3397	17.4401	1.4761	0.0	0.1833	
92.3397	17.4401	1.4761	0.0	0.1745	
92.3397	17.4401	1.4761	0.0	0.1658	
92.3397	17.4401	1.4761	0.0	0.1571	
92.3397	17.4401	1.4761	0.0	0.1484	
92.3397	17.4401	1.4761	0.0	0.1396	
92.3397	17.4401	1.4761	0.0	0.1309	
92.3397	17.4401	1.4761	0.0	0.1222	
92.3397	17.4401	1.4761	0.0	0.1134	
92.3397	17.4401	1.4761	0.0	0.1047	
92.3397	17.4401	1.4761	0.0	0.096	
92.3397	17.4401	1.4761	0.0	0.0873	
92.3397	17.4601	1.4769	0.2	0.096	
92.3393	17.5001	1.4785	0.4	0.1047	
92.338	17.5601	1.4813	0.6	0.1134	
92.3354	17.6401	1.4852	0.8	0.1222	
92.3308	17.74	1.4904	1.0	0.1309	
92.3237	17.8598	1.4971	1.2	0.1396	
92.3133	17.9994	1.5053	1.4	0.1484	
92.2987	18.1587	1.5153	1.6	0.1571	
92.2788	18.3376	1.5272	1.8	0.1658	
92.2527	18.5359	1.5411	2.0	0.1745	
92.2145	18.7829	1.5593	2.5	0.1833	
92.1646	19.0562	1.5805	2.7778	0.192	
92.1066	19.3279	1.6027	2.7778	0.2007	
92.0402	19.5976	1.6258	2.7778	0.2094	
91.9653	19.8651	1.6498	2.7778	0.2182	
91.8816	20.1299	1.6748	2.7778	0.2269	
91.789	20.3918	1.7008	2.7778	0.2356	
91.6875	20.6504	1.7277	2.7778	0.2443	
91.5768	20.9052	1.7555	2.7778	0.2531	
91.4568	21.1557	1.7842	2.7778	0.2618	
91.3276	21.4016	1.8139	2.7778	0.2705	
91.189	21.6423	1.8446	2.7778	0.2793	
91.041	21.8774	1.8761	2.7778	0.288	
90.8837	22.1063	1.9086	2.7778	0.2967	
90.7171	22.3286	1.942	2.7778	0.3054	
90.5413	22.5437	1.9763	2.7778	0.3142	
90.3564	22.7509	2.0116	2.7778	0.3229	
90.1625	22.9499	2.0478	2.7778	0.3316	
89.9599	23.1399	2.0849	2.7778	0.3403	
89.7488	23.3205	2.1229	2.7778	0.3491	
-1
44.1489	9.9987	-0.0005	1.4889	-0.0087	
44.3077	9.9958	-0.0016	1.5889	-0.0175	
44.4766	9.9911	-0.0034	1.6889	-0.0262	
44.6553	9.9843	-0.0059	1.7889	-0.0349	
44.844	9.9749	-0.0092	1.8889	-0.0436	
45.0425	9.9627	-0.0134	1.9889	-0.0524	
45.2508	9.9472	-0.0185	2.0889	-0.0611	
45.4688	9.9279	-0.0246	2.1889	-0.0698	
45.6965	9.9043	-0.0317	2.2889	-0.0785	
45.9337	9.876	-0.0401	2.3889	-0.0873	
46.1407	9.8476	-0.0481	2.0889	-0.096	
46.3175	9.8204	-0.0556	1.7889	-0.1047	
46.4642	9.7954	-0.0623	1.4889	-0.1134	
46.5811	9.7735	-0.0681	1.1889	-0.1222	
46.6683	9.756	-0.0727	0.8889	-0.1309	
46.7258	9.7436	-0.076	0.5889	-0.1396	
46.754	9.7371	-0.0777	0.2889	-0.1484	
46.754	9.7371	-0.0777	0.0	-0.1571	
46.754	9.7371	-0.0777	0.0	-0.1658	
46.754	9.7371	-0.0777	0.0	-0.1745	
46.754	9.7371	-0.0777	0.0	-0.1745	
46.754	9.7371	-0.0777	0.0	-0.1745	
46.754	9.7371	-0.0777	0.0	-0.1745	
46.754	9.7371	-0.0777	0.0	-0.1745	
46.754	9.7371	-0.0777	0.0	-0.1745	
46.754	9.7371	-0.0777	0.0	-0.1745	
46.754	9.7371	-0.0777	0.0	-0.1745	
46.754	9.7371	-0.0777	0.0	-0.1745	
46.754	9.7371	-0.0777	0.0	-0.1745	
46.754	9.7371	-0.0777	0.0	-0.1745	
46.754	9.7371	-0.0777	0.0	-0.1833	
46.754	9.7371	-0.0777	0.0	-0.192	
46.754	9.7371	-0.0777	0.0	-0.2007	
46.754	9.7371	-0.0777	0.0	-0.2094	
46.754	9.7371	-0.0777	0.0	-0.2182	
46.754	9.7371	-0.0777	0.0	-0.2269	
46.754	9.7371	-0.0777	0.0	-0.2356	
46.754	9.7371	-0.0777	0.0	-0.2443	
46.754	9.7371	-0.0777	0.0	-0.2531	
46.754	9.7371	-0.0777	0.0	-0.2618	
46.8013	9.7209	-0.0827	0.5	-0.2531	
46.896	9.6888	-0.0924	1.0	-0.2443	
47.038	9.6404	-0.1064	1.5	-0.2356	
47.227	9.575	-0.1244	2.0	-0.2269	
47.4624	9.491	-0.1461	2.5	-0.2182	
47.7228	9.3943	-0.1692	2.7778	-0.2094	
47.9818	9.2939	-0.1913	2.7778	-0.2007	
48.2395	9.19	-0.2125	2.7778	-0.192	
48.4958	9.083	-0.2328	2.7778	-0.1833	
48.7508	8.9729	-0.2521	2.7778	-0.1745	
49.0027	8.8558	-0.2723	2.7778	-0.1833	
49.2511	8.7314	-0.2935	2.7778	-0.192	
49.4956	8.5996	-0.3157	2.7778	-0.2007	
49.736	8.4604	-0.3388	2.7778	-0.2094	
49.9718	8.3136	-0.3628	2.7778	-0.2182	
50.2026	8.1591	-0.3878	2.7778	-0.2269	
50.4281	7.9969	-0.4137	2.7778	-0.2356	
50.6479	7.827	-0.4406	2.7778	-0.2443	
50.8615	7.6494	-0.4684	2.7778	-0.2531	
51.0684	7.4641	-0.4972	2.7778	-0.2618	
51.2627	7.2798	-0.5249	2.6778	-0.2618	
51.4448	7.0973	-0.5516	2.5778	-0.2618	
51.615	6.9173	-0.5773	2.4778	-0.2618	
51.7739	6.7404	-0.6019	2.3778	-0.2618	
51.9218	6.5672	-0.6255	2.2778	-0.2618	
52.0594	6.3984	-0.648	2.1778	-0.2618	
52.1869	6.2343	-0.6695	2.0778	-0.2618	
52.305	6.0756	-0.69	1.9778	-0.2618	
52.4139	5.9227	-0.7094	1.8778	-0.2618	
52.5142	5.7759	-0.7278	1.7778	-0.2618	
52.6338	5.5939	-0.7504	2.1778	-0.2618	
52.7704	5.3753	-0.7771	2.5778	-0.2618	
52.9113	5.1359	-0.8058	2.7778	-0.2618	
53.0453	4.8926	-0.8346	2.7778	-0.2618	
53.1721	4.6455	-0.8633	2.7778	-0.2618	
53.2919	4.3948	-0.8921	2.7778	-0.2618	
53.4044	4.1408	-0.9209	2.7778	-0.2618	
20	51	0.0	2.7778	-0.2618	
20.2683	50.9281	-0.0288	2.7778	-0.2618	
20.5344	50.8485	-0.0575	2.7778	-0.2618	
20.7974	50.759	-0.0872	2.7778	-0.2705	
21.0567	50.6595	-0.1178	2.7778	-0.2793	
21.312	50.5498	-0.1494	2.7778	-0.288	
21.5626	50.43	-0.1819	2.7778	-0.2967	
21.808	50.2999	-0.2153	2.7778	-0.3054	
22.0477	50.1596	-0.2496	2.7778	-0.3142	
22.2812	50.0091	-0.2849	2.7778	-0.3229	
22.5079	49.8485	-0.3211	2.7778	-0.3316	
22.7271	49.6779	-0.3581	2.7778	-0.3403	
22.9382	49.4974	-0.3961	2.7778	-0.3491	
23.1407	49.3073	-0.4351	2.7778	-0.3578	
23.334	49.1077	-0.4749	2.7778	-0.3665	
23.5173	48.899	-0.5156	2.7778	-0.3752	
23.69	48.6815	-0.5572	2.7778	-0.384	
23.8516	48.4556	-0.5997	2.7778	-0.3927	
24.0014	48.2217	-0.6432	2.7778	-0.4014	
24.1388	47.9802	-0.6875	2.7778	-0.4102	
24.2633	47.7319	-0.7327	2.7778	-0.4189	
24.3741	47.4772	-0.7787	2.7778	-0.4276	
24.4709	47.2168	-0.8257	2.7778	-0.4363	
24.553	46.9514	-0.8735	2.7778	-0.4451	
24.6199	46.6819	-0.9222	2.7778	-0.4538	
24.6713	46.4089	-0.9718	2.7778	-0.4625	
24.7067	46.1334	-1.0223	2.7778	-0.4712	
24.7257	45.8562	-1.0736	2.7778	-0.48	
24.7281	45.5785	-1.1257	2.7778	-0.4887	
24.7136	45.3011	-1.1787	2.7778	-0.4974	
24.682	45.0251	-1.2326	2.7778	-0.5061	
24.6331	44.7516	-1.2873	2.7778	-0.5149	
24.5671	44.4818	-1.3429	2.7778	-0.5236	
24.4838	44.2168	-1.3993	2.7778	-0.5323	
24.3835	43.9578	-1.4565	2.7778	-0.5411	
24.2663	43.706	-1.5146	2.7778	-0.5498	
24.1326	43.4625	-1.5734	2.7778	-0.5585	
23.9827	43.2286	-1.6331	2.7778	-0.5672	
23.8172	43.0055	-1.6936	2.7778	-0.576	
23.6367	42.7944	-1.755	2.7778	-0.5847	
23.4418	42.5965	-1.8171	2.7778	-0.5934	
23.2334	42.4128	-1.88	2.7778	-0.6021	
23.0124	42.2446	-1.9438	2.7778	-0.6109	
22.7824	42.0887	-2.0067	2.7778	-0.6021	
22.5444	41.9455	-2.0688	2.7778	-0.5934	
22.299	41.8153	-2.1302	2.7778	-0.5847	
22.0472	41.6981	-2.1907	2.7778	-0.576	
21.7896	41.5941	-2.2504	2.7778	-0.5672	
21.5271	41.5034	-2.3093	2.7778	-0.5585	
21.2603	41.4259	-2.3673	2.7778	-0.5498	
20.99	41.3617	-2.4245	2.7778	-0.5411	
20.717	41.3107	-2.4809	2.7778	-0.5323	
20.4418	41.2728	-2.5365	2.7778	-0.5236	
20.1652	41.2477	-2.5912	2.7778	-0.5149	
19.8877	41.2355	-2.6451	2.7778	-0.5061	
19.6099	41.2357	-2.6981	2.7778	-0.4974	
19.3324	41.2483	-2.7503	2.7778	-0.4887	
19.0557	41.2728	-2.8016	2.7778	-0.48	
18.7803	41.3092	-2.852	2.7778	-0.4712	
18.5067	41.357	-2.9016	2.7778	-0.4625	
18.2352	41.4159	-2.9503	2.7778	-0.4538	
17.9663	41.4856	-2.9981	2.7778	-0.4451	
17.7004	41.5658	-3.0451	2.7778	-0.4363	
17.4472	41.6529	-3.0895	2.6778	-0.4276	
17.2065	41.7453	-3.1314	2.5778	-0.4189	
16.9783	41.8418	3.1122	2.4778	-0.4102	
16.7623	41.9411	3.0751	2.3778	-0.4014	
16.5581	42.0421	3.0402	2.2778	-0.3927	
16.3655	42.1437	3.0076	2.1778	-0.384	
16.184	42.245	2.9771	2.0778	-0.3752	
16.0135	42.3451	2.9488	1.9778	-0.3665	
15.8535	42.4434	2.9225	1.8778	-0.3578	
15.7036	42.539	2.8981	1.7778	-0.3491	
15.5818	42.6226	2.8774	1.4778	-0.3578	
15.4866	42.6921	2.8605	1.1778	-0.3665	
15.4171	42.7457	2.8477	0.8778	-0.3752	
15.3721	42.7819	2.839	0.5778	-0.384	
15.3508	42.7997	2.8348	0.2778	-0.3927	
15.3508	42.7997	2.8348	0.0	-0.4014	
15.3508	42.7997	2.8348	0.0	-0.4102	
15.3508	42.7997	2.8348	0.0	-0.4189	
15.3508	42.7997	2.8348	0.0	-0.4276	
15.3508	42.7997	2.8348	0.0	-0.4363	
15.3508	42.7997	2.8348	0.0	-0.4451	
15.3508	42.7997	2.8348	0.0	-0.4538	
15.3508	42.7997	2.8348	0.0	-0.4625	
15.3508	42.7997	2.8348	0.0	-0.4712	
15.3508	42.7997	2.8348	0.0	-0.48	
15.3508	42.7997	2.8348	0.0	-0.4887	
15.3508	42.7997	2.8348	0.0	-0.4974	
15.3508	42.7997	2.8348	0.0	-0.5061	
15.3508	42.7997	2.8348	0.0	-0.5149	
15.3508	42.7997	2.8348	0.0	-0.5236	
15.3307	42.822	2.8287	0.3	-0.5323	
15.2913	42.8672	2.8163	0.6	-0.5411	
15.2336	42.9363	2.7975	0.9	-0.5498	
15.1593	43.0305	2.7721	1.2	-0.5585	
15.0704	43.1514	2.7398	1.5	-0.5672	
14.9698	43.3006	2.7006	1.8	-0.576	
14.8609	43.4802	2.6543	2.1	-0.5847	
14.748	43.6919	2.6006	2.4	-0.5934	
14.636	43.9376	2.5394	2.7	-0.6021	
14.5387	44.1978	2.4757	2.7778	-0.6109	
14.4619	44.4439	2.4173	2.5778	-0.6021	
14.4023	44.6741	2.3641	2.3778	-0.5934	
14.3572	44.8871	2.316	2.1778	-0.5847	
14.3239	45.0821	2.2729	1.9778	-0.576	
14.3	45.2582	2.2347	1.7778	-0.5672	
14.2834	45.4151	2.2013	1.5778	-0.5585	
14.2723	45.5525	2.1725	1.3778	-0.5498	
14.2652	45.67	2.1482	1.1778	-0.5411	
14.2608	45.7677	2.1284	0.9778	-0.5323	
14.2581	45.8454	2.1128	0.7778	-0.5236	
14.256	45.9232	2.0975	0.7778	-0.5149	
14.2544	46.001	2.0824	0.7778	-0.5061	
14.2533	46.0787	2.0675	0.7778	-0.4974	
14.2527	46.1565	2.0529	0.7778	-0.4887	
14.2525	46.2343	2.0386	0.7778	-0.48	
14.2528	46.3121	2.0245	0.7778	-0.4712	
14.2535	46.3898	2.0106	0.7778	-0.4625	
14.2546	46.4676	1.9969	0.7778	-0.4538	
14.256	46.5454	1.9835	0.7778	-0.4451	
14.2579	46.6231	1.9704	0.7778	-0.4363	
14.2628	46.7308	1.9518	1.0778	-0.4451	
14.2728	46.8682	1.9277	1.3778	-0.4538	
14.2905	47.035	1.8977	1.6778	-0.4625	
14.3189	47.2308	1.8618	1.9778	-0.4712	
14.3617	47.4545	1.8197	2.2778	-0.48	
14.4229	47.7049	1.7713	2.5778	-0.4887	
14.5042	47.9705	1.7183	2.7778	-0.4974	
14.6017	48.2306	1.6644	2.7778	-0.5061	
14.7152	48.4841	1.6097	2.7778	-0.5149	
14.8447	48.7299	1.5542	2.7778	-0.5236	
14.9896	48.9669	1.4978	2.7778	-0.5323	
15.1497	49.1939	1.4406	2.7778	-0.5411	
15.3243	49.4099	1.3825	2.7778	-0.5498	
15.513	49.6138	1.3236	2.7778	-0.5585	
15.7151	49.8044	1.2639	2.7778	-0.5672	
15.9296	49.9808	1.2034	2.7778	-0.576	
16.1559	50.1419	1.1421	2.7778	-0.5847	
16.3929	50.2868	1.08	2.7778	-0.5934	
16.6396	50.4145	1.017	2.7778	-0.6021	
16.8948	50.5242	0.9533	2.7778	-0.6109	
17.1564	50.6175	0.8896	2.7778	-0.6109	
17.4235	50.6939	0.8258	2.7778	-0.6109	
17.6949	50.7532	0.7621	2.7778	-0.6109	
17.9695	50.795	0.6984	2.7778	-0.6109	
18.2462	50.8193	0.6346	2.7778	-0.6109	
18.5239	50.8259	0.5709	2.7778	-0.6109	
18.8015	50.8148	0.5072	2.7778	-0.6109	
19.0777	50.786	0.4434	2.7778	-0.6109	
19.3516	50.7398	0.3797	2.7778	-0.6109	
19.622	50.6761	0.316	2.7778	-0.6109	
19.8885	50.5977	0.253	2.7778	-0.6021	
20.1503	50.505	0.1909	2.7778	-0.5934	
20.4069	50.3984	0.1296	2.7778	-0.5847	
20.6574	50.2785	0.0691	2.7778	-0.576	
20.9014	50.1458	0.0094	2.7778	-0.5672	
21.1384	50.0008	-0.0495	2.7778	-0.5585	
21.3678	49.8441	-0.1076	2.7778	-0.5498	
21.5891	49.6763	-0.1648	2.7778	-0.5411	
21.8021	49.498	-0.2212	2.7778	-0.5323	
22.0063	49.3097	-0.2767	2.7778	-0.5236	
22.1734	49.1405	-0.3236	2.3778	-0.5149	
22.3069	48.9946	-0.3619	1.9778	-0.5061	
22.4099	48.8751	-0.392	1.5778	-0.4974	
22.4849	48.7843	-0.4142	1.1778	-0.4887	
22.5336	48.7236	-0.4285	0.7778	-0.48	
22.5571	48.694	-0.4354	0.3778	-0.4712	
22.5571	48.694	-0.4354	0.0	-0.4625	
22.5571	48.694	-0.4354	0.0	-0.4538	
22.5571	48.694	-0.4354	0.0	-0.4451	
22.5571	48.694	-0.4354	0.0	-0.4363	
22.589	48.6555	-0.444	0.5	-0.4451	
22.6513	48.5773	-0.4615	1.0	-0.4538	
22.7417	48.4576	-0.4883	1.5	-0.4625	
22.8565	48.2938	-0.5246	2.0	-0.4712	
22.9906	48.0828	-0.5708	2.5	-0.48	
23.1265	47.8406	-0.623	2.7778	-0.4887	
23.2474	47.5905	-0.676	2.7778	-0.4974	
23.3527	47.3334	-0.7298	2.7778	-0.5061	
23.4417	47.0703	-0.7846	2.7778	-0.5149	
23.5138	46.802	-0.8401	2.7778	-0.5236	
23.569	46.5502	-0.8909	2.5778	-0.5149	
23.6101	46.316	-0.937	2.3778	-0.5061	
23.6397	46.1003	-0.9786	2.1778	-0.4974	
23.6601	45.9036	-1.0157	1.9778	-0.4887	
23.6735	45.7263	-1.0485	1.7778	-0.48	
23.6815	45.5687	-1.0772	1.5778	-0.4712	
23.6858	45.431	-1.1018	1.3778	-0.4625	
23.6876	45.3132	-1.1224	1.1778	-0.4538	
23.6879	45.2155	-1.1393	0.9778	-0.4451	
23.6876	45.1377	-1.1524	0.7778	-0.4363	
23.6858	45.0399	-1.169	0.9778	-0.4363	
23.6817	44.9222	-1.1889	1.1778	-0.4363	
23.6742	44.7846	-1.2122	1.3778	-0.4363	
23.662	44.6273	-1.2388	1.5778	-0.4363	
23.6435	44.4505	-1.2689	1.7778	-0.4363	
23.617	44.2545	-1.3023	1.9778	-0.4363	
23.5806	44.0398	-1.3391	2.1778	-0.4363	
23.5323	43.807	-1.3793	2.3778	-0.4363	
23.4698	43.5569	-1.4229	2.5778	-0.4363	
23.3908	43.2906	-1.4699	2.7778	-0.4363	
23.3092	43.0566	-1.5117	2.4778	-0.4363	
23.229	42.8542	-1.5486	2.1778	-0.4363	
23.1534	42.6823	-1.5803	1.8778	-0.4363	
23.0854	42.5399	-1.607	1.5778	-0.4363	
23.0272	42.4261	-1.6286	1.2778	-0.4363	
22.9809	42.34	-1.6451	0.9778	-0.4363	
22.9477	42.2809	-1.6566	0.6778	-0.4363	
22.9289	42.2482	-1.6629	0.3778	-0.4363	
22.925	42.2415	-1.6643	0.0778	-0.4363	
22.925	42.2415	-1.6643	0.0	-0.4363	
22.925	42.2415	-1.6643	0.0	-0.4363	
22.925	42.2415	-1.6643	0.0	-0.4363	
22.925	42.2415	-1.6643	0.0	-0.4363	
22.925	42.2415	-1.6643	0.0	-0.4363	
22.925	42.2415	-1.6643	0.0	-0.4363	
22.925	42.2415	-1.6643	0.0	-0.4363	
22.925	42.2415	-1.6643	0.0	-0.4363	
22.925	42.2415	-1.6643	0.0	-0.4363	
22.925	42.2415	-1.6643	0.0	-0.4363	
22.925	42.2415	-1.6643	0.0	-0.4363	
22.925	42.2415	-1.6643	0.0	-0.4276	
22.925	42.2415	-1.6643	0.0	-0.4189	
22.925	42.2415	-1.6643	0.0	-0.4102	
22.925	42.2415	-1.6643	0.0	-0.4014	
22.925	42.2415	-1.6643	0.0	-0.3927	
22.925	42.2415	-1.6643	0.0	-0.384	
22.925	42.2415	-1.6643	0.0	-0.3752	
22.925	42.2415	-1.6643	0.0	-0.3665	
22.925	42.2415	-1.6643	0.0	-0.3578	
22.925	42.2415	-1.6643	0.0	-0.3491	
22.9119	42.2145	-1.6685	0.3	-0.3578	
22.885	42.1608	-1.6771	0.6	-0.3665	
22.8434	42.081	-1.6903	0.9	-0.3752	
22.7855	41.9759	-1.7082	1.2	-0.384	
22.7096	41.8465	-1.7312	1.5	-0.3927	
22.6137	41.6942	-1.7593	1.8	-0.4014	
22.4954	41.5207	-1.7928	2.1	-0.4102	
22.3519	41.3283	-1.8319	2.4	-0.4189	
22.1803	41.1199	-1.8767	2.7	-0.4276	
21.9925	40.9152	-1.9236	2.7778	-0.4363	
21.8025	40.7265	-1.9689	2.6778	-0.4363	
21.6115	40.5534	-2.0125	2.5778	-0.4363	
21.4208	40.3951	-2.0543	2.4778	-0.4363	
21.2317	40.2511	-2.0945	2.3778	-0.4363	
21.0451	40.1204	-2.133	2.2778	-0.4363	
20.862	40.0025	-2.1699	2.1778	-0.4363	
20.6833	39.8965	-2.205	2.0778	-0.4363	
20.5097	39.8017	-2.2384	1.9778	-0.4363	
20.3421	39.7171	-2.2702	1.8778	-0.4363	
20.1808	39.6422	-2.3002	1.7778	-0.4363	
20.0547	39.5868	-2.3231	1.3778	-0.4276	
19.9646	39.5488	-2.339	0.9778	-0.4189	
19.9112	39.5267	-2.3482	0.5778	-0.4102	
19.8948	39.5199	-2.351	0.1778	-0.4014	
19.8948	39.5199	-2.351	0.0	-0.3927	
19.8948	39.5199	-2.351	0.0	-0.384	
19.8948	39.5199	-2.351	0.0	-0.3752	
19.8948	39.5199	-2.351	0.0	-0.3665	
19.8948	39.5199	-2.351	0.0	-0.3578	
19.8948	39.5199	-2.351	0.0	-0.3491	
19.8948	39.5199	-2.351	0.0	-0.3491	
19.8948	39.5199	-2.351	0.0	-0.3491	
19.8948	39.5199	-2.351	0.0	-0.3491	
19.8948	39.5199	-2.351	0.0	-0.3491	
19.8948	39.5199	-2.351	0.0	-0.3491	
19.8948	39.5199	-2.351	0.0	-0.3491	
19.8948	39.5199	-2.351	0.0	-0.3491	
19.8948	39.5199	-2.351	0.0	-0.3491	
19.8948	39.5199	-2.351	0.0	-0.3491	
19.8948	39.5199	-2.351	0.0	-0.3491	
19.8858	39.5156	-2.3523	0.1	-0.3491	
19.8677	39.5071	-2.3551	0.2	-0.3491	
19.8405	39.4944	-2.3592	0.3	-0.3491	
19.8042	39.4776	-2.3647	0.4	-0.3491	
19.7587	39.4568	-2.3715	0.5	-0.3491	
19.7039	39.4323	-2.3797	0.6	-0.3491	
19.6398	39.4042	-2.3893	0.7	-0.3491	
19.5662	39.3728	-2.4002	0.8	-0.3491	
19.4831	39.3384	-2.4125	0.9	-0.3491	
19.3902	39.3013	-2.4262	1.0	-0.3491	
19.3248	39.2763	-2.4358	0.7	-0.3491	
19.2874	39.2623	-2.4413	0.4	-0.3491	
19.278	39.2589	-2.4426	0.1	-0.3491	
19.278	39.2589	-2.4426	0.0	-0.3491	
19.278	39.2589	-2.4426	0.0	-0.3491	
19.278	39.2589	-2.4426	0.0	-0.3491	
19.278	39.2589	-2.4426	0.0	-0.3491	
19.278	39.2589	-2.4426	0.0	-0.3491	
19.278	39.2589	-2.4426	0.0	-0.3491	
19.278	39.2589	-2.4426	0.0	-0.3491	
19.278	39.2589	-2.4426	0.0	-0.3491	
19.278	39.2589	-2.4426	0.0	-0.3491	
19.278	39.2589	-2.4426	0.0	-0.3491	
19.278	39.2589	-2.4426	0.0	-0.3491	
19.278	39.2589	-2.4426	0.0	-0.3491	
19.278	39.2589	-2.4426	0.0	-0.3491	
19.278	39.2589	-2.4426	0.0	-0.3491	
19.278	39.2589	-2.4426	0.0	-0.3491	
19.278	39.2589	-2.4426	0.0	-0.3491	
19.278	39.2589	-2.4426	0.0	-0.3491	
19.231	39.2417	-2.4495	0.5	-0.3491	
19.1368	39.2081	-2.4632	1.0	-0.3491	
18.9949	39.1596	-2.4837	1.5	-0.3491	
18.8044	39.0988	-2.511	2.0	-0.3491	
18.5642	39.0293	-2.5452	2.5	-0.3491	
18.2949	38.9613	-2.5832	2.7778	-0.3491	
18.0232	38.9036	-2.6212	2.7778	-0.3491	
17.7494	38.8563	-2.6592	2.7778	-0.3491	
17.4741	38.8194	-2.6973	2.7778	-0.3491	
17.1976	38.7929	-2.7353	2.7778	-0.3491	
16.9504	38.7766	-2.7683	2.4778	-0.3403	
16.7328	38.7675	-2.7967	2.1778	-0.3316	
16.545	38.7634	-2.8205	1.8778	-0.3229	
16.3873	38.7623	-2.84	1.5778	-0.3142	
16.2595	38.7628	-2.8554	1.2778	-0.3054	
16.1617	38.7638	-2.8668	0.9778	-0.2967	
16.094	38.7647	-2.8745	0.6778	-0.288	
16.0562	38.7652	-2.8787	0.3778	-0.2793	
16.0484	38.7652	-2.8795	0.0778	-0.2705	
16.0484	38.7652	-2.8795	0.0	-0.2618	
-1
