71.0	49.0	-3.141592653589793	0.0	0.08726646259971647	29.0	42.0	0.0	2.7777777777777777	0.0	5
62.0011	51.1211	1.5704	1.2111	-0.0087	
62.0034	51.2522	1.5695	1.3111	-0.0175	
62.0073	51.3933	1.568	1.4111	-0.0262	
62.013	51.5443	1.5659	1.5111	-0.0349	
62.0208	51.7052	1.5631	1.6111	-0.0436	
62.0311	51.876	1.5595	1.7111	-0.0524	
62.0442	52.0566	1.5551	1.8111	-0.0611	
62.0605	52.247	1.5497	1.9111	-0.0698	
62.0805	52.4471	1.5434	2.0111	-0.0785	
62.1047	52.6569	1.5361	2.1111	-0.0873	
62.1243	52.8168	1.5304	1.6111	-0.0873	
62.1384	52.927	1.5266	1.1111	-0.0873	
62.1464	52.9876	1.5244	0.6111	-0.0873	
62.1479	52.9986	1.524	0.1111	-0.0873	
62.1479	52.9986	1.524	0.0	-0.0873	
62.1479	52.9986	1.524	0.0	-0.0873	
62.1479	52.9986	1.524	0.0	-0.0873	
62.1479	52.9986	1.524	0.0	-0.0873	
62.1479	52.9986	1.524	0.0	-0.0873	
62.1479	52.9986	1.524	0.0	-0.0873	
62.1522	53.0283	1.5229	0.3	-0.096	
62.1613	53.0876	1.5204	0.6	-0.1047	
62.176	53.1764	1.5163	0.9	-0.1134	
62.1971	53.2945	1.5105	1.2	-0.1222	
62.2256	53.4418	1.5026	1.5	-0.1309	
62.2627	53.6179	1.4926	1.8	-0.1396	
62.3099	53.8225	1.4802	2.1	-0.1484	
62.3687	54.0552	1.4652	2.4	-0.1571	
62.4411	54.3153	1.4473	2.7	-0.1658	
62.5227	54.5809	1.4281	2.7778	-0.1745	
62.5979	54.8169	1.4117	2.4778	-0.1658	
62.6656	55.0239	1.3981	2.1778	-0.1571	
62.7249	55.2021	1.387	1.8778	-0.1484	
62.775	55.3517	1.3782	1.5778	-0.1396	
62.8157	55.4729	1.3715	1.2778	-0.1309	
62.8465	55.5656	1.3667	0.9778	-0.1222	
62.8677	55.63	1.3637	0.6778	-0.1134	
62.8793	55.666	1.3621	0.3778	-0.1047	
62.8816	55.6734	1.3618	0.0778	-0.096	
62.8816	55.6734	1.3618	0.0	-0.0873	
62.8816	55.6734	1.3618	0.0	-0.0873	
62.8816	55.6734	1.3618	0.0	-0.0873	
62.8816	55.6734	1.3618	0.0	-0.0873	
62.8816	55.6734	1.3618	0.0	-0.0873	
62.8816	55.6734	1.3618	0.0	-0.0873	
62.8816	55.6734	1.3618	0.0	-0.0873	
62.8816	55.6734	1.3618	0.0	-0.0873	
62.8816	55.6734	1.3618	0.0	-0.0873	
62.8816	55.6734	1.3618	0.0	-0.0873	
62.8816	55.6734	1.3618	0.0	-0.0873	
62.8816	55.6734	1.3618	0.0	-0.0785	
62.8816	55.6734	1.3618	0.0	-0.0698	
62.8816	55.6734	1.3618	0.0	-0.0611	
62.8816	55.6734	1.3618	0.0	-0.0524	
62.8816	55.6734	1.3618	0.0	-0.0436	
62.8816	55.6734	1.3618	0.0	-0.0349	
62.8816	55.6734	1.3618	0.0	-0.0262	
62.8816	55.6734	1.3618	0.0	-0.0175	
62.8816	55.6734	1.3618	0.0	-0.0087	
62.8816	55.6734	1.3618	0.0	0.0	
62.8924	55.7222	1.3616	0.5	-0.0087	
62.9149	55.8196	1.3609	1.0	-0.0175	
62.95	55.9655	1.3594	1.5	-0.0262	
44	42	3.1416	2.0	-0.0349	
43.7502	42.0109	3.1372	2.5	-0.0436	
43.4729	42.0267	3.1314	2.7778	-0.0524	
43.1958	42.0464	3.1246	2.7778	-0.0611	
42.9191	42.0705	3.1169	2.7778	-0.0698	
42.6428	42.0991	3.1082	2.7778	-0.0785	
42.367	42.1326	3.0985	2.7778	-0.0873	
42.0916	42.1687	3.0888	2.7778	-0.0873	
41.8166	42.2075	3.0791	2.7778	-0.0873	
41.5419	42.2489	3.0694	2.7778	-0.0873	
41.2676	42.293	3.0597	2.7778	-0.0873	
40.9938	42.3398	3.0501	2.7778	-0.0873	
40.7205	42.3892	3.0404	2.7778	-0.0873	
40.4476	42.4412	3.0307	2.7778	-0.0873	
40.1753	42.4959	3.021	2.7778	-0.0873	
39.9035	42.5532	3.0113	2.7778	-0.0873	
39.6322	42.6132	3.0016	2.7778	-0.0873	
39.3806	42.669	2.9936	2.5778	-0.0785	
39.1484	42.7204	2.9869	2.3778	-0.0698	
38.9357	42.7671	2.9816	2.1778	-0.0611	
38.7424	42.8088	2.9775	1.9778	-0.0524	
38.5684	42.8454	2.9744	1.7778	-0.0436	
38.4139	42.8771	2.9722	1.5778	-0.0349	
38.2787	42.9039	2.9707	1.3778	-0.0262	
38.163	42.9259	2.9699	1.1778	-0.0175	
38.0668	42.9435	2.9695	0.9778	-0.0087	
37.9902	42.9568	2.9695	0.7778	0.0	
37.8645	42.9798	2.9691	1.2778	-0.0087	
37.6899	43.0133	2.9679	1.7778	-0.0175	
37.4667	43.0586	2.9655	2.2778	-0.0262	
37.1951	43.1167	2.9616	2.7778	-0.0349	
36.9242	43.1784	2.9568	2.7778	-0.0436	
36.6542	43.2436	2.9509	2.7778	-0.0524	
36.3852	43.3128	2.9442	2.7778	-0.0611	
36.1173	43.3862	2.9364	2.7778	-0.0698	
35.8506	43.4639	2.9277	2.7778	-0.0785	
35.5853	43.5463	2.918	2.7778	-0.0873	
35.3297	43.626	2.9096	2.6778	-0.0785	
35.0835	43.7026	2.9024	2.5778	-0.0698	
34.8469	43.7759	2.8964	2.4778	-0.0611	
34.6195	43.8456	2.8914	2.3778	-0.0524	
34.4015	43.9116	2.8874	2.2778	-0.0436	
34.1928	43.9737	2.8844	2.1778	-0.0349	
33.9933	44.0318	2.8822	2.0778	-0.0262	
33.803	44.0859	2.8808	1.9778	-0.0175	
33.622	44.1359	2.8801	1.8778	-0.0087	
33.4503	44.1818	2.8801	1.7778	0.0	
33.2685	44.2288	2.8808	1.8778	0.0087	
33.0765	44.2764	2.8822	1.9778	0.0175	
32.8744	44.3244	2.8844	2.0778	0.0262	
32.662	44.3725	2.8874	2.1778	0.0349	
32.4392	44.4201	2.8914	2.2778	0.0436	
32.2061	44.4668	2.8964	2.3778	0.0524	
31.9625	44.5122	2.9024	2.4778	0.0611	
31.7084	44.5556	2.9096	2.5778	0.0698	
31.4438	44.5966	2.918	2.6778	0.0785	
31.1686	44.6343	2.9277	2.7778	0.0873	
30.9126	44.6646	2.9376	2.5778	0.096	
30.676	44.6882	2.9475	2.3778	0.1047	
30.4589	44.7058	2.9574	2.1778	0.1134	
30.2615	44.718	2.967	1.9778	0.1222	
30.0839	44.7258	2.9763	1.7778	0.1309	
29.9262	44.7298	2.9851	1.5778	0.1396	
29.7884	44.731	2.9932	1.3778	0.1484	
29.6706	44.7299	3.0006	1.1778	0.1571	
29.5729	44.7275	3.007	0.9778	0.1658	
29.4952	44.7244	3.0124	0.7778	0.1745	
29.3776	44.718	3.021	1.1778	0.1833	
29.2202	44.7068	3.0331	1.5778	0.192	
29.0232	44.6886	3.0488	1.9778	0.2007	
28.7871	44.6609	3.0686	2.3778	0.2094	
28.5122	44.6207	3.0927	2.7778	0.2182	
28.2388	44.5715	3.1177	2.7778	0.2269	
27.9673	44.5131	-3.1396	2.7778	0.2356	
27.6979	44.4454	-3.1127	2.7778	0.2443	
27.4311	44.3681	-3.0849	2.7778	0.2531	
27.1673	44.2811	-3.0561	2.7778	0.2618	
26.9538	44.2017	-3.0318	2.2778	0.2705	
26.7893	44.1343	-3.0122	1.7778	0.2793	
26.6725	44.0825	-2.9977	1.2778	0.288	
26.6021	44.0493	-2.9886	0.7778	0.2967	
26.5772	44.037	-2.9852	0.2778	0.3054	
26.5772	44.037	-2.9852	0.0	0.3142	
26.5772	44.037	-2.9852	0.0	0.3229	
26.5772	44.037	-2.9852	0.0	0.3316	
26.5772	44.037	-2.9852	0.0	0.3403	
26.5772	44.037	-2.9852	0.0	0.3491	
26.5511	44.0223	-2.981	0.3	0.3578	
26.4992	43.9921	-2.9724	0.6	0.3665	
26.4222	43.9455	-2.9592	0.9	0.3752	
26.321	43.8811	-2.9412	1.2	0.384	
26.1966	43.7973	-2.9183	1.5	0.3927	
26.0506	43.692	-2.8901	1.8	0.4014	
25.8849	43.563	-2.8567	2.1	0.4102	
25.7019	43.4077	-2.8176	2.4	0.4189	
25.5047	43.2233	-2.7728	2.7	0.4276	
25.3122	43.023	-2.7259	2.7778	0.4363	
25.1441	42.8276	-2.6815	2.5778	0.4451	
24.9989	42.6393	-2.6398	2.3778	0.4538	
24.8748	42.4603	-2.6009	2.1778	0.4625	
24.7699	42.2926	-2.565	1.9778	0.4712	
24.6825	42.1379	-2.5322	1.7778	0.48	
24.6107	41.9974	-2.5025	1.5778	0.4887	
24.5527	41.8724	-2.4762	1.3778	0.4974	
24.5069	41.7639	-2.4534	1.1778	0.5061	
24.4717	41.6726	-2.4341	0.9778	0.5149	
24.4458	41.5993	-2.4186	0.7778	0.5236	
24.4372	41.5729	-2.4129	0.2778	0.5323	
24.4372	41.5729	-2.4129	0.0	0.5411	
24.4372	41.5729	-2.4129	0.0	0.5498	
24.4372	41.5729	-2.4129	0.0	0.5585	
24.4372	41.5729	-2.4129	0.0	0.5672	
24.4372	41.5729	-2.4129	0.0	0.576	
24.4372	41.5729	-2.4129	0.0	0.5847	
24.4372	41.5729	-2.4129	0.0	0.5934	
24.4372	41.5729	-2.4129	0.0	0.6021	
24.4372	41.5729	-2.4129	0.0	0.6109	
24.4372	41.5729	-2.4129	0.0	0.6109	
24.4372	41.5729	-2.4129	0.0	0.6109	
24.4372	41.5729	-2.4129	0.0	0.6109	
24.4372	41.5729	-2.4129	0.0	0.6109	
24.4372	41.5729	-2.4129	0.0	0.6109	
24.4372	41.5729	-2.4129	0.0	0.6109	
24.4372	41.5729	-2.4129	0.0	0.6109	
24.4372	41.5729	-2.4129	0.0	0.6109	
24.4372	41.5729	-2.4129	0.0	0.6109	
24.4372	41.5729	-2.4129	0.0	0.6109	
24.4372	41.5729	-2.4129	0.0	0.6109	
24.4372	41.5729	-2.4129	0.0	0.6109	
24.4372	41.5729	-2.4129	0.0	0.6109	
24.4372	41.5729	-2.4129	0.0	0.6109	
24.4372	41.5729	-2.4129	0.0	0.6109	
24.4372	41.5729	-2.4129	0.0	0.6109	
24.4372	41.5729	-2.4129	0.0	0.6109	
24.4372	41.5729	-2.4129	0.0	0.6109	
24.4372	41.5729	-2.4129	0.0	0.6109	
24.4372	41.5729	-2.4129	0.0	0.6109	
24.4301	41.5438	-2.4061	0.3	0.6021	
24.4157	41.4855	-2.3927	0.6	0.5934	
24.3946	41.398	-2.3728	0.9	0.5847	
24.3677	41.2811	-2.3467	1.2	0.576	
24.3366	41.1343	-2.3145	1.5	0.5672	
24.3034	40.9574	-2.2763	1.8	0.5585	
24.2709	40.7499	-2.2324	2.1	0.5498	
24.242	40.5117	-2.183	2.4	0.5411	
24.2205	40.2426	-2.1282	2.7	0.5323	
24.2111	39.9649	-2.0726	2.7778	0.5236	
24.2171	39.6872	-2.0171	2.7778	0.5236	
24.2386	39.4103	-1.9615	2.7778	0.5236	
24.2754	39.1349	-1.9059	2.7778	0.5236	
24.3274	38.8621	-1.8504	2.7778	0.5236	
24.3945	38.5925	-1.7948	2.7778	0.5236	
24.4765	38.3271	-1.7393	2.7778	0.5236	
24.5731	38.0667	-1.6837	2.7778	0.5236	
24.684	37.812	-1.6282	2.7778	0.5236	
24.8089	37.5639	-1.5726	2.7778	0.5236	
24.9473	37.3231	-1.5171	2.7778	0.5236	
25.0807	37.1143	-1.4683	2.4778	0.5149	
25.2053	36.9356	-1.426	2.1778	0.5061	
25.3177	36.7852	-1.3902	1.8778	0.4974	
25.4156	36.6615	-1.3606	1.5778	0.4887	
25.497	36.563	-1.3369	1.2778	0.48	
25.5603	36.4885	-1.3192	0.9778	0.4712	
25.6047	36.4373	-1.3071	0.6778	0.4625	
25.6296	36.4088	-1.3005	0.3778	0.4538	
25.6347	36.4029	-1.2991	0.0778	0.4451	
25.6347	36.4029	-1.2991	0.0	0.4363	
25.6347	36.4029	-1.2991	0.0	0.4363	
25.6347	36.4029	-1.2991	0.0	0.4363	
25.6347	36.4029	-1.2991	0.0	0.4363	
25.6347	36.4029	-1.2991	0.0	0.4363	
25.6347	36.4029	-1.2991	0.0	0.4363	
25.6347	36.4029	-1.2991	0.0	0.4363	
25.6347	36.4029	-1.2991	0.0	0.4363	
25.6347	36.4029	-1.2991	0.0	0.4363	
25.6347	36.4029	-1.2991	0.0	0.4363	
25.6347	36.4029	-1.2991	0.0	0.4363	
25.6347	36.4029	-1.2991	0.0	0.4451	
25.6347	36.4029	-1.2991	0.0	0.4538	
25.6347	36.4029	-1.2991	0.0	0.4625	
25.6347	36.4029	-1.2991	0.0	0.4712	
25.6347	36.4029	-1.2991	0.0	0.48	
25.6347	36.4029	-1.2991	0.0	0.4887	
25.6347	36.4029	-1.2991	0.0	0.4974	
25.6347	36.4029	-1.2991	0.0	0.5061	
25.6347	36.4029	-1.2991	0.0	0.5149	
25.6347	36.4029	-1.2991	0.0	0.5236	
25.649	36.3889	-1.2951	0.2	0.5236	
25.6776	36.3611	-1.2871	0.4	0.5236	
25.721	36.3196	-1.2751	0.6	0.5236	
25.7794	36.2649	-1.2591	0.8	0.5236	
25.8536	36.1978	-1.2391	1.0	0.5236	
25.9441	36.1191	-1.2151	1.2	0.5236	
26.052	36.0298	-1.1871	1.4	0.5236	
26.178	35.9313	-1.1551	1.6	0.5236	
26.3233	35.825	-1.1191	1.8	0.5236	
26.4889	35.7128	-1.0791	2.0	0.5236	
26.7013	35.581	-1.0291	2.5	0.5236	
26.9443	35.4465	-0.9736	2.7778	0.5236	
27.1944	35.3257	-0.918	2.7778	0.5236	
27.4509	35.2189	-0.8625	2.7778	0.5236	
27.7129	35.1266	-0.8069	2.7778	0.5236	
27.9796	35.0489	-0.7514	2.7778	0.5236	
28.2502	34.9862	-0.6958	2.7778	0.5236	
28.5239	34.9386	-0.6402	2.7778	0.5236	
28.7997	34.9063	-0.5847	2.7778	0.5236	
29.077	34.8893	-0.5291	2.7778	0.5236	
29.3448	34.8878	-0.4756	2.6778	0.5236	
29.6023	34.9002	-0.424	2.5778	0.5236	
29.8488	34.9248	-0.3745	2.4778	0.5236	
30.0839	34.9602	-0.3269	2.3778	0.5236	
30.3073	35.0047	-0.2814	2.2778	0.5236	
30.5188	35.0569	-0.2378	2.1778	0.5236	
30.7181	35.1155	-0.1962	2.0778	0.5236	
30.9054	35.1791	-0.1567	1.9778	0.5236	
31.0807	35.2465	-0.1191	1.8778	0.5236	
31.2441	35.3164	-0.0836	1.7778	0.5236	
31.3778	35.3794	-0.054	1.4778	0.5236	
31.4828	35.4327	-0.0305	1.1778	0.5236	
31.5601	35.4742	-0.0129	0.8778	0.5236	
31.6105	35.5025	-0.0014	0.5778	0.5236	
31.6346	35.5163	0.0042	0.2778	0.5236	
31.6346	35.5163	0.0042	0.0	0.5236	
31.6346	35.5163	0.0042	0.0	0.5236	
31.6346	35.5163	0.0042	0.0	0.5236	
31.6346	35.5163	0.0042	0.0	0.5236	
31.6346	35.5163	0.0042	0.0	0.5236	
31.6346	35.5163	0.0042	0.0	0.5236	
31.6346	35.5163	0.0042	0.0	0.5236	
31.6346	35.5163	0.0042	0.0	0.5236	
31.6346	35.5163	0.0042	0.0	0.5236	
31.6346	35.5163	0.0042	0.0	0.5236	
31.6346	35.5163	0.0042	0.0	0.5236	
31.6346	35.5163	0.0042	0.0	0.5236	
31.6346	35.5163	0.0042	0.0	0.5236	
31.6346	35.5163	0.0042	0.0	0.5236	
31.6346	35.5163	0.0042	0.0	0.5236	
31.6346	35.5163	0.0042	0.0	0.5236	
31.6346	35.5163	0.0042	0.0	0.5236	
31.6346	35.5163	0.0042	0.0	0.5236	
31.6346	35.5163	0.0042	0.0	0.5236	
31.6346	35.5163	0.0042	0.0	0.5236	
31.6346	35.5163	0.0042	0.0	0.5236	
31.6346	35.5163	0.0042	0.0	0.5236	
31.6346	35.5163	0.0042	0.0	0.5236	
31.6346	35.5163	0.0042	0.0	0.5236	
31.6346	35.5163	0.0042	0.0	0.5236	
31.6346	35.5163	0.0042	0.0	0.5149	
31.6346	35.5163	0.0042	0.0	0.5061	
31.6346	35.5163	0.0042	0.0	0.4974	
31.6346	35.5163	0.0042	0.0	0.4887	
31.6346	35.5163	0.0042	0.0	0.48	
31.6346	35.5163	0.0042	0.0	0.4712	
31.6346	35.5163	0.0042	0.0	0.4625	
31.6346	35.5163	0.0042	0.0	0.4538	
31.6346	35.5163	0.0042	0.0	0.4451	
31.6346	35.5163	0.0042	0.0	0.4363	
31.6346	35.5163	0.0042	0.0	0.4363	
31.6346	35.5163	0.0042	0.0	0.4363	
31.6346	35.5163	0.0042	0.0	0.4363	
31.6346	35.5163	0.0042	0.0	0.4363	
31.6346	35.5163	0.0042	0.0	0.4363	
31.6346	35.5163	0.0042	0.0	0.4363	
31.6346	35.5163	0.0042	0.0	0.4363	
31.6346	35.5163	0.0042	0.0	0.4363	
31.6346	35.5163	0.0042	0.0	0.4363	
31.6346	35.5163	0.0042	0.0	0.4363	
31.6346	35.5163	0.0042	0.0	0.4276	
31.6346	35.5163	0.0042	0.0	0.4189	
31.6346	35.5163	0.0042	0.0	0.4102	
31.6346	35.5163	0.0042	0.0	0.4014	
31.6346	35.5163	0.0042	0.0	0.3927	
31.6346	35.5163	0.0042	0.0	0.384	
31.6346	35.5163	0.0042	0.0	0.3752	
31.6346	35.5163	0.0042	0.0	0.3665	
31.6346	35.5163	0.0042	0.0	0.3578	
31.6346	35.5163	0.0042	0.0	0.3491	
31.6534	35.5232	0.0069	0.2	0.3491	
31.6909	35.5372	0.0124	0.4	0.3491	
31.747	35.5584	0.0206	0.6	0.3491	
31.8216	35.5873	0.0316	0.8	0.3491	
31.9144	35.6244	0.0452	1.0	0.3491	
32.0252	35.6705	0.0617	1.2	0.3491	
32.1536	35.7264	0.0808	1.4	0.3491	
32.299	35.7931	0.1027	1.6	0.3491	
32.461	35.8717	0.1273	1.8	0.3491	
32.6387	35.9634	0.1547	2.0	0.3491	
32.8566	36.086	0.1897	2.5	0.3578	
33.0925	36.2327	0.2295	2.7778	0.3665	
33.321	36.3906	0.2703	2.7778	0.3752	
33.5414	36.5596	0.3119	2.7778	0.384	
33.7531	36.7396	0.3544	2.7778	0.3927	
33.9552	36.9301	0.3978	2.7778	0.4014	
34.1471	37.1309	0.4421	2.7778	0.4102	
34.3282	37.3416	0.4873	2.7778	0.4189	
34.4976	37.5617	0.5334	2.7778	0.4276	
34.6547	37.7908	0.5803	2.7778	0.4363	
34.8008	38.027	0.6273	2.7778	0.4363	
34.9357	38.2698	0.6743	2.7778	0.4363	
35.0591	38.5187	0.7212	2.7778	0.4363	
35.1707	38.7731	0.7682	2.7778	0.4363	
35.2701	39.0325	0.8151	2.7778	0.4363	
35.3574	39.2962	0.8621	2.7778	0.4363	
35.4321	39.5637	0.909	2.7778	0.4363	
35.4942	39.8345	0.956	2.7778	0.4363	
35.5435	40.1078	1.003	2.7778	0.4363	
35.5799	40.3832	1.0499	2.7778	0.4363	
35.6034	40.66	1.0969	2.7778	0.4363	
35.6138	40.9376	1.1438	2.7778	0.4363	
35.6112	41.2154	1.1908	2.7778	0.4363	
35.5956	41.4927	1.2377	2.7778	0.4363	
35.5669	41.769	1.2847	2.7778	0.4363	
35.5253	42.0436	1.3317	2.7778	0.4363	
35.4709	42.316	1.3786	2.7778	0.4363	
35.4038	42.5856	1.4256	2.7778	0.4363	
35.324	42.8517	1.4725	2.7778	0.4363	
35.2319	43.1137	1.5195	2.7778	0.4363	
35.1426	43.3341	1.5597	2.3778	0.4363	
35.061	43.5143	1.5931	1.9778	0.4363	
34.9912	43.6557	1.6198	1.5778	0.4363	
34.9362	43.7599	1.6397	1.1778	0.4363	
34.8986	43.828	1.6529	0.7778	0.4363	
34.8799	43.8608	1.6592	0.3778	0.4363	
34.8799	43.8608	1.6592	0.0	0.4363	
34.8799	43.8608	1.6592	0.0	0.4363	
34.8799	43.8608	1.6592	0.0	0.4363	
34.8799	43.8608	1.6592	0.0	0.4363	
34.8799	43.8608	1.6592	0.0	0.4451	
34.8799	43.8608	1.6592	0.0	0.4538	
34.8799	43.8608	1.6592	0.0	0.4625	
34.8799	43.8608	1.6592	0.0	0.4712	
34.8799	43.8608	1.6592	0.0	0.48	
34.8799	43.8608	1.6592	0.0	0.4887	
34.8799	43.8608	1.6592	0.0	0.4974	
34.8799	43.8608	1.6592	0.0	0.5061	
34.8799	43.8608	1.6592	0.0	0.5149	
34.8799	43.8608	1.6592	0.0	0.5236	
-1
36.9995	47.9422	-1.571	0.5778	-0.0087	
36.9979	47.8545	-1.5716	0.8778	-0.0175	
36.9948	47.7367	-1.5728	1.1778	-0.0262	
36.9893	47.589	-1.5749	1.4778	-0.0349	
36.9808	47.4115	-1.578	1.7778	-0.0436	
36.9685	47.2041	-1.5824	2.0778	-0.0524	
36.9512	46.9669	-1.5882	2.3778	-0.0611	
36.9279	46.7002	-1.5956	2.6778	-0.0698	
36.8992	46.4239	-1.6044	2.7778	-0.0785	
36.8657	46.1481	-1.614	2.7778	-0.0873	
36.8272	45.873	-1.6247	2.7778	-0.096	
36.7833	45.5987	-1.6363	2.7778	-0.1047	
36.7339	45.3254	-1.6489	2.7778	-0.1134	
36.6786	45.0532	-1.6624	2.7778	-0.1222	
36.6173	44.7822	-1.6769	2.7778	-0.1309	
36.5497	44.5128	-1.6924	2.7778	-0.1396	
36.4756	44.2451	-1.7088	2.7778	-0.1484	
36.3949	43.9793	-1.7262	2.7778	-0.1571	
36.3072	43.7157	-1.7445	2.7778	-0.1658	
36.2124	43.4546	-1.7638	2.7778	-0.1745	
36.1287	43.2428	-1.7804	2.2778	-0.1833	
36.0592	43.0792	-1.794	1.7778	-0.192	
36.0066	42.9627	-1.8042	1.2778	-0.2007	
35.9733	42.8924	-1.8107	0.7778	-0.2094	
35.961	42.8675	-1.8131	0.2778	-0.2182	
35.961	42.8675	-1.8131	0.0	-0.2269	
35.961	42.8675	-1.8131	0.0	-0.2356	
35.961	42.8675	-1.8131	0.0	-0.2443	
35.961	42.8675	-1.8131	0.0	-0.2531	
35.961	42.8675	-1.8131	0.0	-0.2618	
35.961	42.8675	-1.8131	0.0	-0.2531	
35.961	42.8675	-1.8131	0.0	-0.2443	
35.961	42.8675	-1.8131	0.0	-0.2356	
35.961	42.8675	-1.8131	0.0	-0.2269	
35.961	42.8675	-1.8131	0.0	-0.2182	
35.961	42.8675	-1.8131	0.0	-0.2094	
35.961	42.8675	-1.8131	0.0	-0.2007	
35.961	42.8675	-1.8131	0.0	-0.192	
35.961	42.8675	-1.8131	0.0	-0.1833	
35.961	42.8675	-1.8131	0.0	-0.1745	
35.9451	42.8308	-1.8157	0.4	-0.1658	
35.9138	42.7572	-1.8207	0.8	-0.1571	
35.8673	42.6466	-1.8278	1.2	-0.1484	
35.8055	42.499	-1.8367	1.6	-0.1396	
35.7282	42.3145	-1.8472	2.0	-0.1309	
35.635	42.0933	-1.8589	2.4	-0.1222	
35.5265	41.8376	-1.8714	2.7778	-0.1134	
35.417	41.5824	-1.883	2.7778	-0.1047	
35.3067	41.3274	-1.8937	2.7778	-0.096	
35.1959	41.0727	-1.9034	2.7778	-0.0873	
35.1031	40.8647	-1.9113	2.2778	-0.0873	
35.0293	40.7029	-1.9175	1.7778	-0.0873	
34.9756	40.587	-1.922	1.2778	-0.0873	
34.9426	40.5166	-1.9247	0.7778	-0.0873	
34.9307	40.4915	-1.9257	0.2778	-0.0873	
34.9307	40.4915	-1.9257	0.0	-0.0873	
34.9307	40.4915	-1.9257	0.0	-0.0873	
34.9307	40.4915	-1.9257	0.0	-0.0873	
34.9307	40.4915	-1.9257	0.0	-0.0873	
34.9307	40.4915	-1.9257	0.0	-0.0873	
34.9133	40.4555	-1.9272	0.4	-0.096	
34.8777	40.3838	-1.9305	0.8	-0.1047	
34.823	40.277	-1.936	1.2	-0.1134	
34.7481	40.1356	-1.9438	1.6	-0.1222	
34.6515	39.9605	-1.9542	2.0	-0.1309	
34.5316	39.7526	-1.9676	2.4	-0.1396	
34.3876	39.515	-1.984	2.7778	-0.1484	
34.2376	39.2812	-2.0014	2.7778	-0.1571	
34.0816	39.0514	-2.0197	2.7778	-0.1658	
33.9194	38.8259	-2.039	2.7778	-0.1745	
33.7529	38.6035	-2.0583	2.7778	-0.1745	
33.5822	38.3844	-2.0776	2.7778	-0.1745	
33.4072	38.1687	-2.0969	2.7778	-0.1745	
33.2281	37.9563	-2.1162	2.7778	-0.1745	
33.045	37.7475	-2.1355	2.7778	-0.1745	
32.8579	37.5422	-2.1548	2.7778	-0.1745	
32.6668	37.3406	-2.1741	2.7778	-0.1745	
32.4719	37.1427	-2.1934	2.7778	-0.1745	
32.2732	36.9486	-2.2127	2.7778	-0.1745	
32.0708	36.7583	-2.2319	2.7778	-0.1745	
31.9031	36.6041	-2.247	2.2778	-0.1658	
31.7716	36.4845	-2.2581	1.7778	-0.1571	
31.6768	36.3988	-2.2657	1.2778	-0.1484	
31.6192	36.3466	-2.27	0.7778	-0.1396	
31.5987	36.3279	-2.2714	0.2778	-0.1309	
31.5987	36.3279	-2.2714	0.0	-0.1222	
31.5987	36.3279	-2.2714	0.0	-0.1134	
31.5987	36.3279	-2.2714	0.0	-0.1047	
31.5987	36.3279	-2.2714	0.0	-0.096	
31.5987	36.3279	-2.2714	0.0	-0.0873	
31.5703	36.2996	-2.2728	0.4	-0.0873	
31.5135	36.2433	-2.2756	0.8	-0.0873	
31.4281	36.159	-2.2798	1.2	-0.0873	
31.3137	36.0471	-2.2854	1.6	-0.0873	
31.17	35.908	-2.2924	2.0	-0.0873	
30.9964	35.7424	-2.3007	2.4	-0.0873	
30.7938	35.5523	-2.3104	2.7778	-0.0873	
30.5894	35.3642	-2.3201	2.7778	-0.0873	
30.3832	35.1781	-2.3298	2.7778	-0.0873	
30.1752	34.994	-2.3395	2.7778	-0.0873	
29.9654	34.8119	-2.3491	2.7778	-0.0873	
29.7539	34.6318	-2.3588	2.7778	-0.0873	
29.5406	34.4538	-2.3685	2.7778	-0.0873	
29.3257	34.2779	-2.3782	2.7778	-0.0873	
29.109	34.1041	-2.3879	2.7778	-0.0873	
28.8907	33.9324	-2.3976	2.7778	-0.0873	
28.6707	33.7628	-2.4072	2.7778	-0.0873	
28.449	33.5953	-2.4169	2.7778	-0.0873	
28.2258	33.43	-2.4266	2.7778	-0.0873	
28.001	33.2669	-2.4363	2.7778	-0.0873	
27.7746	33.1059	-2.446	2.7778	-0.0873	
27.5466	32.9472	-2.4557	2.7778	-0.0873	
27.3172	32.7906	-2.4654	2.7778	-0.0873	
27.0862	32.6363	-2.475	2.7778	-0.0873	
26.8537	32.4843	-2.4847	2.7778	-0.0873	
26.6198	32.3344	-2.4944	2.7778	-0.0873	
26.3845	32.1869	-2.5041	2.7778	-0.0873	
26.1477	32.0417	-2.5138	2.7778	-0.0873	
25.9095	31.8987	-2.5235	2.7778	-0.0873	
25.67	31.7581	-2.5331	2.7778	-0.0873	
25.4724	31.6447	-2.5411	2.2778	-0.0873	
25.3176	31.5574	-2.5473	1.7778	-0.0873	
25.2059	31.4953	-2.5517	1.2778	-0.0873	
25.1377	31.4579	-2.5544	0.7778	-0.0873	
25.1133	31.4446	-2.5554	0.2778	-0.0873	
25.1133	31.4446	-2.5554	0.0	-0.0873	
25.1133	31.4446	-2.5554	0.0	-0.0873	
25.1133	31.4446	-2.5554	0.0	-0.0873	
25.1133	31.4446	-2.5554	0.0	-0.0873	
25.1133	31.4446	-2.5554	0.0	-0.0873	
25.087	31.4302	-2.5565	0.3	-0.0873	
25.0343	31.4015	-2.5586	0.6	-0.0873	
24.9551	31.3587	-2.5617	0.9	-0.0873	
24.8494	31.302	-2.5659	1.2	-0.0873	
24.7169	31.2316	-2.5711	1.5	-0.0873	
24.5575	31.148	-2.5774	1.8	-0.0873	
24.3709	31.0516	-2.5847	2.1	-0.0873	
24.1569	30.9429	-2.5931	2.4	-0.0873	
23.9151	30.8228	-2.6025	2.7	-0.0873	
23.6652	30.7015	-2.6122	2.7778	-0.0873	
23.4132	30.5848	-2.6228	2.7778	-0.096	
23.1589	30.4731	-2.6344	2.7778	-0.1047	
22.9023	30.3665	-2.647	2.7778	-0.1134	
22.6436	30.2654	-2.6605	2.7778	-0.1222	
22.3827	30.1701	-2.675	2.7778	-0.1309	
22.1196	30.0809	-2.6905	2.7778	-0.1396	
21.8545	29.9981	-2.7069	2.7778	-0.1484	
21.5873	29.922	-2.7243	2.7778	-0.1571	
21.3183	29.8529	-2.7427	2.7778	-0.1658	
21.0475	29.7911	-2.7619	2.7778	-0.1745	
20.775	29.7369	-2.7822	2.7778	-0.1833	
20.5011	29.6906	-2.8034	2.7778	-0.192	
20.226	29.6525	-2.8256	2.7778	-0.2007	
19.9498	29.623	-2.8487	2.7778	-0.2094	
19.6728	29.6022	-2.8727	2.7778	-0.2182	
19.3952	29.5905	-2.8977	2.7778	-0.2269	
19.1175	29.5882	-2.9236	2.7778	-0.2356	
18.8398	29.5956	-2.9505	2.7778	-0.2443	
18.5625	29.6128	-2.9783	2.7778	-0.2531	
18.2861	29.6401	-3.0071	2.7778	-0.2618	
18.0202	29.6718	-3.0339	2.6778	-0.2531	
17.7648	29.7069	-3.0589	2.5778	-0.2443	
17.5199	29.7446	-3.082	2.4778	-0.2356	
17.2855	29.7842	-3.1034	2.3778	-0.2269	
17.0614	29.825	-3.1231	2.2778	-0.2182	
16.8476	29.8663	-3.1412	2.1778	-0.2094	
16.644	29.9077	3.1254	2.0778	-0.2007	
16.4504	29.9486	3.1103	1.9778	-0.192	
16.267	29.9885	3.0966	1.8778	-0.1833	
16.0935	30.0273	3.0843	1.7778	-0.1745	
15.8908	30.0732	3.0705	2.0778	-0.1658	
15.6592	30.127	3.0557	2.3778	-0.1571	
15.3988	30.1892	3.0398	2.6778	-0.1484	
15.129	30.2556	3.0244	2.7778	-0.1396	
14.8598	30.3238	3.0099	2.7778	-0.1309	
14.5909	30.3936	2.9963	2.7778	-0.1222	
14.3224	30.4646	2.9838	2.7778	-0.1134	
14.0541	30.5367	2.9721	2.7778	-0.1047	
13.786	30.6096	2.9615	2.7778	-0.096	
13.5181	30.683	2.9518	2.7778	-0.0873	
13.2516	30.7613	2.9412	2.7778	-0.096	
12.9867	30.8447	2.9295	2.7778	-0.1047	
12.7235	30.9336	2.917	2.7778	-0.1134	
12.4622	31.028	2.9034	2.7778	-0.1222	
12.2032	31.1282	2.8889	2.7778	-0.1309	
11.9465	31.2344	2.8735	2.7778	-0.1396	
11.6925	31.3468	2.857	2.7778	-0.1484	
11.4413	31.4655	2.8396	2.7778	-0.1571	
11.1934	31.5907	2.8213	2.7778	-0.1658	
10.9489	31.7227	2.802	2.7778	-0.1745	
10.7409	31.8378	2.7863	2.3778	-0.1658	
10.5685	31.9347	2.7739	1.9778	-0.1571	
10.4313	32.0126	2.7646	1.5778	-0.1484	
10.3289	32.0708	2.7581	1.1778	-0.1396	
10.2612	32.109	2.754	0.7778	-0.1309	
10.2282	32.1275	2.7522	0.3778	-0.1222	
10.2282	32.1275	2.7522	0.0	-0.1134	
10.2282	32.1275	2.7522	0.0	-0.1047	
10.2282	32.1275	2.7522	0.0	-0.096	
10.2282	32.1275	2.7522	0.0	-0.0873	
10.2282	32.1275	2.7522	0.0	-0.0785	
10.2282	32.1275	2.7522	0.0	-0.0698	
10.2282	32.1275	2.7522	0.0	-0.0611	
10.2282	32.1275	2.7522	0.0	-0.0524	
10.2282	32.1275	2.7522	0.0	-0.0436	
10.2282	32.1275	2.7522	0.0	-0.0349	
10.2282	32.1275	2.7522	0.0	-0.0262	
10.2282	32.1275	2.7522	0.0	-0.0175	
10.2282	32.1275	2.7522	0.0	-0.0087	
10.2282	32.1275	2.7522	0.0	0.0	
10.2004	32.1388	2.7522	0.3	0.0	
10.1449	32.1616	2.7522	0.6	0.0	
10.0617	32.1958	2.7522	0.9	0.0	
9.9506	32.2414	2.7522	1.2	0.0	
9.8119	32.2983	2.7522	1.5	0.0	
9.6454	32.3667	2.7522	1.8	0.0	
9.4511	32.4464	2.7522	2.1	0.0	
9.229	32.5375	2.7522	2.4	0.0	
8.9793	32.64	2.7522	2.7	0.0	
8.7223	32.7455	2.7522	2.7778	0.0	
8.4662	32.8532	2.7512	2.7778	-0.0087	
8.2112	32.9634	2.7492	2.7778	-0.0175	
7.9574	33.0762	2.7463	2.7778	-0.0262	
7.705	33.1921	2.7425	2.7778	-0.0349	
7.454	33.3111	2.7376	2.7778	-0.0436	
7.2046	33.4335	2.7318	2.7778	-0.0524	
6.9571	33.5595	2.725	2.7778	-0.0611	
6.7115	33.6894	2.7173	2.7778	-0.0698	
6.4681	33.8232	2.7085	2.7778	-0.0785	
6.2271	33.9613	2.6989	2.7778	-0.0873	
5.9862	34.0997	2.6901	2.7778	-0.0785	
5.7453	34.238	2.6824	2.7778	-0.0698	
5.5043	34.3761	2.6756	2.7778	-0.0611	
5.263	34.5137	2.6698	2.7778	-0.0524	
5.0213	34.6506	2.6649	2.7778	-0.0436	
4.7791	34.7866	2.6611	2.7778	-0.0349	
4.5362	34.9214	2.6582	2.7778	-0.0262	
4.2926	35.0548	2.6562	2.7778	-0.0175	
4.048	35.1865	2.6553	2.7778	-0.0087	
32	36	3.1416	2.7778	0.0	
31.7422	35.9978	-3.1407	2.5778	0.0087	
31.5045	35.9934	-3.139	2.3778	0.0175	
31.2868	35.9871	-3.1368	2.1778	0.0262	
31.0892	35.9793	-3.134	1.9778	0.0349	
30.9116	35.9702	-3.1309	1.7778	0.0436	
30.7542	35.9602	-3.1276	1.5778	0.0524	
30.6168	35.9499	-3.1242	1.3778	0.0611	
30.4995	35.9396	-3.1209	1.1778	0.0698	
30.4022	35.9299	-3.1179	0.9778	0.0785	
30.3249	35.9213	-3.1152	0.7778	0.0873	
30.2675	35.9148	-3.1131	0.5778	0.0873	
30.2299	35.9104	-3.1118	0.3778	0.0873	
30.2123	35.9083	-3.1112	0.1778	0.0873	
30.2123	35.9083	-3.1112	0.0	0.0873	
30.2123	35.9083	-3.1112	0.0	0.0873	
30.2123	35.9083	-3.1112	0.0	0.0873	
30.2123	35.9083	-3.1112	0.0	0.0873	
30.2123	35.9083	-3.1112	0.0	0.0873	
30.2123	35.9083	-3.1112	0.0	0.0873	
30.2123	35.9083	-3.1112	0.0	0.0873	
30.2123	35.9083	-3.1112	0.0	0.096	
30.2123	35.9083	-3.1112	0.0	0.1047	
30.2123	35.9083	-3.1112	0.0	0.1134	
30.2123	35.9083	-3.1112	0.0	0.1222	
30.2123	35.9083	-3.1112	0.0	0.1309	
30.2123	35.9083	-3.1112	0.0	0.1396	
30.2123	35.9083	-3.1112	0.0	0.1484	
30.2123	35.9083	-3.1112	0.0	0.1571	
30.2123	35.9083	-3.1112	0.0	0.1658	
30.2123	35.9083	-3.1112	0.0	0.1745	
30.2123	35.9083	-3.1112	0.0	0.1658	
30.2123	35.9083	-3.1112	0.0	0.1571	
30.2123	35.9083	-3.1112	0.0	0.1484	
30.2123	35.9083	-3.1112	0.0	0.1396	
30.2123	35.9083	-3.1112	0.0	0.1309	
30.2123	35.9083	-3.1112	0.0	0.1222	
30.2123	35.9083	-3.1112	0.0	0.1134	
30.2123	35.9083	-3.1112	0.0	0.1047	
30.2123	35.9083	-3.1112	0.0	0.096	
30.2123	35.9083	-3.1112	0.0	0.0873	
30.1626	35.9025	-3.1095	0.5	0.0873	
30.0633	35.8906	-3.106	1.0	0.0873	
29.9145	35.8722	-3.1007	1.5	0.0873	
29.7161	35.8466	-3.0938	2.0	0.0873	
29.4684	35.813	-3.0851	2.5	0.0873	
29.1935	35.7731	-3.0754	2.7778	0.0873	
28.919	35.7307	-3.0657	2.7778	0.0873	
28.6449	35.6856	-3.056	2.7778	0.0873	
28.3712	35.6378	-3.0463	2.7778	0.0873	
28.0981	35.5874	-3.0366	2.7778	0.0873	
27.8254	35.5343	-3.027	2.7778	0.0873	
27.5533	35.4786	-3.0173	2.7778	0.0873	
27.2817	35.4202	-3.0076	2.7778	0.0873	
27.0107	35.3593	-2.9979	2.7778	0.0873	
26.7403	35.2957	-2.9882	2.7778	0.0873	
26.4705	35.2295	-2.9785	2.7778	0.0873	
26.2014	35.1607	-2.9689	2.7778	0.0873	
25.9329	35.0893	-2.9592	2.7778	0.0873	
25.6652	35.0153	-2.9495	2.7778	0.0873	
25.3982	34.9387	-2.9398	2.7778	0.0873	
25.1319	34.8595	-2.9301	2.7778	0.0873	
24.8665	34.7777	-2.9204	2.7778	0.0873	
24.6018	34.6934	-2.9107	2.7778	0.0873	
24.338	34.6065	-2.9011	2.7778	0.0873	
24.075	34.5171	-2.8914	2.7778	0.0873	
23.8129	34.4251	-2.8817	2.7778	0.0873	
23.5517	34.3306	-2.872	2.7778	0.0873	
23.2914	34.2336	-2.8623	2.7778	0.0873	
23.0321	34.134	-2.8526	2.7778	0.0873	
22.7737	34.032	-2.843	2.7778	0.0873	
22.5173	33.9252	-2.8323	2.7778	0.096	
22.263	33.8134	-2.8207	2.7778	0.1047	
22.011	33.6965	-2.8081	2.7778	0.1134	
21.7615	33.5743	-2.7946	2.7778	0.1222	
21.5149	33.4465	-2.7801	2.7778	0.1309	
21.2713	33.3131	-2.7646	2.7778	0.1396	
21.0309	33.1738	-2.7482	2.7778	0.1484	
20.7942	33.0285	-2.7308	2.7778	0.1571	
20.5613	32.877	-2.7125	2.7778	0.1658	
20.3327	32.7194	-2.6932	2.7778	0.1745	
20.1056	32.5593	-2.6748	2.7778	0.1658	
19.8802	32.397	-2.6575	2.7778	0.1571	
19.6561	32.2328	-2.641	2.7778	0.1484	
19.4334	32.0669	-2.6256	2.7778	0.1396	
19.2117	31.8994	-2.6111	2.7778	0.1309	
18.991	31.7307	-2.5975	2.7778	0.1222	
18.7712	31.561	-2.5849	2.7778	0.1134	
18.552	31.3903	-2.5733	2.7778	0.1047	
18.3333	31.2191	-2.5627	2.7778	0.096	
18.1149	31.0474	-2.553	2.7778	0.0873	
17.9045	30.8818	-2.5446	2.6778	0.0785	
17.7019	30.7223	-2.5374	2.5778	0.0698	
17.507	30.5694	-2.5313	2.4778	0.0611	
17.3195	30.4231	-2.5264	2.3778	0.0524	
17.1394	30.2837	-2.5224	2.2778	0.0436	
16.9666	30.1511	-2.5194	2.1778	0.0349	
16.801	30.0257	-2.5172	2.0778	0.0262	
16.6426	29.9073	-2.5158	1.9778	0.0175	
16.4914	29.7959	-2.5151	1.8778	0.0087	
16.3473	29.6917	-2.5151	1.7778	0.0	
16.2114	29.5934	-2.5151	1.6778	0.0	
16.0836	29.5009	-2.5151	1.5778	0.0	
15.9639	29.4142	-2.5151	1.4778	0.0	
15.8523	29.3334	-2.5151	1.3778	0.0	
15.7488	29.2585	-2.5151	1.2778	0.0	
15.6533	29.1895	-2.5151	1.1778	0.0	
15.566	29.1263	-2.5151	1.0778	0.0	
15.4868	29.069	-2.5151	0.9778	0.0	
15.4157	29.0175	-2.5151	0.8778	0.0	
15.3527	28.9719	-2.5151	0.7778	0.0	
15.2812	28.9211	-2.5155	0.8778	-0.0087	
15.2009	28.8652	-2.5161	0.9778	-0.0175	
15.1119	28.8044	-2.5173	1.0778	-0.0262	
15.014	28.7389	-2.5189	1.1778	-0.0349	
14.9071	28.669	-2.5211	1.2778	-0.0436	
14.7909	28.5948	-2.524	1.3778	-0.0524	
14.6655	28.5168	-2.5276	1.4778	-0.0611	
14.5305	28.4351	-2.532	1.5778	-0.0698	
14.3858	28.3501	-2.5373	1.6778	-0.0785	
14.2313	28.2623	-2.5435	1.7778	-0.0873	
14.1193	28.2008	-2.5484	1.2778	-0.096	
14.0506	28.1643	-2.5516	0.7778	-0.1047	
14.0259	28.1515	-2.5529	0.2778	-0.1134	
14.0259	28.1515	-2.5529	0.0	-0.1222	
14.0259	28.1515	-2.5529	0.0	-0.1309	
14.0259	28.1515	-2.5529	0.0	-0.1396	
14.0259	28.1515	-2.5529	0.0	-0.1484	
14.0259	28.1515	-2.5529	0.0	-0.1571	
14.0259	28.1515	-2.5529	0.0	-0.1658	
14.0259	28.1515	-2.5529	0.0	-0.1745	
13.9893	28.1354	-2.5557	0.4	-0.1745	
13.916	28.1034	-2.5612	0.8	-0.1745	
13.8057	28.0561	-2.5696	1.2	-0.1745	
13.6582	27.9941	-2.5807	1.6	-0.1745	
13.4729	27.9188	-2.5946	2.0	-0.1745	
13.2494	27.8314	-2.6112	2.4	-0.1745	
12.989	27.7347	-2.6305	2.7778	-0.1745	
12.7268	27.6429	-2.6498	2.7778	-0.1745	
12.4629	27.5563	-2.6691	2.7778	-0.1745	
12.1973	27.4747	-2.6884	2.7778	-0.1745	
11.9296	27.4007	-2.7087	2.7778	-0.1833	
11.6599	27.3344	-2.7299	2.7778	-0.192	
11.3882	27.2762	-2.752	2.7778	-0.2007	
11.115	27.2265	-2.7751	2.7778	-0.2094	
10.8402	27.1854	-2.7992	2.7778	-0.2182	
10.5643	27.1534	-2.8242	2.7778	-0.2269	
10.2875	27.1307	-2.8501	2.7778	-0.2356	
10.01	27.1176	-2.877	2.7778	-0.2443	
9.7322	27.1144	-2.9048	2.7778	-0.2531	
9.4545	27.1214	-2.9336	2.7778	-0.2618	
9.1772	27.1363	-2.9623	2.7778	-0.2618	
8.9003	27.1592	-2.9911	2.7778	-0.2618	
8.6243	27.19	-3.0198	2.7778	-0.2618	
8.3492	27.2288	-3.0486	2.7778	-0.2618	
8.0754	27.2755	-3.0774	2.7778	-0.2618	
7.803	27.33	-3.1061	2.7778	-0.2618	
7.5323	27.3923	-3.1349	2.7778	-0.2618	
7.2635	27.4624	3.1196	2.7778	-0.2618	
6.9969	27.5402	3.0908	2.7778	-0.2618	
6.7325	27.6256	3.062	2.7778	-0.2618	
-1
68.002	40.77	-1.57	2.3	0.0087	
68.0058	40.56	-1.5685	2.1	0.0175	
68.0112	40.3701	-1.5665	1.9	0.0262	
68.0179	40.2003	-1.5642	1.7	0.0349	
68.0254	40.0504	-1.5615	1.5	0.0436	
68.0334	39.9207	-1.5588	1.3	0.0524	
68.0415	39.811	-1.5561	1.1	0.0611	
68.0491	39.7213	-1.5536	0.9	0.0698	
68.0558	39.6516	-1.5514	0.7	0.0785	
68.0611	39.6019	-1.5497	0.5	0.0873	
68.0643	39.5721	-1.5486	0.3	0.0873	
68.0654	39.5621	-1.5483	0.1	0.0873	
68.0654	39.5621	-1.5483	0.0	0.0873	
68.0654	39.5621	-1.5483	0.0	0.0873	
68.0654	39.5621	-1.5483	0.0	0.0873	
68.0654	39.5621	-1.5483	0.0	0.0873	
68.0654	39.5621	-1.5483	0.0	0.0873	
68.0654	39.5621	-1.5483	0.0	0.0873	
68.0654	39.5621	-1.5483	0.0	0.0873	
68.0654	39.5621	-1.5483	0.0	0.0873	
68.0709	39.5124	-1.5466	0.5	0.0873	
68.082	39.4131	-1.5431	1.0	0.0873	
68.0992	39.2641	-1.5378	1.5	0.0873	
68.1232	39.0655	-1.5309	2.0	0.0873	
68.1549	38.8175	-1.5221	2.5	0.0873	
68.1926	38.5423	-1.5125	2.7778	0.0873	
68.2329	38.2675	-1.5028	2.7778	0.0873	
68.2758	37.993	-1.4931	2.7778	0.0873	
68.3214	37.719	-1.4834	2.7778	0.0873	
68.3697	37.4455	-1.4737	2.7778	0.0873	
68.4115	37.2216	-1.4658	2.2778	0.0873	
68.4454	37.047	-1.4596	1.7778	0.0873	
68.4706	36.9218	-1.4551	1.2778	0.0873	
68.4863	36.8456	-1.4524	0.7778	0.0873	
68.492	36.8184	-1.4515	0.2778	0.0873	
68.492	36.8184	-1.4515	0.0	0.0873	
68.492	36.8184	-1.4515	0.0	0.0873	
68.492	36.8184	-1.4515	0.0	0.0873	
68.492	36.8184	-1.4515	0.0	0.0873	
68.492	36.8184	-1.4515	0.0	0.0873	
68.492	36.8184	-1.4515	0.0	0.0785	
68.492	36.8184	-1.4515	0.0	0.0698	
68.492	36.8184	-1.4515	0.0	0.0611	
68.492	36.8184	-1.4515	0.0	0.0524	
68.492	36.8184	-1.4515	0.0	0.0436	
68.492	36.8184	-1.4515	0.0	0.0349	
68.492	36.8184	-1.4515	0.0	0.0262	
68.492	36.8184	-1.4515	0.0	0.0175	
68.492	36.8184	-1.4515	0.0	0.0087	
68.492	36.8184	-1.4515	0.0	0.0	
68.4944	36.7985	-1.4515	0.2	0.0	
68.4991	36.7588	-1.4515	0.4	0.0	
68.5063	36.6993	-1.4515	0.6	0.0	
68.5158	36.6198	-1.4515	0.8	0.0	
68.5277	36.5205	-1.4515	1.0	0.0	
68.542	36.4014	-1.4515	1.2	0.0	
68.5587	36.2624	-1.4515	1.4	0.0	
68.5777	36.1035	-1.4515	1.6	0.0	
68.5991	35.9248	-1.4515	1.8	0.0	
68.6229	35.7262	-1.4515	2.0	0.0	
68.651	35.508	-1.4507	2.2	0.0087	
68.684	35.2703	-1.449	2.4	0.0175	
68.7223	35.0131	-1.4463	2.6	0.0262	
68.7664	34.7389	-1.4424	2.7778	0.0349	
68.8139	34.4652	-1.4376	2.7778	0.0436	
68.8652	34.1922	-1.4317	2.7778	0.0524	
68.9204	33.92	-1.425	2.7778	0.0611	
68.9798	33.6486	-1.4172	2.7778	0.0698	
69.0437	33.3783	-1.4085	2.7778	0.0785	
69.1124	33.1091	-1.3988	2.7778	0.0873	
69.1787	32.8497	-1.3904	2.6778	0.0785	
69.2426	32.5999	-1.3832	2.5778	0.0698	
69.3035	32.3598	-1.3772	2.4778	0.0611	
69.3614	32.1292	-1.3722	2.3778	0.0524	
69.4161	31.908	-1.3682	2.2778	0.0436	
69.4673	31.6964	-1.3652	2.1778	0.0349	
69.5151	31.4942	-1.363	2.0778	0.0262	
69.5592	31.3014	-1.3616	1.9778	0.0175	
69.5998	31.118	-1.361	1.8778	0.0087	
69.6368	30.9442	-1.361	1.7778	0.0	
69.6718	30.7801	-1.361	1.6778	0.0	
69.7047	30.6257	-1.361	1.5778	0.0	
69.7354	30.4812	-1.361	1.4778	0.0	
69.7641	30.3465	-1.361	1.3778	0.0	
69.7908	30.2215	-1.361	1.2778	0.0	
69.8153	30.1063	-1.361	1.1778	0.0	
69.8377	30.0009	-1.361	1.0778	0.0	
69.8581	29.9052	-1.361	0.9778	0.0	
69.8764	29.8194	-1.361	0.8778	0.0	
69.8926	29.7433	-1.361	0.7778	0.0	
69.8986	29.7162	-1.3609	0.2778	0.0087	
69.8986	29.7162	-1.3609	0.0	0.0175	
69.8986	29.7162	-1.3609	0.0	0.0262	
69.8986	29.7162	-1.3609	0.0	0.0349	
69.8986	29.7162	-1.3609	0.0	0.0436	
69.8986	29.7162	-1.3609	0.0	0.0524	
69.8986	29.7162	-1.3609	0.0	0.0611	
69.8986	29.7162	-1.3609	0.0	0.0698	
69.8986	29.7162	-1.3609	0.0	0.0785	
69.8986	29.7162	-1.3609	0.0	0.0873	
69.9107	29.6781	-1.3593	0.4	0.096	
69.9355	29.602	-1.356	0.8	0.1047	
69.9742	29.4884	-1.3506	1.2	0.1134	
70.0279	29.3377	-1.3428	1.6	0.1222	
70.0982	29.1505	-1.3323	2.0	0.1309	
70.1868	28.9274	-1.319	2.4	0.1396	
70.295	28.6716	-1.3025	2.7778	0.1484	
70.4096	28.4186	-1.2851	2.7778	0.1571	
70.5308	28.1686	-1.2668	2.7778	0.1658	
70.6587	27.922	-1.2475	2.7778	0.1745	
70.7892	27.6768	-1.2292	2.7778	0.1658	
70.9221	27.4329	-1.2118	2.7778	0.1571	
71.0571	27.1901	-1.1954	2.7778	0.1484	
71.1939	26.9484	-1.1799	2.7778	0.1396	
71.3323	26.7075	-1.1654	2.7778	0.1309	
71.4722	26.4675	-1.1519	2.7778	0.1222	
71.6132	26.2282	-1.1393	2.7778	0.1134	
71.7551	25.9894	-1.1277	2.7778	0.1047	
71.8977	25.751	-1.117	2.7778	0.096	
72.0408	25.5129	-1.1073	2.7778	0.0873	
72.1861	25.2762	-1.0977	2.7778	0.0873	
72.3338	25.0409	-1.088	2.7778	0.0873	
72.4837	24.8071	-1.0783	2.7778	0.0873	
72.6359	24.5747	-1.0686	2.7778	0.0873	
72.7903	24.3438	-1.0589	2.7778	0.0873	
72.947	24.1144	-1.0492	2.7778	0.0873	
73.1058	23.8865	-1.0395	2.7778	0.0873	
73.2669	23.6602	-1.0299	2.7778	0.0873	
73.4301	23.4355	-1.0202	2.7778	0.0873	
73.5955	23.2123	-1.0105	2.7778	0.0873	
73.7329	23.0307	-1.0026	2.2778	0.0873	
73.8413	22.8897	-0.9964	1.7778	0.0873	
73.9198	22.7889	-0.9919	1.2778	0.0873	
73.9679	22.7278	-0.9892	0.7778	0.0873	
73.9851	22.706	-0.9882	0.2778	0.0873	
73.9851	22.706	-0.9882	0.0	0.0873	
73.9851	22.706	-0.9882	0.0	0.0873	
73.9851	22.706	-0.9882	0.0	0.0873	
73.9851	22.706	-0.9882	0.0	0.0873	
73.9851	22.706	-0.9882	0.0	0.0873	
73.9851	22.706	-0.9882	0.0	0.096	
73.9851	22.706	-0.9882	0.0	0.1047	
73.9851	22.706	-0.9882	0.0	0.1134	
73.9851	22.706	-0.9882	0.0	0.1222	
73.9851	22.706	-0.9882	0.0	0.1309	
73.9851	22.706	-0.9882	0.0	0.1396	
73.9851	22.706	-0.9882	0.0	0.1484	
73.9851	22.706	-0.9882	0.0	0.1571	
73.9851	22.706	-0.9882	0.0	0.1658	
73.9851	22.706	-0.9882	0.0	0.1745	
74.0059	22.6843	-0.986	0.3	0.1833	
74.048	22.6416	-0.9815	0.6	0.192	
74.1119	22.5782	-0.9743	0.9	0.2007	
74.1985	22.4951	-0.9643	1.2	0.2094	
74.3086	22.3933	-0.9513	1.5	0.2182	
74.4434	22.274	-0.9351	1.8	0.2269	
74.6041	22.1388	-0.9155	2.1	0.2356	
74.7921	21.9896	-0.8923	2.4	0.2443	
75.0087	21.8285	-0.8652	2.7	0.2531	
75.2375	21.6708	-0.8365	2.7778	0.2618	
75.4635	21.5273	-0.8079	2.6778	0.2705	
75.6861	21.3973	-0.7794	2.5778	0.2793	
75.9045	21.2803	-0.7513	2.4778	0.288	
76.1182	21.1759	-0.7235	2.3778	0.2967	
76.3263	21.0834	-0.6961	2.2778	0.3054	
76.5284	21.0023	-0.6692	2.1778	0.3142	
76.7239	20.9318	-0.6428	2.0778	0.3229	
76.9121	20.8712	-0.617	1.9778	0.3316	
77.0928	20.8199	-0.592	1.8778	0.3403	
77.2653	20.7771	-0.5676	1.7778	0.3491	
77.4093	20.7438	-0.5479	1.4778	0.3403	
77.5243	20.7186	-0.5326	1.1778	0.3316	
77.6102	20.7003	-0.5214	0.8778	0.3229	
77.6667	20.6884	-0.5143	0.5778	0.3142	
77.6939	20.6826	-0.511	0.2778	0.3054	
77.6939	20.6826	-0.511	0.0	0.2967	
77.6939	20.6826	-0.511	0.0	0.288	
77.6939	20.6826	-0.511	0.0	0.2793	
77.6939	20.6826	-0.511	0.0	0.2705	
77.6939	20.6826	-0.511	0.0	0.2618	
77.6939	20.6826	-0.511	0.0	0.2618	
77.6939	20.6826	-0.511	0.0	0.2618	
77.6939	20.6826	-0.511	0.0	0.2618	
77.6939	20.6826	-0.511	0.0	0.2618	
77.6939	20.6826	-0.511	0.0	0.2618	
77.6939	20.6826	-0.511	0.0	0.2618	
77.6939	20.6826	-0.511	0.0	0.2618	
77.6939	20.6826	-0.511	0.0	0.2618	
77.6939	20.6826	-0.511	0.0	0.2618	
77.6939	20.6826	-0.511	0.0	0.2618	
77.7133	20.6777	-0.5089	0.2	0.2618	
77.7521	20.6679	-0.5047	0.4	0.2618	
77.8103	20.6535	-0.4985	0.6	0.2618	
77.8881	20.6347	-0.4902	0.8	0.2618	
77.9855	20.6121	-0.4799	1.0	0.2618	
78.1026	20.5861	-0.4675	1.2	0.2618	
78.2397	20.5575	-0.453	1.4	0.2618	
78.3968	20.5271	-0.4364	1.6	0.2618	
78.574	20.4959	-0.4178	1.8	0.2618	
78.7716	20.4648	-0.3971	2.0	0.2618	
78.9498	20.439	-0.379	1.8	0.2531	
79.1083	20.4175	-0.3636	1.6	0.2443	
79.2472	20.3996	-0.3505	1.4	0.2356	
79.3662	20.3848	-0.3397	1.2	0.2269	
79.4655	20.3727	-0.331	1.0	0.2182	
79.5449	20.363	-0.3244	0.8	0.2094	
79.6045	20.3556	-0.3196	0.6	0.2007	
79.6441	20.3505	-0.3165	0.4	0.192	
79.664	20.3478	-0.3151	0.2	0.1833	
79.664	20.3478	-0.3151	0.0	0.1745	
79.664	20.3478	-0.3151	0.0	0.1833	
79.664	20.3478	-0.3151	0.0	0.192	
79.664	20.3478	-0.3151	0.0	0.2007	
79.664	20.3478	-0.3151	0.0	0.2094	
79.664	20.3478	-0.3151	0.0	0.2182	
79.664	20.3478	-0.3151	0.0	0.2269	
79.664	20.3478	-0.3151	0.0	0.2356	
79.664	20.3478	-0.3151	0.0	0.2443	
79.664	20.3478	-0.3151	0.0	0.2531	
79.664	20.3478	-0.3151	0.0	0.2618	
79.7139	20.3452	-0.3099	0.5	0.2618	
79.8138	20.3404	-0.2996	1.0	0.2618	
79.9637	20.3347	-0.284	1.5	0.2618	
80.1636	20.3303	-0.2633	2.0	0.2618	
80.4136	20.3299	-0.2374	2.5	0.2618	
80.6913	20.3366	-0.2087	2.7778	0.2618	
80.9687	20.3514	-0.1799	2.7778	0.2618	
81.2455	20.3741	-0.1512	2.7778	0.2618	
81.5216	20.4048	-0.1224	2.7778	0.2618	
81.7967	20.4434	-0.0936	2.7778	0.2618	
82.0706	20.4899	-0.0649	2.7778	0.2618	
82.343	20.5442	-0.0361	2.7778	0.2618	
82.6137	20.6064	-0.0074	2.7778	0.2618	
82.8825	20.6763	0.0214	2.7778	0.2618	
83.1493	20.7539	0.0501	2.7778	0.2618	
83.4136	20.8391	0.0789	2.7778	0.2618	
83.6754	20.932	0.1077	2.7778	0.2618	
83.9345	21.0323	0.1364	2.7778	0.2618	
84.1905	21.14	0.1652	2.7778	0.2618	
84.4434	21.255	0.1939	2.7778	0.2618	
84.6578	21.3578	0.2177	2.3778	0.2531	
84.8348	21.446	0.2369	1.9778	0.2443	
84.9753	21.5178	0.2516	1.5778	0.2356	
85.0799	21.572	0.2622	1.1778	0.2269	
85.1488	21.6079	0.2689	0.7778	0.2182	
85.1824	21.6253	0.2721	0.3778	0.2094	
85.1824	21.6253	0.2721	0.0	0.2007	
85.1824	21.6253	0.2721	0.0	0.192	
85.1824	21.6253	0.2721	0.0	0.1833	
85.1824	21.6253	0.2721	0.0	0.1745	
85.1914	21.6296	0.2727	0.1	0.1658	
85.2096	21.6379	0.274	0.2	0.1571	
85.237	21.6502	0.2758	0.3	0.1484	
85.2736	21.6664	0.278	0.4	0.1396	
85.3194	21.6862	0.2806	0.5	0.1309	
85.3746	21.7098	0.2835	0.6	0.1222	
85.4392	21.7368	0.2867	0.7	0.1134	
85.5131	21.7673	0.29	0.8	0.1047	
85.5965	21.8012	0.2935	0.9	0.096	
85.6894	21.8384	0.297	1.0	0.0873	
85.8187	21.892	0.3024	1.4	0.096	
85.984	21.9633	0.3099	1.8	0.1047	
86.1846	22.0536	0.3198	2.2	0.1134	
86.4196	22.1649	0.3325	2.6	0.1222	
86.6681	22.289	0.347	2.7778	0.1309	
86.9136	22.4189	0.3625	2.7778	0.1396	
87.1559	22.5547	0.3789	2.7778	0.1484	
87.3947	22.6966	0.3963	2.7778	0.1571	
87.6298	22.8446	0.4146	2.7778	0.1658	
87.8607	22.999	0.4339	2.7778	0.1745	
88.0818	23.1501	0.4516	2.6778	0.1658	
88.2932	23.2975	0.4677	2.5778	0.1571	
88.4955	23.4407	0.4824	2.4778	0.1484	
88.6887	23.5792	0.4956	2.3778	0.1396	
88.8732	23.7128	0.5075	2.2778	0.1309	
89.0492	23.841	0.5181	2.1778	0.1222	
89.2169	23.9637	0.5275	2.0778	0.1134	
89.3765	24.0806	0.5358	1.9778	0.1047	
89.528	24.1915	0.543	1.8778	0.096	
89.6716	24.2963	0.5492	1.7778	0.0873	
89.7977	24.3911	0.5552	1.5778	0.096	
89.9065	24.4756	0.561	1.3778	0.1047	
89.9985	24.5492	0.5663	1.1778	0.1134	
90.074	24.6113	0.5711	0.9778	0.1222	
90.1334	24.6615	0.5752	0.7778	0.1309	
90.1771	24.6994	0.5784	0.5778	0.1396	
90.2053	24.7245	0.5806	0.3778	0.1484	
90.2184	24.7364	0.5817	0.1778	0.1571	
90.2184	24.7364	0.5817	0.0	0.1658	
90.2184	24.7364	0.5817	0.0	0.1745	
90.2478	24.7636	0.5844	0.4	0.1658	
90.3068	24.8177	0.5894	0.8	0.1571	
90.3956	24.8984	0.5965	1.2	0.1484	
90.5142	25.0058	0.6054	1.6	0.1396	
90.6624	25.1401	0.6158	2.0	0.1309	
90.8399	25.3016	0.6275	2.4	0.1222	
91.0449	25.4891	0.6401	2.7778	0.1134	
91.2491	25.6774	0.6517	2.7778	0.1047	
91.4528	25.8663	0.6624	2.7778	0.096	
91.6561	26.0555	0.672	2.7778	0.0873	
91.8576	26.2467	0.6817	2.7778	0.0873	
92.0572	26.4399	0.6914	2.7778	0.0873	
92.2549	26.635	0.7011	2.7778	0.0873	
92.4507	26.832	0.7108	2.7778	0.0873	
92.6447	27.0309	0.7205	2.7778	0.0873	
92.8366	27.2317	0.7301	2.7778	0.0873	
93.0267	27.4343	0.7398	2.7778	0.0873	
93.2147	27.6387	0.7495	2.7778	0.0873	
93.4008	27.8449	0.7592	2.7778	0.0873	
93.5849	28.053	0.7689	2.7778	0.0873	
93.7669	28.2628	0.7786	2.7778	0.0873	
93.9469	28.4744	0.7883	2.7778	0.0873	
94.1249	28.6877	0.7979	2.7778	0.0873	
94.3007	28.9027	0.8076	2.7778	0.0873	
94.4745	29.1194	0.8173	2.7778	0.0873	
94.6462	29.3378	0.827	2.7778	0.0873	
94.8157	29.5578	0.8367	2.7778	0.0873	
94.9831	29.7795	0.8464	2.7778	0.0873	
95.1484	30.0027	0.856	2.7778	0.0873	
95.3115	30.2276	0.8657	2.7778	0.0873	
95.4434	30.4133	0.8737	2.2778	0.0873	
95.5452	30.559	0.8799	1.7778	0.0873	
95.6178	30.6642	0.8843	1.2778	0.0873	
95.6616	30.7284	0.887	0.7778	0.0873	
95.6772	30.7514	0.888	0.2778	0.0873	
95.6772	30.7514	0.888	0.0	0.0873	
95.6772	30.7514	0.888	0.0	0.0873	
95.6772	30.7514	0.888	0.0	0.0873	
95.6772	30.7514	0.888	0.0	0.0873	
95.6772	30.7514	0.888	0.0	0.0873	
95.7049	30.793	0.8899	0.5	0.096	
95.7594	30.8769	0.8941	1.0	0.1047	
95.8395	31.0037	0.9009	1.5	0.1134	
95.9437	31.1745	0.9106	2.0	0.1222	
50	51	1.5708	2.5	0.1309	
49.9613	51.2751	1.5863	2.7778	0.1396	
49.916	51.5491	1.6027	2.7778	0.1484	
49.8639	51.822	1.6201	2.7778	0.1571	
49.8046	52.0933	1.6384	2.7778	0.1658	
49.738	52.363	1.6577	2.7778	0.1745	
49.676	52.6029	1.6741	2.4778	0.1658	
49.62	52.8134	1.6877	2.1778	0.1571	
49.5707	52.9946	1.6988	1.8778	0.1484	
49.529	53.1467	1.7076	1.5778	0.1396	
49.4952	53.27	1.7142	1.2778	0.1309	
49.4696	53.3643	1.719	0.9778	0.1222	
49.452	53.4298	1.7221	0.6778	0.1134	
49.4425	53.4663	1.7237	0.3778	0.1047	
49.4405	53.4739	1.724	0.0778	0.096	
49.4405	53.4739	1.724	0.0	0.0873	
49.4405	53.4739	1.724	0.0	0.0873	
49.4405	53.4739	1.724	0.0	0.0873	
49.4405	53.4739	1.724	0.0	0.0873	
49.4405	53.4739	1.724	0.0	0.0873	
49.4405	53.4739	1.724	0.0	0.0873	
49.4405	53.4739	1.724	0.0	0.0873	
49.4405	53.4739	1.724	0.0	0.0873	
49.4405	53.4739	1.724	0.0	0.0873	
49.4405	53.4739	1.724	0.0	0.0873	
49.4405	53.4739	1.724	0.0	0.0873	
49.4291	53.5225	1.7255	0.5	0.0785	
49.4068	53.62	1.7283	1.0	0.0698	
49.3743	53.7665	1.732	1.5	0.0611	
49.3319	53.9619	1.7362	2.0	0.0524	
49.28	54.2065	1.7405	2.5	0.0436	
49.2236	54.4785	1.7444	2.7778	0.0349	
49.1684	54.7507	1.7473	2.7778	0.0262	
49.1149	55.0233	1.7492	2.7778	0.0175	
49.0632	55.2962	1.7502	2.7778	0.0087	
49.0136	55.5695	1.7502	2.7778	0.0	
48.9641	55.8428	1.7502	2.7778	0.0	
34	46	3.1416	2.7778	0.0	
33.7222	46.0	-3.1416	2.7778	0.0	
33.4444	46.0	-3.1416	2.7778	0.0	
33.1667	46.0	-3.1416	2.7778	0.0	
32.8889	46.0	-3.1416	2.7778	0.0	
32.6111	46.0	-3.1416	2.7778	0.0	
32.3333	46.0	-3.1416	2.7778	0.0	
32.0556	46.0	-3.1416	2.7778	0.0	
31.7778	46.0	-3.1416	2.7778	0.0	
31.5	45.9976	-3.1406	2.7778	0.0087	
31.2223	45.9925	-3.1387	2.7778	0.0175	
30.9446	45.9844	-3.1358	2.7778	0.0262	
30.6671	45.9731	-3.1319	2.7778	0.0349	
30.3897	45.9583	-3.1271	2.7778	0.0436	
30.1125	45.9397	-3.1212	2.7778	0.0524	
29.8357	45.9171	-3.1145	2.7778	0.0611	
29.5592	45.8902	-3.1067	2.7778	0.0698	
29.2832	45.8588	-3.098	2.7778	0.0785	
29.0078	45.8225	-3.0883	2.7778	0.0873	
28.7324	45.786	-3.0796	2.7778	0.0785	
28.4571	45.7495	-3.0718	2.7778	0.0698	
28.1817	45.7132	-3.065	2.7778	0.0611	
27.9062	45.6775	-3.0592	2.7778	0.0524	
27.6306	45.6426	-3.0544	2.7778	0.0436	
27.3549	45.6088	-3.0505	2.7778	0.0349	
27.079	45.5763	-3.0476	2.7778	0.0262	
26.803	45.5454	-3.0457	2.7778	0.0175	
26.5267	45.5164	-3.0447	2.7778	0.0087	
26.2503	45.4895	-3.0447	2.7778	0.0	
-1
54.0013	53.1489	1.5703	1.4889	-0.0087	
54.0042	53.3077	1.5692	1.5889	-0.0175	
54.0089	53.4766	1.5674	1.6889	-0.0262	
54.0157	53.6553	1.5649	1.7889	-0.0349	
54.0251	53.844	1.5616	1.8889	-0.0436	
54.0373	54.0425	1.5574	1.9889	-0.0524	
54.0528	54.2508	1.5523	2.0889	-0.0611	
54.0721	54.4688	1.5462	2.1889	-0.0698	
54.0957	54.6965	1.5391	2.2889	-0.0785	
54.124	54.9337	1.5307	2.3889	-0.0873	
54.1488	55.1411	1.5242	2.0889	-0.0785	
54.1695	55.3188	1.5192	1.7889	-0.0698	
54.1863	55.4668	1.5155	1.4889	-0.0611	
54.1991	55.585	1.5131	1.1889	-0.0524	
54.2081	55.6734	1.5115	0.8889	-0.0436	
54.2136	55.732	1.5107	0.5889	-0.0349	
54.2161	55.7608	1.5104	0.2889	-0.0262	
54.2161	55.7608	1.5104	0.0	-0.0175	
54.2161	55.7608	1.5104	0.0	-0.0087	
54.2161	55.7608	1.5104	0.0	0.0	
54.2161	55.7608	1.5104	0.0	0.0087	
54.2161	55.7608	1.5104	0.0	0.0175	
54.2161	55.7608	1.5104	0.0	0.0262	
54.2161	55.7608	1.5104	0.0	0.0349	
54.2161	55.7608	1.5104	0.0	0.0436	
54.2161	55.7608	1.5104	0.0	0.0524	
54.2161	55.7608	1.5104	0.0	0.0611	
54.2161	55.7608	1.5104	0.0	0.0698	
54.2161	55.7608	1.5104	0.0	0.0785	
54.2161	55.7608	1.5104	0.0	0.0873	
54.2159	55.7708	1.5107	0.1	0.0785	
54.2157	55.7908	1.5112	0.2	0.0698	
54.2157	55.8208	1.512	0.3	0.0611	
54.2159	55.8608	1.5128	0.4	0.0524	
54.2166	55.9108	1.5137	0.5	0.0436	
54.218	55.9708	1.5145	0.6	0.0349	
70	29	1.5708	0.7	0.0262	
69.9986	29.08	1.5714	0.8	0.0175	
69.9978	29.17	1.5717	0.9	0.0087	
69.9977	29.27	1.5717	1.0	0.0	
69.9969	29.35	1.5719	0.8	0.0087	
69.9958	29.41	1.5724	0.6	0.0175	
69.9947	29.45	1.5728	0.4	0.0262	
69.9939	29.4699	1.5731	0.2	0.0349	
69.9939	29.4699	1.5731	0.0	0.0436	
69.9939	29.4699	1.5731	0.0	0.0524	
69.9939	29.4699	1.5731	0.0	0.0611	
69.9939	29.4699	1.5731	0.0	0.0698	
69.9939	29.4699	1.5731	0.0	0.0785	
69.9939	29.4699	1.5731	0.0	0.0873	
69.9939	29.4699	1.5731	0.0	0.096	
69.9939	29.4699	1.5731	0.0	0.1047	
69.9939	29.4699	1.5731	0.0	0.1134	
69.9939	29.4699	1.5731	0.0	0.1222	
69.9939	29.4699	1.5731	0.0	0.1309	
69.9939	29.4699	1.5731	0.0	0.1396	
69.9939	29.4699	1.5731	0.0	0.1484	
69.9939	29.4699	1.5731	0.0	0.1571	
69.9939	29.4699	1.5731	0.0	0.1658	
69.9939	29.4699	1.5731	0.0	0.1745	
69.9856	29.5192	1.5764	0.5	0.1658	
69.9694	29.6179	1.5826	1.0	0.1571	
69.9455	29.766	1.5915	1.5	0.1484	
69.9135	29.9634	1.6026	2.0	0.1396	
69.873	30.2101	1.6157	2.5	0.1309	
69.8268	30.484	1.6292	2.7778	0.1222	
69.7793	30.7577	1.6418	2.7778	0.1134	
69.7308	31.0312	1.6534	2.7778	0.1047	
69.6814	31.3046	1.6641	2.7778	0.096	
69.6316	31.5778	1.6737	2.7778	0.0873	
69.5767	31.8501	1.6844	2.7778	0.096	
69.5165	32.1213	1.696	2.7778	0.1047	
69.4508	32.3912	1.7086	2.7778	0.1134	
69.3794	32.6597	1.7221	2.7778	0.1222	
69.3021	32.9265	1.7366	2.7778	0.1309	
69.2185	33.1914	1.7521	2.7778	0.1396	
69.1286	33.4542	1.7685	2.7778	0.1484	
69.0321	33.7147	1.7859	2.7778	0.1571	
68.9288	33.9726	1.8042	2.7778	0.1658	
68.8186	34.2275	1.8235	2.7778	0.1745	
68.7035	34.4803	1.8428	2.7778	0.1745	
68.5836	34.7309	1.8621	2.7778	0.1745	
68.4588	34.9791	1.8814	2.7778	0.1745	
68.3292	35.2248	1.9007	2.7778	0.1745	
68.195	35.468	1.92	2.7778	0.1745	
68.0561	35.7085	1.9393	2.7778	0.1745	
67.9125	35.9463	1.9586	2.7778	0.1745	
67.7644	36.1813	1.9779	2.7778	0.1745	
67.6118	36.4134	1.9972	2.7778	0.1745	
67.4548	36.6425	2.0165	2.7778	0.1745	
67.3108	36.8442	2.0337	2.4778	0.1745	
67.1811	37.0192	2.0488	2.1778	0.1745	
67.0671	37.1684	2.0619	1.8778	0.1745	
66.9697	37.2925	2.0728	1.5778	0.1745	
66.8897	37.3921	2.0817	1.2778	0.1745	
66.8278	37.4678	2.0885	0.9778	0.1745	
66.7845	37.52	2.0932	0.6778	0.1745	
66.7603	37.549	2.0958	0.3778	0.1745	
66.7553	37.5549	2.0964	0.0778	0.1745	
66.7553	37.5549	2.0964	0.0	0.1745	
66.7553	37.5549	2.0964	0.0	0.1833	
66.7553	37.5549	2.0964	0.0	0.192	
66.7553	37.5549	2.0964	0.0	0.2007	
66.7553	37.5549	2.0964	0.0	0.2094	
66.7553	37.5549	2.0964	0.0	0.2182	
66.7553	37.5549	2.0964	0.0	0.2269	
66.7553	37.5549	2.0964	0.0	0.2356	
66.7553	37.5549	2.0964	0.0	0.2443	
66.7553	37.5549	2.0964	0.0	0.2531	
66.7553	37.5549	2.0964	0.0	0.2618	
66.7553	37.5549	2.0964	0.0	0.2531	
66.7553	37.5549	2.0964	0.0	0.2443	
66.7553	37.5549	2.0964	0.0	0.2356	
66.7553	37.5549	2.0964	0.0	0.2269	
66.7553	37.5549	2.0964	0.0	0.2182	
66.7553	37.5549	2.0964	0.0	0.2094	
66.7553	37.5549	2.0964	0.0	0.2007	
66.7553	37.5549	2.0964	0.0	0.192	
66.7553	37.5549	2.0964	0.0	0.1833	
66.7553	37.5549	2.0964	0.0	0.1745	
66.7423	37.5701	2.0978	0.2	0.1833	
66.7159	37.6002	2.1009	0.4	0.192	
66.6759	37.6449	2.1056	0.6	0.2007	
66.6217	37.7037	2.1123	0.8	0.2094	
66.5528	37.7762	2.121	1.0	0.2182	
66.4687	37.8618	2.1318	1.2	0.2269	
66.3686	37.9597	2.1448	1.4	0.2356	
66.2518	38.069	2.1603	1.6	0.2443	
66.1174	38.1888	2.1783	1.8	0.2531	
65.9646	38.3179	2.199	2.0	0.2618	
65.8014	38.45	2.2208	2.1	0.2618	
65.6275	38.5847	2.2436	2.2	0.2618	
65.4425	38.7214	2.2674	2.3	0.2618	
65.2461	38.8594	2.2922	2.4	0.2618	
65.0381	38.998	2.3181	2.5	0.2618	
64.818	39.1364	2.345	2.6	0.2618	
64.5857	39.274	2.373	2.7	0.2618	
64.3428	39.4089	2.4017	2.7778	0.2618	
64.0962	39.5367	2.4305	2.7778	0.2618	
63.846	39.6573	2.4592	2.7778	0.2618	
63.5934	39.7729	2.4871	2.7778	0.2531	
63.3387	39.8837	2.5139	2.7778	0.2443	
63.082	39.9898	2.5399	2.7778	0.2356	
62.8235	40.0915	2.5649	2.7778	0.2269	
62.5634	40.189	2.5889	2.7778	0.2182	
62.3018	40.2825	2.612	2.7778	0.2094	
62.0389	40.3722	2.6342	2.7778	0.2007	
61.7748	40.4584	2.6554	2.7778	0.192	
61.5097	40.5412	2.6756	2.7778	0.1833	
61.2436	40.621	2.6949	2.7778	0.1745	
60.9761	40.6957	2.7142	2.7778	0.1745	
60.7071	40.7652	2.7335	2.7778	0.1745	
60.4369	40.8295	2.7528	2.7778	0.1745	
60.1655	40.8885	2.7721	2.7778	0.1745	
59.893	40.9424	2.7914	2.7778	0.1745	
59.6195	40.9909	2.8107	2.7778	0.1745	
59.3451	41.0342	2.83	2.7778	0.1745	
59.0699	41.0721	2.8493	2.7778	0.1745	
58.794	41.1048	2.8686	2.7778	0.1745	
58.5176	41.1321	2.8879	2.7778	0.1745	
58.2405	41.1516	2.9081	2.7778	0.1833	
57.963	41.1631	2.9293	2.7778	0.192	
57.6852	41.1664	2.9515	2.7778	0.2007	
57.4075	41.161	2.9746	2.7778	0.2094	
57.1301	41.1468	2.9986	2.7778	0.2182	
56.8533	41.1235	3.0236	2.7778	0.2269	
56.5774	41.0909	3.0496	2.7778	0.2356	
56.3029	41.0488	3.0764	2.7778	0.2443	
56.03	40.9969	3.1043	2.7778	0.2531	
55.7592	40.935	3.133	2.7778	0.2618	
55.4903	40.8655	-3.1214	2.7778	0.2618	
55.2234	40.7882	-3.0927	2.7778	0.2618	
54.959	40.7032	-3.0639	2.7778	0.2618	
54.697	40.6107	-3.0351	2.7778	0.2618	
54.4379	40.5107	-3.0064	2.7778	0.2618	
54.1817	40.4033	-2.9776	2.7778	0.2618	
53.9287	40.2886	-2.9489	2.7778	0.2618	
53.6792	40.1667	-2.9201	2.7778	0.2618	
53.4332	40.0376	-2.8914	2.7778	0.2618	
53.191	39.9015	-2.8626	2.7778	0.2618	
52.9542	39.7564	-2.8329	2.7778	0.2705	
52.723	39.6023	-2.8023	2.7778	0.2793	
52.4981	39.4393	-2.7707	2.7778	0.288	
52.28	39.2673	-2.7382	2.7778	0.2967	
52.0691	39.0865	-2.7048	2.7778	0.3054	
51.866	38.897	-2.6705	2.7778	0.3142	
51.6713	38.6989	-2.6352	2.7778	0.3229	
51.4855	38.4924	-2.5991	2.7778	0.3316	
51.3091	38.2778	-2.562	2.7778	0.3403	
51.1428	38.0554	-2.524	2.7778	0.3491	
51.0117	37.869	-2.4936	2.2778	0.3403	
50.9127	37.7214	-2.4704	1.7778	0.3316	
50.843	37.6143	-2.4542	1.2778	0.3229	
50.8011	37.5488	-2.4446	0.7778	0.3142	
50.7861	37.5254	-2.4412	0.2778	0.3054	
50.7861	37.5254	-2.4412	0.0	0.2967	
50.7861	37.5254	-2.4412	0.0	0.288	
50.7861	37.5254	-2.4412	0.0	0.2793	
50.7861	37.5254	-2.4412	0.0	0.2705	
50.7861	37.5254	-2.4412	0.0	0.2618	
50.7572	37.4846	-2.4362	0.5	0.2531	
50.699	37.4033	-2.4265	1.0	0.2443	
50.6118	37.2812	-2.4125	1.5	0.2356	
50.4965	37.1178	-2.3945	2.0	0.2269	
50.3541	36.9123	-2.3729	2.5	0.2182	
50.199	36.6819	-2.3498	2.7778	0.2094	
50.0472	36.4493	-2.3276	2.7778	0.2007	
49.8985	36.2147	-2.3064	2.7778	0.192	
49.7527	35.9782	-2.2862	2.7778	0.1833	
49.6097	35.7401	-2.2669	2.7778	0.1745	
49.4912	35.5339	-2.2504	2.3778	0.1745	
49.3955	35.3608	-2.2366	1.9778	0.1745	
49.3211	35.2217	-2.2257	1.5778	0.1745	
49.2666	35.1173	-2.2175	1.1778	0.1745	
49.2313	35.048	-2.2121	0.7778	0.1745	
49.2143	35.0143	-2.2095	0.3778	0.1745	
49.2143	35.0143	-2.2095	0.0	0.1745	
49.2143	35.0143	-2.2095	0.0	0.1745	
49.2143	35.0143	-2.2095	0.0	0.1745	
49.2143	35.0143	-2.2095	0.0	0.1745	
49.1919	34.9695	-2.206	0.5	0.1745	
49.1474	34.88	-2.1991	1.0	0.1745	
49.0817	34.7451	-2.1886	1.5	0.1745	
48.9959	34.5645	-2.1748	2.0	0.1745	
48.8918	34.3372	-2.1574	2.5	0.1745	
48.7806	34.0826	-2.1381	2.7778	0.1745	
48.6742	33.826	-2.1188	2.7778	0.1745	
48.5729	33.5674	-2.0995	2.7778	0.1745	
48.4766	33.3069	-2.0802	2.7778	0.1745	
48.3853	33.0445	-2.0609	2.7778	0.1745	
48.3104	32.8083	-2.0429	2.4778	0.1833	
48.2502	32.599	-2.0262	2.1778	0.192	
48.2029	32.4173	-2.0113	1.8778	0.2007	
48.1668	32.2637	-1.9981	1.5778	0.2094	
48.1402	32.1387	-1.9871	1.2778	0.2182	
48.1218	32.0427	-1.9783	0.9778	0.2269	
48.1102	31.9759	-1.9719	0.6778	0.2356	
48.1043	31.9386	-1.9683	0.3778	0.2443	
48.1032	31.9309	-1.9675	0.0778	0.2531	
48.1032	31.9309	-1.9675	0.0	0.2618	
48.0992	31.9012	-1.9644	0.3	0.2618	
48.0913	31.8417	-1.9582	0.6	0.2618	
48.08	31.7524	-1.9489	0.9	0.2618	
48.0661	31.6332	-1.9365	1.2	0.2618	
48.0506	31.484	-1.9209	1.5	0.2618	
48.0347	31.3047	-1.9023	1.8	0.2618	
48.0201	31.0952	-1.8805	2.1	0.2618	
48.0086	30.8555	-1.8557	2.4	0.2618	
48.0023	30.5856	-1.8278	2.7	0.2618	
48.0037	30.3078	-1.799	2.7778	0.2618	
48.013	30.0302	-1.7702	2.7778	0.2618	
48.0303	29.7529	-1.7415	2.7778	0.2618	
48.0556	29.4763	-1.7127	2.7778	0.2618	
48.0888	29.2005	-1.684	2.7778	0.2618	
48.1299	28.9258	-1.6552	2.7778	0.2618	
48.179	28.6524	-1.6264	2.7778	0.2618	
48.2358	28.3805	-1.5977	2.7778	0.2618	
48.3005	28.1104	-1.5689	2.7778	0.2618	
48.3729	27.8422	-1.5402	2.7778	0.2618	
48.4529	27.5762	-1.5114	2.7778	0.2618	
48.5406	27.3126	-1.4827	2.7778	0.2618	
48.6359	27.0517	-1.4539	2.7778	0.2618	
48.7386	26.7936	-1.4251	2.7778	0.2618	
48.8486	26.5385	-1.3964	2.7778	0.2618	
48.966	26.2868	-1.3676	2.7778	0.2618	
49.0905	26.0385	-1.3389	2.7778	0.2618	
49.2222	25.7939	-1.3101	2.7778	0.2618	
49.3608	25.5532	-1.2814	2.7778	0.2618	
49.5063	25.3165	-1.2526	2.7778	0.2618	
49.6585	25.0842	-1.2238	2.7778	0.2618	
49.8194	24.8577	-1.1941	2.7778	0.2705	
49.9888	24.6376	-1.1635	2.7778	0.2793	
50.1667	24.4243	-1.132	2.7778	0.288	
50.3531	24.2183	-1.0995	2.7778	0.2967	
50.5478	24.0202	-1.0661	2.7778	0.3054	
50.7507	23.8305	-1.0317	2.7778	0.3142	
50.9616	23.6496	-0.9965	2.7778	0.3229	
51.1802	23.4783	-0.9603	2.7778	0.3316	
51.4062	23.3169	-0.9232	2.7778	0.3403	
51.6395	23.166	-0.8852	2.7778	0.3491	
51.877	23.022	-0.8481	2.7778	0.3403	
52.1186	22.8849	-0.8119	2.7778	0.3316	
52.3638	22.7544	-0.7767	2.7778	0.3229	
52.6124	22.6304	-0.7424	2.7778	0.3142	
52.8641	22.5129	-0.7089	2.7778	0.3054	
53.1186	22.4016	-0.6765	2.7778	0.2967	
53.3757	22.2964	-0.6449	2.7778	0.288	
53.6351	22.197	-0.6143	2.7778	0.2793	
53.8966	22.1034	-0.5846	2.7778	0.2705	
54.16	22.0153	-0.5558	2.7778	0.2618	
54.4266	21.9371	-0.5261	2.7778	0.2705	
54.6959	21.8692	-0.4955	2.7778	0.2793	
54.9678	21.812	-0.4639	2.7778	0.288	
55.2417	21.7658	-0.4315	2.7778	0.2967	
55.5172	21.7309	-0.398	2.7778	0.3054	
55.794	21.7076	-0.3637	2.7778	0.3142	
56.0716	21.6962	-0.3285	2.7778	0.3229	
56.3494	21.6971	-0.2923	2.7778	0.3316	
56.6268	21.7105	-0.2552	2.7778	0.3403	
56.9034	21.7365	-0.2172	2.7778	0.3491	
57.1688	21.7717	-0.1806	2.6778	0.3491	
57.4229	21.815	-0.1453	2.5778	0.3491	
57.6656	21.8651	-0.1114	2.4778	0.3491	
57.8967	21.9211	-0.0789	2.3778	0.3491	
58.1162	21.9819	-0.0477	2.2778	0.3491	
58.3242	22.0465	-0.0179	2.1778	0.3491	
58.5207	22.1141	0.0105	2.0778	0.3491	
58.7058	22.1837	0.0376	1.9778	0.3491	
58.8797	22.2545	0.0633	1.8778	0.3491	
59.0426	22.3257	0.0876	1.7778	0.3491	
59.1856	22.3925	0.1092	1.5778	0.3491	
59.3091	22.4534	0.128	1.3778	0.3491	
59.4137	22.5075	0.1441	1.1778	0.3491	
59.4999	22.5538	0.1575	0.9778	0.3491	
59.5679	22.5915	0.1682	0.7778	0.3491	
59.6181	22.6201	0.1761	0.5778	0.3491	
59.6508	22.639	0.1812	0.3778	0.3491	
59.6661	22.648	0.1837	0.1778	0.3491	
59.6661	22.648	0.1837	0.0	0.3491	
59.6661	22.648	0.1837	0.0	0.3491	
59.6661	22.648	0.1837	0.0	0.3578	
59.6661	22.648	0.1837	0.0	0.3665	
59.6661	22.648	0.1837	0.0	0.3752	
59.6661	22.648	0.1837	0.0	0.384	
59.6661	22.648	0.1837	0.0	0.3927	
59.6661	22.648	0.1837	0.0	0.4014	
59.6661	22.648	0.1837	0.0	0.4102	
59.6661	22.648	0.1837	0.0	0.4189	
59.6661	22.648	0.1837	0.0	0.4276	
59.6661	22.648	0.1837	0.0	0.4363	
59.6661	22.648	0.1837	0.0	0.4363	
59.6661	22.648	0.1837	0.0	0.4363	
59.6661	22.648	0.1837	0.0	0.4363	
59.6661	22.648	0.1837	0.0	0.4363	
59.6661	22.648	0.1837	0.0	0.4363	
59.6661	22.648	0.1837	0.0	0.4363	
59.6661	22.648	0.1837	0.0	0.4363	
59.6661	22.648	0.1837	0.0	0.4363	
59.6661	22.648	0.1837	0.0	0.4363	
59.6661	22.648	0.1837	0.0	0.4363	
59.6825	22.6595	0.187	0.2	0.4276	
59.7154	22.6823	0.1935	0.4	0.4189	
59.7648	22.7163	0.2031	0.6	0.4102	
59.8306	22.7618	0.2156	0.8	0.4014	
59.9127	22.8189	0.2309	1.0	0.3927	
60.0107	22.8882	0.2488	1.2	0.384	
60.1243	22.97	0.2694	1.4	0.3752	
60.253	23.065	0.2923	1.6	0.3665	
60.3963	23.1739	0.3175	1.8	0.3578	
60.5535	23.2976	0.3449	2.0	0.3491	
60.7303	23.4447	0.3763	2.3	0.3491	
60.9248	23.6172	0.4119	2.6	0.3491	
61.126	23.8088	0.4499	2.7778	0.3491	
61.3197	24.0078	0.4879	2.7778	0.3491	
61.5058	24.2141	0.5259	2.7778	0.3491	
61.6838	24.4273	0.5639	2.7778	0.3491	
61.8536	24.6471	0.6019	2.7778	0.3491	
62.015	24.8733	0.6399	2.7778	0.3491	
62.1676	25.1053	0.6779	2.7778	0.3491	
62.3114	25.343	0.7159	2.7778	0.3491	
62.4382	25.5674	0.7504	2.5778	0.3403	
62.5499	25.7774	0.7813	2.3778	0.3316	
62.6478	25.9719	0.809	2.1778	0.3229	
62.7335	26.1502	0.8334	1.9778	0.3142	
62.8079	26.3116	0.8548	1.7778	0.3054	
62.8721	26.4557	0.8732	1.5778	0.2967	
62.927	26.5821	0.8889	1.3778	0.288	
62.9731	26.6905	0.9019	1.1778	0.2793	
63.0111	26.7806	0.9123	0.9778	0.2705	
63.0411	26.8523	0.9204	0.7778	0.2618	
63.0662	26.9153	0.9276	0.6778	0.2705	
63.0868	26.9693	0.934	0.5778	0.2793	
63.1031	27.0142	0.9394	0.4778	0.288	
63.1155	27.0498	0.9438	0.3778	0.2967	
63.1243	27.0762	0.9472	0.2778	0.3054	
63.1297	27.0931	0.9494	0.1778	0.3142	
63.132	27.1006	0.9504	0.0778	0.3229	
63.132	27.1006	0.9504	0.0	0.3316	
63.132	27.1006	0.9504	0.0	0.3403	
63.132	27.1006	0.9504	0.0	0.3491	
63.1403	27.1294	0.9544	0.3	0.3403	
63.1572	27.187	0.9622	0.6	0.3316	
63.1825	27.2733	0.9736	0.9	0.3229	
63.2161	27.3885	0.9884	1.2	0.3142	
63.2571	27.5328	1.0065	1.5	0.3054	
63.3047	27.7064	1.0275	1.8	0.2967	
63.3577	27.9096	1.0514	2.1	0.288	
63.4148	28.1427	1.0779	2.4	0.2793	
63.4743	28.4061	1.1067	2.7	0.2705	
63.5301	28.6782	1.1355	2.7778	0.2618	
63.5787	28.9415	1.1623	2.6778	0.2531	
63.6208	29.1959	1.1872	2.5778	0.2443	
63.6573	29.4409	1.2104	2.4778	0.2356	
63.689	29.6766	1.2318	2.3778	0.2269	
63.7164	29.9027	1.2515	2.2778	0.2182	
63.7403	30.1192	1.2696	2.1778	0.2094	
63.7611	30.3259	1.2862	2.0778	0.2007	
63.7794	30.5228	1.3013	1.9778	0.192	
63.7956	30.7099	1.315	1.8778	0.1833	
63.8101	30.8871	1.3273	1.7778	0.1745	
-1
47.0	46.1511	1.5708	1.5111	0.0	
47.0	46.3422	1.5708	1.9111	0.0	
47.0	46.5733	1.5708	2.3111	0.0	
47.0	46.8444	1.5708	2.7111	0.0	
47.0	47.1222	1.5708	2.7778	0.0	
47.0	47.4	1.5708	2.7778	0.0	
47.0	47.6778	1.5708	2.7778	0.0	
47.0	47.9556	1.5708	2.7778	0.0	
47.0	48.2333	1.5708	2.7778	0.0	
47.0	48.5111	1.5708	2.7778	0.0	
46.9978	48.7689	1.5717	2.5778	0.0087	
46.9934	49.0066	1.5734	2.3778	0.0175	
46.9871	49.2243	1.5756	2.1778	0.0262	
46.9793	49.4219	1.5784	1.9778	0.0349	
46.9702	49.5995	1.5815	1.7778	0.0436	
46.9602	49.7569	1.5848	1.5778	0.0524	
46.9499	49.8943	1.5882	1.3778	0.0611	
46.9396	50.0117	1.5915	1.1778	0.0698	
46.9299	50.109	1.5945	0.9778	0.0785	
46.9213	50.1863	1.5972	0.7778	0.0873	
46.9068	50.3132	1.6017	1.2778	0.0873	
46.8859	50.4897	1.6079	1.7778	0.0873	
46.8576	50.7158	1.6158	2.2778	0.0873	
46.821	50.9911	1.6255	2.7778	0.0873	
46.7817	51.2661	1.6352	2.7778	0.0873	
46.7397	51.5407	1.6449	2.7778	0.0873	
46.6951	51.8149	1.6546	2.7778	0.0873	
46.6478	52.0886	1.6642	2.7778	0.0873	
46.5979	52.3618	1.6739	2.7778	0.0873	
46.5453	52.6346	1.6836	2.7778	0.0873	
46.502	52.8582	1.6908	2.2778	0.0785	
46.4685	53.0328	1.6957	1.7778	0.0698	
46.4448	53.1584	1.6988	1.2778	0.0611	
46.4309	53.2349	1.7005	0.7778	0.0524	
46.4261	53.2622	1.701	0.2778	0.0436	
46.4261	53.2622	1.701	0.0	0.0349	
46.4261	53.2622	1.701	0.0	0.0262	
46.4261	53.2622	1.701	0.0	0.0175	
46.4261	53.2622	1.701	0.0	0.0087	
46.4261	53.2622	1.701	0.0	0.0	
46.4192	53.3118	1.7011	0.5	0.0087	
46.4044	53.4107	1.7018	1.0	0.0175	
46.3809	53.5588	1.7034	1.5	0.0262	
46.3476	53.756	1.7062	2.0	0.0349	
46.3031	54.002	1.7106	2.5	0.0436	
46.25	54.2747	1.7164	2.7778	0.0524	
46.193	54.5466	1.7232	2.7778	0.0611	
46.1318	54.8175	1.7309	2.7778	0.0698	
46.0662	55.0874	1.7396	2.7778	0.0785	
45.9958	55.3561	1.7493	2.7778	0.0873	
45.9252	55.6248	1.758	2.7778	0.0785	
45.8546	55.8934	1.7658	2.7778	0.0698	
27	18	3.1416	2.7778	0.0611	
26.7226	17.9855	-3.1358	2.7778	0.0524	
26.4452	17.9717	-3.1309	2.7778	0.0436	
26.1677	17.9591	-3.1271	2.7778	0.0349	
25.8901	17.9478	-3.1241	2.7778	0.0262	
25.6125	17.9381	-3.1222	2.7778	0.0175	
25.3349	17.9303	-3.1212	2.7778	0.0087	
25.0571	17.9246	-3.1212	2.7778	0.0	
24.7894	17.9215	-3.1222	2.6778	-0.0087	
24.5316	17.921	-3.124	2.5778	-0.0175	
24.2838	17.9231	-3.1266	2.4778	-0.0262	
24.0461	17.9278	-3.1299	2.3778	-0.0349	
23.8184	17.9351	-3.1339	2.2778	-0.0436	
23.6009	17.9448	-3.1384	2.1778	-0.0524	
23.3934	17.9569	3.1397	2.0778	-0.0611	
23.1962	17.971	3.1342	1.9778	-0.0698	
23.0091	17.9871	3.1283	1.8778	-0.0785	
22.8322	18.005	3.1221	1.7778	-0.0873	
22.6457	18.0266	3.1149	1.8778	-0.096	
22.4496	18.0526	3.1066	1.9778	-0.1047	
22.2441	18.0833	3.0972	2.0778	-0.1134	
22.0294	18.1194	3.0866	2.1778	-0.1222	
21.8055	18.1615	3.0747	2.2778	-0.1309	
21.5728	18.2102	3.0615	2.3778	-0.1396	
21.3314	18.2664	3.0468	2.4778	-0.1484	
21.0818	18.3306	3.0307	2.5778	-0.1571	
20.8242	18.4038	3.013	2.6778	-0.1658	
20.5591	18.4867	2.9937	2.7778	-0.1745	
20.3234	18.5631	2.9774	2.4778	-0.1658	
20.1168	18.6319	2.9637	2.1778	-0.1571	
19.9389	18.6921	2.9526	1.8778	-0.1484	
19.7896	18.743	2.9438	1.5778	-0.1396	
19.6686	18.7842	2.9372	1.2778	-0.1309	
19.576	18.8156	2.9324	0.9778	-0.1222	
19.5117	18.8371	2.9293	0.6778	-0.1134	
19.4758	18.8489	2.9278	0.3778	-0.1047	
19.4684	18.8513	2.9275	0.0778	-0.096	
19.4684	18.8513	2.9275	0.0	-0.0873	
19.4684	18.8513	2.9275	0.0	-0.096	
19.4684	18.8513	2.9275	0.0	-0.1047	
19.4684	18.8513	2.9275	0.0	-0.1134	
19.4684	18.8513	2.9275	0.0	-0.1222	
19.4684	18.8513	2.9275	0.0	-0.1309	
19.4684	18.8513	2.9275	0.0	-0.1396	
19.4684	18.8513	2.9275	0.0	-0.1484	
19.4684	18.8513	2.9275	0.0	-0.1571	
19.4684	18.8513	2.9275	0.0	-0.1658	
19.4684	18.8513	2.9275	0.0	-0.1745	
19.4499	18.8587	2.9261	0.2	-0.1658	
19.4126	18.8732	2.9236	0.4	-0.1571	
19.3566	18.8947	2.9201	0.6	-0.1484	
19.2817	18.923	2.9156	0.8	-0.1396	
19.188	18.9579	2.9104	1.0	-0.1309	
19.0755	18.9994	2.9046	1.2	-0.1222	
18.944	19.0475	2.8982	1.4	-0.1134	
18.7936	19.1021	2.8915	1.6	-0.1047	
18.6242	19.1631	2.8846	1.8	-0.096	
18.436	19.2306	2.8777	2.0	-0.0873	
18.2287	19.3045	2.8708	2.2	-0.0785	
18.0025	19.3847	2.8641	2.4	-0.0698	
17.7573	19.4711	2.8577	2.6	-0.0611	
17.4951	19.5627	2.8519	2.7778	-0.0524	
17.2326	19.6536	2.847	2.7778	-0.0436	
16.9697	19.7435	2.8432	2.7778	-0.0349	
16.7065	19.8321	2.8403	2.7778	-0.0262	
16.4427	19.9191	2.8383	2.7778	-0.0175	
16.1783	20.0044	2.8374	2.7778	-0.0087	
15.9133	20.0876	2.8374	2.7778	0.0	
15.6954	20.154	2.8381	2.2778	0.0087	
15.5248	20.2041	2.8394	1.7778	0.0175	
15.4019	20.2389	2.8407	1.2778	0.0262	
15.3269	20.2594	2.8418	0.7778	0.0349	
15.3	20.2664	2.8423	0.2778	0.0436	
15.3	20.2664	2.8423	0.0	0.0524	
15.3	20.2664	2.8423	0.0	0.0611	
15.3	20.2664	2.8423	0.0	0.0698	
15.3	20.2664	2.8423	0.0	0.0785	
15.3	20.2664	2.8423	0.0	0.0873	
15.3	20.2664	2.8423	0.0	0.0785	
15.3	20.2664	2.8423	0.0	0.0698	
15.3	20.2664	2.8423	0.0	0.0611	
15.3	20.2664	2.8423	0.0	0.0524	
15.3	20.2664	2.8423	0.0	0.0436	
15.3	20.2664	2.8423	0.0	0.0349	
15.3	20.2664	2.8423	0.0	0.0262	
15.3	20.2664	2.8423	0.0	0.0175	
15.3	20.2664	2.8423	0.0	0.0087	
15.3	20.2664	2.8423	0.0	0.0	
15.2809	20.2725	2.8422	0.2	-0.0087	
15.2429	20.2849	2.8419	0.4	-0.0175	
15.1861	20.3041	2.8413	0.6	-0.0262	
15.1105	20.3305	2.8402	0.8	-0.0349	
15.0164	20.3643	2.8385	1.0	-0.0436	
14.9039	20.406	2.8359	1.2	-0.0524	
14.7732	20.4562	2.8325	1.4	-0.0611	
14.6246	20.5154	2.8281	1.6	-0.0698	
14.4582	20.5842	2.8224	1.8	-0.0785	
14.2745	20.6633	2.8154	2.0	-0.0873	
14.0456	20.7637	2.8067	2.5	-0.0873	
13.7922	20.8775	2.797	2.7778	-0.0873	
13.5399	20.9938	2.7874	2.7778	-0.0873	
13.2888	21.1125	2.7777	2.7778	-0.0873	
13.0388	21.2336	2.768	2.7778	-0.0873	
12.79	21.3571	2.7583	2.7778	-0.0873	
12.5424	21.4831	2.7486	2.7778	-0.0873	
12.2961	21.6114	2.7389	2.7778	-0.0873	
12.051	21.7421	2.7293	2.7778	-0.0873	
11.8071	21.8752	2.7196	2.7778	-0.0873	
11.5658	22.0127	2.7089	2.7778	-0.096	
11.3272	22.1549	2.6973	2.7778	-0.1047	
11.0915	22.3019	2.6847	2.7778	-0.1134	
10.859	22.4539	2.6712	2.7778	-0.1222	
10.6299	22.6111	2.6567	2.7778	-0.1309	
10.4046	22.7735	2.6412	2.7778	-0.1396	
10.1832	22.9413	2.6248	2.7778	-0.1484	
9.9662	23.1147	2.6074	2.7778	-0.1571	
9.7537	23.2936	2.5891	2.7778	-0.1658	
9.5462	23.4783	2.5698	2.7778	-0.1745	
9.3439	23.6686	2.5495	2.7778	-0.1833	
9.1472	23.8648	2.5283	2.7778	-0.192	
8.9565	24.0667	2.5062	2.7778	-0.2007	
8.7721	24.2745	2.4831	2.7778	-0.2094	
8.5944	24.488	2.459	2.7778	-0.2182	
8.4238	24.7072	2.434	2.7778	-0.2269	
8.2607	24.932	2.4081	2.7778	-0.2356	
8.1055	25.1624	2.3812	2.7778	-0.2443	
7.9585	25.3981	2.3534	2.7778	-0.2531	
7.8203	25.6391	2.3246	2.7778	-0.2618	
7.687	25.8828	2.2968	2.7778	-0.2531	
7.5583	26.1289	2.2699	2.7778	-0.2443	
7.4341	26.3774	2.244	2.7778	-0.2356	
7.3142	26.628	2.219	2.7778	-0.2269	
7.1984	26.8804	2.195	2.7778	-0.2182	
7.0864	27.1347	2.1719	2.7778	-0.2094	
6.9782	27.3905	2.1497	2.7778	-0.2007	
6.8734	27.6477	2.1285	2.7778	-0.192	
6.7718	27.9063	2.1083	2.7778	-0.1833	
6.6732	28.1659	2.089	2.7778	-0.1745	
6.5796	28.4275	2.0697	2.7778	-0.1745	
6.491	28.6908	2.0504	2.7778	-0.1745	
6.4076	28.9557	2.0311	2.7778	-0.1745	
6.3293	29.2222	2.0118	2.7778	-0.1745	
6.2562	29.4902	1.9925	2.7778	-0.1745	
6.1882	29.7596	1.9732	2.7778	-0.1745	
6.1255	30.0302	1.9539	2.7778	-0.1745	
6.068	30.3019	1.9346	2.7778	-0.1745	
6.0157	30.5747	1.9153	2.7778	-0.1745	
5.9687	30.8485	1.896	2.7778	-0.1745	
5.927	31.1231	1.8767	2.7778	-0.1745	
5.8906	31.3985	1.8574	2.7778	-0.1745	
5.8595	31.6746	1.8381	2.7778	-0.1745	
5.8338	31.9511	1.8188	2.7778	-0.1745	
5.8134	32.2282	1.7995	2.7778	-0.1745	
5.7983	32.5055	1.7803	2.7778	-0.1745	
5.7886	32.7831	1.761	2.7778	-0.1745	
5.7843	33.0609	1.7417	2.7778	-0.1745	
5.7853	33.3387	1.7224	2.7778	-0.1745	
5.7917	33.6164	1.7031	2.7778	-0.1745	
5.8022	33.8639	1.6859	2.4778	-0.1745	
5.8151	34.0813	1.6707	2.1778	-0.1745	
5.8291	34.2686	1.6577	1.8778	-0.1745	
5.8429	34.4257	1.6467	1.5778	-0.1745	
5.8555	34.5529	1.6379	1.2778	-0.1745	
5.866	34.6501	1.6311	0.9778	-0.1745	
5.8737	34.7175	1.6264	0.6778	-0.1745	
5.8782	34.755	1.6237	0.3778	-0.1745	
5.8791	34.7627	1.6232	0.0778	-0.1745	
5.8791	34.7627	1.6232	0.0	-0.1745	
5.8848	34.8124	1.6199	0.5	-0.1658	
5.8956	34.9118	1.6136	1.0	-0.1571	
5.9114	35.0609	1.6048	1.5	-0.1484	
5.9324	35.2598	1.5936	2.0	-0.1396	
5.9594	35.5084	1.5806	2.5	-0.1309	
5.9906	35.7844	1.567	2.7778	-0.1222	
6.023	36.0603	1.5545	2.7778	-0.1134	
6.0566	36.336	1.5428	2.7778	-0.1047	
6.0909	36.6117	1.5322	2.7778	-0.096	
6.1258	36.8872	1.5225	2.7778	-0.0873	
6.1657	37.1621	1.5119	2.7778	-0.096	
6.211	37.4362	1.5003	2.7778	-0.1047	
6.2618	37.7093	1.4877	2.7778	-0.1134	
6.3184	37.9812	1.4741	2.7778	-0.1222	
6.3811	38.2518	1.4596	2.7778	-0.1309	
6.45	38.5209	1.4442	2.7778	-0.1396	
6.5255	38.7883	1.4277	2.7778	-0.1484	
6.6076	39.0536	1.4104	2.7778	-0.1571	
6.6966	39.3168	1.392	2.7778	-0.1658	
6.7927	39.5774	1.3727	2.7778	-0.1745	
6.8809	39.8089	1.3564	2.4778	-0.1658	
6.96	40.0119	1.3427	2.1778	-0.1571	
7.029	40.1865	1.3316	1.8778	-0.1484	
7.0873	40.3331	1.3229	1.5778	-0.1396	
7.1346	40.4518	1.3162	1.2778	-0.1309	
7.1706	40.5427	1.3114	0.9778	-0.1222	
7.1953	40.6058	1.3084	0.6778	-0.1134	
7.2088	40.6411	1.3068	0.3778	-0.1047	
7.2116	40.6484	1.3065	0.0778	-0.096	
7.2116	40.6484	1.3065	0.0	-0.0873	
7.2116	40.6484	1.3065	0.0	-0.0785	
7.2116	40.6484	1.3065	0.0	-0.0698	
7.2116	40.6484	1.3065	0.0	-0.0611	
7.2116	40.6484	1.3065	0.0	-0.0524	
7.2116	40.6484	1.3065	0.0	-0.0436	
7.2116	40.6484	1.3065	0.0	-0.0349	
7.2116	40.6484	1.3065	0.0	-0.0262	
7.2116	40.6484	1.3065	0.0	-0.0175	
7.2116	40.6484	1.3065	0.0	-0.0087	
7.2116	40.6484	1.3065	0.0	0.0	
7.2116	40.6484	1.3065	0.0	0.0	
7.2116	40.6484	1.3065	0.0	0.0	
7.2116	40.6484	1.3065	0.0	0.0	
7.2116	40.6484	1.3065	0.0	0.0	
7.2116	40.6484	1.3065	0.0	0.0	
7.2116	40.6484	1.3065	0.0	0.0	
7.2116	40.6484	1.3065	0.0	0.0	
7.2116	40.6484	1.3065	0.0	0.0	
7.2116	40.6484	1.3065	0.0	0.0	
7.2116	40.6484	1.3065	0.0	0.0	
7.2168	40.6677	1.3065	0.2	0.0	
7.2272	40.7063	1.3065	0.4	0.0	
7.2429	40.7642	1.3065	0.6	0.0	
7.2638	40.8414	1.3065	0.8	0.0	
7.2899	40.938	1.3065	1.0	0.0	
7.3213	41.0538	1.3065	1.2	0.0	
7.3579	41.1889	1.3065	1.4	0.0	
7.3997	41.3434	1.3065	1.6	0.0	
7.4467	41.5171	1.3065	1.8	0.0	
7.4989	41.7102	1.3065	2.0	0.0	
7.5616	41.9418	1.3065	2.4	0.0	
7.6342	42.21	1.3065	2.7778	0.0	
7.7068	42.4781	1.3065	2.7778	0.0	
7.7794	42.7462	1.3065	2.7778	0.0	
7.8519	43.0144	1.3065	2.7778	0.0	
7.9245	43.2825	1.3065	2.7778	0.0	
7.9971	43.5506	1.3065	2.7778	0.0	
8.0696	43.8188	1.3065	2.7778	0.0	
8.1422	44.0869	1.3065	2.7778	0.0	
8.2148	44.355	1.3065	2.7778	0.0	
8.2724	44.5754	1.3073	2.2778	0.0087	
8.3157	44.7478	1.3085	1.7778	0.0175	
8.3456	44.8721	1.3098	1.2778	0.0262	
8.363	44.9479	1.3109	0.7778	0.0349	
8.369	44.975	1.3114	0.2778	0.0436	
8.369	44.975	1.3114	0.0	0.0524	
8.369	44.975	1.3114	0.0	0.0611	
8.369	44.975	1.3114	0.0	0.0698	
8.369	44.975	1.3114	0.0	0.0785	
8.369	44.975	1.3114	0.0	0.0873	
8.369	44.975	1.3114	0.0	0.096	
8.369	44.975	1.3114	0.0	0.1047	
8.369	44.975	1.3114	0.0	0.1134	
8.369	44.975	1.3114	0.0	0.1222	
8.369	44.975	1.3114	0.0	0.1309	
8.369	44.975	1.3114	0.0	0.1396	
8.369	44.975	1.3114	0.0	0.1484	
8.369	44.975	1.3114	0.0	0.1571	
8.369	44.975	1.3114	0.0	0.1658	
8.369	44.975	1.3114	0.0	0.1745	
8.3727	45.0148	1.3141	0.4	0.1658	
8.3806	45.0944	1.3191	0.8	0.1571	
8.393	45.2138	1.3262	1.2	0.1484	
8.4098	45.3729	1.3351	1.6	0.1396	
8.4307	45.5718	1.3455	2.0	0.1309	
8.4554	45.8105	1.3572	2.4	0.1222	
8.4832	46.0869	1.3698	2.7778	0.1134	
8.5099	46.3634	1.3814	2.7778	0.1047	
8.5358	46.64	1.3921	2.7778	0.096	
8.5612	46.9166	1.4017	2.7778	0.0873	
8.5839	47.1934	1.4114	2.7778	0.0873	
8.6039	47.4705	1.4211	2.7778	0.0873	
8.6212	47.7477	1.4308	2.7778	0.0873	
8.6359	48.0251	1.4405	2.7778	0.0873	
8.6478	48.3026	1.4502	2.7778	0.0873	
8.6571	48.5803	1.4598	2.7778	0.0873	
8.6637	48.858	1.4695	2.7778	0.0873	
8.6676	49.1357	1.4792	2.7778	0.0873	
8.6688	49.4135	1.4889	2.7778	0.0873	
8.6673	49.6913	1.4986	2.7778	0.0873	
8.6619	49.919	1.5073	2.2778	0.096	
8.6545	50.0966	1.5147	1.7778	0.1047	
8.6472	50.2242	1.5205	1.2778	0.1134	
8.6416	50.3017	1.5243	0.7778	0.1222	
8.6393	50.3294	1.5258	0.2778	0.1309	
8.6393	50.3294	1.5258	0.0	0.1396	
8.6393	50.3294	1.5258	0.0	0.1484	
8.6393	50.3294	1.5258	0.0	0.1571	
8.6393	50.3294	1.5258	0.0	0.1658	
8.6393	50.3294	1.5258	0.0	0.1745	
8.6393	50.3294	1.5258	0.0	0.1745	
8.6393	50.3294	1.5258	0.0	0.1745	
8.6393	50.3294	1.5258	0.0	0.1745	
8.6393	50.3294	1.5258	0.0	0.1745	
8.6393	50.3294	1.5258	0.0	0.1745	
8.6393	50.3294	1.5258	0.0	0.1745	
8.6393	50.3294	1.5258	0.0	0.1745	
8.6393	50.3294	1.5258	0.0	0.1745	
8.6393	50.3294	1.5258	0.0	0.1745	
8.6393	50.3294	1.5258	0.0	0.1745	
8.6338	50.369	1.5287	0.4	0.1833	
8.6218	50.4481	1.5348	0.8	0.192	
8.6022	50.5665	1.5444	1.2	0.2007	
8.573	50.7238	1.5577	1.6	0.2094	
8.5323	50.9197	1.575	2.0	0.2182	
8.4774	51.1533	1.5966	2.4	0.2269	
8.4056	51.4216	1.6225	2.7778	0.2356	
8.3245	51.6873	1.6494	2.7778	0.2443	
8.2341	51.9499	1.6772	2.7778	0.2531	
8.1341	52.2091	1.706	2.7778	0.2618	
8.0267	52.4653	1.7347	2.7778	0.2618	
7.912	52.7183	1.7635	2.7778	0.2618	
7.79	52.9678	1.7922	2.7778	0.2618	
7.661	53.2138	1.821	2.7778	0.2618	
7.5249	53.456	1.8498	2.7778	0.2618	
7.3819	53.6941	1.8785	2.7778	0.2618	
7.2321	53.928	1.9073	2.7778	0.2618	
7.0756	54.1576	1.936	2.7778	0.2618	
6.9126	54.3825	1.9648	2.7778	0.2618	
6.7433	54.6027	1.9935	2.7778	0.2618	
6.5695	54.8194	2.0214	2.7778	0.2531	
6.3916	55.0328	2.0482	2.7778	0.2443	
6.2099	55.2428	2.0742	2.7778	0.2356	
6.0246	55.4498	2.0992	2.7778	0.2269	
5.836	55.6537	2.1232	2.7778	0.2182	
5.6442	55.8547	2.1463	2.7778	0.2094	
33	38	0.0	2.7778	0.2007	
33.2727	38.053	0.0212	2.7778	0.192	
33.5447	38.1094	0.0414	2.7778	0.1833	
33.816	38.1689	0.0607	2.7778	0.1745	
34.0867	38.2313	0.0791	2.7778	0.1658	
34.3567	38.2963	0.0965	2.7778	0.1571	
34.6262	38.3636	0.1129	2.7778	0.1484	
34.8952	38.433	0.1284	2.7778	0.1396	
35.1637	38.5043	0.1429	2.7778	0.1309	
35.4318	38.577	0.1564	2.7778	0.1222	
35.6995	38.6511	0.169	2.7778	0.1134	
35.9669	38.7261	0.1806	2.7778	0.1047	
36.2342	38.802	0.1912	2.7778	0.096	
36.5012	38.8784	0.2009	2.7778	0.0873	
36.7682	38.955	0.2096	2.7778	0.0785	
37.0352	39.0316	0.2174	2.7778	0.0698	
37.3023	39.108	0.2242	2.7778	0.0611	
37.5695	39.1838	0.23	2.7778	0.0524	
37.837	39.2589	0.2348	2.7778	0.0436	
38.1047	39.3329	0.2387	2.7778	0.0349	
38.3728	39.4056	0.2416	2.7778	0.0262	
38.6413	39.4768	0.2436	2.7778	0.0175	
38.9103	39.5461	0.2445	2.7778	0.0087	
39.1798	39.6134	0.2445	2.7778	0.0	
-1
