71.0	26.0	-3.141592653589793	0.0	0.06981317007977318	30.0	5.0	-3.141592653589793	2.5	0.0	5
53.9992	21.0911	1.5711	0.9111	0.0087	
53.9979	21.1622	1.5716	0.7111	0.0175	
53.9966	21.2133	1.5721	0.5111	0.0262	
53.9954	21.2444	1.5726	0.3111	0.0349	
53.9949	21.2555	1.5728	0.1111	0.0436	
53.9949	21.2555	1.5728	0.0	0.0524	
53.9949	21.2555	1.5728	0.0	0.0611	
53.9949	21.2555	1.5728	0.0	0.0698	
53.9949	21.2555	1.5728	0.0	0.0785	
53.9949	21.2555	1.5728	0.0	0.0873	
53.9949	21.2555	1.5728	0.0	0.0785	
53.9949	21.2555	1.5728	0.0	0.0698	
53.9949	21.2555	1.5728	0.0	0.0611	
53.9949	21.2555	1.5728	0.0	0.0524	
53.9949	21.2555	1.5728	0.0	0.0436	
53.9949	21.2555	1.5728	0.0	0.0349	
53.9949	21.2555	1.5728	0.0	0.0262	
53.9949	21.2555	1.5728	0.0	0.0175	
53.9949	21.2555	1.5728	0.0	0.0087	
53.9949	21.2555	1.5728	0.0	0.0	
53.9949	21.2555	1.5728	0.0	0.0	
53.9949	21.2555	1.5728	0.0	0.0	
53.9949	21.2555	1.5728	0.0	0.0	
53.9949	21.2555	1.5728	0.0	0.0	
53.9949	21.2555	1.5728	0.0	0.0	
53.9949	21.2555	1.5728	0.0	0.0	
53.9949	21.2555	1.5728	0.0	0.0	
53.9949	21.2555	1.5728	0.0	0.0	
53.9949	21.2555	1.5728	0.0	0.0	
53.9949	21.2555	1.5728	0.0	0.0	
53.9952	21.2955	1.5726	0.4	-0.0087	
53.9964	21.3755	1.5721	0.8	-0.0175	
53.9994	21.4954	1.5708	1.2	-0.0262	
54.005	21.6553	1.5686	1.6	-0.0349	
54.0142	21.8551	1.5651	2.0	-0.0436	
54.0281	22.0947	1.5601	2.4	-0.0524	
54.048	22.3718	1.5533	2.7778	-0.0611	
54.0723	22.6485	1.5455	2.7778	-0.0698	
54.101	22.9248	1.5368	2.7778	-0.0785	
54.1346	23.2005	1.5271	2.7778	-0.0873	
54.1709	23.4759	1.5175	2.7778	-0.0873	
54.2098	23.751	1.5078	2.7778	-0.0873	
54.2514	24.0256	1.4981	2.7778	-0.0873	
54.2957	24.2998	1.4884	2.7778	-0.0873	
54.3426	24.5736	1.4787	2.7778	-0.0873	
54.3921	24.847	1.469	2.7778	-0.0873	
54.4443	25.1198	1.4593	2.7778	-0.0873	
54.4992	25.3921	1.4497	2.7778	-0.0873	
54.5566	25.6639	1.44	2.7778	-0.0873	
54.6167	25.9351	1.4303	2.7778	-0.0873	
54.6818	26.2051	1.4196	2.7778	-0.096	
54.7521	26.4738	1.408	2.7778	-0.1047	
54.8279	26.7411	1.3955	2.7778	-0.1134	
54.9093	27.0067	1.3819	2.7778	-0.1222	
54.9966	27.2704	1.3674	2.7778	-0.1309	
55.09	27.532	1.3519	2.7778	-0.1396	
55.1898	27.7912	1.3355	2.7778	-0.1484	
55.296	28.0479	1.3181	2.7778	-0.1571	
55.4089	28.3017	1.2998	2.7778	-0.1658	
55.5286	28.5524	1.2805	2.7778	-0.1745	
55.6552	28.7996	1.2603	2.7778	-0.1833	
55.789	29.043	1.2391	2.7778	-0.192	
55.93	29.2823	1.2169	2.7778	-0.2007	
56.0784	29.5172	1.1938	2.7778	-0.2094	
56.2341	29.7472	1.1698	2.7778	-0.2182	
56.3973	29.972	1.1448	2.7778	-0.2269	
56.568	30.1912	1.1188	2.7778	-0.2356	
56.7461	30.4043	1.0919	2.7778	-0.2443	
56.9318	30.6109	1.0641	2.7778	-0.2531	
57.1248	30.8106	1.0354	2.7778	-0.2618	
57.3093	30.9907	1.0087	2.5778	-0.2618	
57.4837	31.1523	0.9841	2.3778	-0.2618	
57.6471	31.2962	0.9615	2.1778	-0.2618	
57.7984	31.4236	0.941	1.9778	-0.2618	
57.9368	31.5353	0.9226	1.7778	-0.2618	
58.0613	31.6321	0.9063	1.5778	-0.2618	
58.1715	31.7149	0.892	1.3778	-0.2618	
58.2666	31.7843	0.8798	1.1778	-0.2618	
58.3463	31.841	0.8697	0.9778	-0.2618	
58.4101	31.8854	0.8617	0.7778	-0.2618	
58.4913	31.9399	0.8512	0.9778	-0.2705	
58.5904	32.0036	0.8382	1.1778	-0.2793	
58.7078	32.0757	0.8226	1.3778	-0.288	
58.8443	32.1549	0.8041	1.5778	-0.2967	
59.0004	32.2399	0.7827	1.7778	-0.3054	
59.1769	32.3292	0.7583	1.9778	-0.3142	
59.3743	32.4211	0.7307	2.1778	-0.3229	
59.5934	32.5135	0.6997	2.3778	-0.3316	
59.8347	32.6041	0.6653	2.5778	-0.3403	
60.0987	32.6905	0.6273	2.7778	-0.3491	
60.3279	32.7538	0.594	2.3778	-0.3578	
60.5206	32.7984	0.5656	1.9778	-0.3665	
60.6755	32.8283	0.5425	1.5778	-0.3752	
60.7918	32.8469	0.5248	1.1778	-0.384	
60.8689	32.8571	0.5129	0.7778	-0.3927	
60.9065	32.8613	0.507	0.3778	-0.4014	
60.9065	32.8613	0.507	0.0	-0.4102	
60.9065	32.8613	0.507	0.0	-0.4189	
60.9065	32.8613	0.507	0.0	-0.4276	
60.9065	32.8613	0.507	0.0	-0.4363	
60.9065	32.8613	0.507	0.0	-0.4276	
60.9065	32.8613	0.507	0.0	-0.4189	
60.9065	32.8613	0.507	0.0	-0.4102	
60.9065	32.8613	0.507	0.0	-0.4014	
60.9065	32.8613	0.507	0.0	-0.3927	
60.9065	32.8613	0.507	0.0	-0.384	
60.9065	32.8613	0.507	0.0	-0.3752	
60.9065	32.8613	0.507	0.0	-0.3665	
60.9065	32.8613	0.507	0.0	-0.3578	
60.9065	32.8613	0.507	0.0	-0.3491	
60.9065	32.8613	0.507	0.0	-0.3578	
60.9065	32.8613	0.507	0.0	-0.3665	
60.9065	32.8613	0.507	0.0	-0.3752	
60.9065	32.8613	0.507	0.0	-0.384	
60.9065	32.8613	0.507	0.0	-0.3927	
60.9065	32.8613	0.507	0.0	-0.4014	
60.9065	32.8613	0.507	0.0	-0.4102	
60.9065	32.8613	0.507	0.0	-0.4189	
60.9065	32.8613	0.507	0.0	-0.4276	
60.9065	32.8613	0.507	0.0	-0.4363	
60.9065	32.8613	0.507	0.0	-0.4363	
60.9065	32.8613	0.507	0.0	-0.4363	
60.9065	32.8613	0.507	0.0	-0.4363	
60.9065	32.8613	0.507	0.0	-0.4363	
60.9065	32.8613	0.507	0.0	-0.4363	
60.9065	32.8613	0.507	0.0	-0.4363	
60.9065	32.8613	0.507	0.0	-0.4363	
60.9065	32.8613	0.507	0.0	-0.4363	
60.9065	32.8613	0.507	0.0	-0.4363	
60.9065	32.8613	0.507	0.0	-0.4363	
60.9065	32.8613	0.507	0.0	-0.4276	
60.9065	32.8613	0.507	0.0	-0.4189	
60.9065	32.8613	0.507	0.0	-0.4102	
60.9065	32.8613	0.507	0.0	-0.4014	
60.9065	32.8613	0.507	0.0	-0.3927	
60.9065	32.8613	0.507	0.0	-0.384	
60.9065	32.8613	0.507	0.0	-0.3752	
60.9065	32.8613	0.507	0.0	-0.3665	
60.9065	32.8613	0.507	0.0	-0.3578	
60.9065	32.8613	0.507	0.0	-0.3491	
60.9262	32.8644	0.5043	0.2	-0.3491	
60.9657	32.8706	0.4988	0.4	-0.3491	
61.0251	32.8796	0.4906	0.6	-0.3491	
61.1043	32.8909	0.4797	0.8	-0.3491	
61.2034	32.9039	0.466	1.0	-0.3491	
61.3226	32.9179	0.4496	1.2	-0.3491	
61.4619	32.9319	0.4304	1.4	-0.3491	
61.6214	32.9449	0.4085	1.6	-0.3491	
61.801	32.9556	0.3839	1.8	-0.3491	
62.0009	32.9626	0.3565	2.0	-0.3491	
62.1509	32.9624	0.3355	1.5	-0.3578	
62.2509	32.9593	0.3212	1.0	-0.3665	
62.3008	32.9566	0.3139	0.5	-0.3752	
62.3008	32.9566	0.3139	0.0	-0.384	
62.3008	32.9566	0.3139	0.0	-0.3927	
62.3008	32.9566	0.3139	0.0	-0.4014	
62.3008	32.9566	0.3139	0.0	-0.4102	
62.3008	32.9566	0.3139	0.0	-0.4189	
62.3008	32.9566	0.3139	0.0	-0.4276	
62.3008	32.9566	0.3139	0.0	-0.4363	
62.3405	32.9521	0.3072	0.4	-0.4276	
62.4201	32.9432	0.2942	0.8	-0.4189	
62.5392	32.9293	0.2751	1.2	-0.4102	
62.698	32.9091	0.2501	1.6	-0.4014	
62.8959	32.8807	0.2194	2.0	-0.3927	
63.1327	32.8414	0.1835	2.4	-0.384	
63.4054	32.7884	0.1428	2.7778	-0.3752	
63.6762	32.7268	0.1029	2.7778	-0.3665	
63.945	32.6568	0.064	2.7778	-0.3578	
64.2116	32.5787	0.026	2.7778	-0.3491	
64.4473	32.502	-0.0071	2.4778	-0.3403	
64.6527	32.4297	-0.0354	2.1778	-0.3316	
64.8285	32.3638	-0.0592	1.8778	-0.3229	
64.9754	32.3063	-0.0788	1.5778	-0.3142	
65.0939	32.2584	-0.0941	1.2778	-0.3054	
65.1843	32.2211	-0.1056	0.9778	-0.2967	
65.2469	32.1952	-0.1133	0.6778	-0.288	
65.2818	32.1807	-0.1174	0.3778	-0.2793	
65.289	32.1778	-0.1183	0.0778	-0.2705	
65.289	32.1778	-0.1183	0.0	-0.2618	
65.289	32.1778	-0.1183	0.0	-0.2531	
65.289	32.1778	-0.1183	0.0	-0.2443	
65.289	32.1778	-0.1183	0.0	-0.2356	
65.289	32.1778	-0.1183	0.0	-0.2269	
65.289	32.1778	-0.1183	0.0	-0.2182	
65.289	32.1778	-0.1183	0.0	-0.2094	
65.289	32.1778	-0.1183	0.0	-0.2007	
65.289	32.1778	-0.1183	0.0	-0.192	
65.289	32.1778	-0.1183	0.0	-0.1833	
65.289	32.1778	-0.1183	0.0	-0.1745	
65.2986	32.175	-0.1189	0.1	-0.1658	
65.3178	32.1695	-0.1202	0.2	-0.1571	
65.3468	32.1616	-0.1219	0.3	-0.1484	
65.3854	32.1512	-0.1242	0.4	-0.1396	
65.4338	32.1386	-0.1268	0.5	-0.1309	
65.4919	32.1238	-0.1297	0.6	-0.1222	
65.5599	32.107	-0.1329	0.7	-0.1134	
65.6376	32.0881	-0.1362	0.8	-0.1047	
65.7252	32.0674	-0.1397	0.9	-0.096	
65.8226	32.0449	-0.1432	1.0	-0.0873	
65.9297	32.0198	-0.147	1.1	-0.0873	
66.0465	31.9919	-0.1512	1.2	-0.0873	
66.1728	31.9612	-0.1557	1.3	-0.0873	
66.3087	31.9276	-0.1606	1.4	-0.0873	
66.4541	31.8908	-0.1658	1.5	-0.0873	
66.609	31.8507	-0.1714	1.6	-0.0873	
66.7733	31.8072	-0.1773	1.7	-0.0873	
66.9471	31.7601	-0.1836	1.8	-0.0873	
67.1301	31.7093	-0.1902	1.9	-0.0873	
67.3225	31.6545	-0.1972	2.0	-0.0873	
67.5053	31.6028	-0.2032	1.9	-0.0785	
67.6786	31.5543	-0.2082	1.8	-0.0698	
67.8425	31.509	-0.2123	1.7	-0.0611	
67.9969	31.4672	-0.2157	1.6	-0.0524	
68.1419	31.4287	-0.2183	1.5	-0.0436	
68.2775	31.3937	-0.2202	1.4	-0.0349	
68.4035	31.3619	-0.2216	1.3	-0.0262	
68.5201	31.3335	-0.2224	1.2	-0.0175	
68.6272	31.3083	-0.2228	1.1	-0.0087	
68.7247	31.2862	-0.2228	1.0	0.0	
68.8322	31.2629	-0.2224	1.1	0.0087	
68.9497	31.2384	-0.2216	1.2	0.0175	
69.0772	31.2132	-0.2202	1.3	0.0262	
69.2148	31.1874	-0.2183	1.4	0.0349	
69.3626	31.1613	-0.2157	1.5	0.0436	
69.5204	31.1353	-0.2123	1.6	0.0524	
69.6885	31.1097	-0.2082	1.7	0.0611	
69.8668	31.0849	-0.2032	1.8	0.0698	
70.0553	31.0613	-0.1972	1.9	0.0785	
70.2541	31.0393	-0.1902	2.0	0.0873	
70.4431	31.0198	-0.1836	1.9	0.0873	
70.6222	31.0025	-0.1773	1.8	0.0873	
70.7916	30.9872	-0.1714	1.7	0.0873	
70.951	30.9737	-0.1658	1.6	0.0873	
71.1005	30.962	-0.1606	1.5	0.0873	
71.2402	30.9517	-0.1557	1.4	0.0873	
71.3698	30.9428	-0.1512	1.3	0.0873	
71.4896	30.9352	-0.147	1.2	0.0873	
71.5994	30.9286	-0.1432	1.1	0.0873	
71.6992	30.923	-0.1397	1.0	0.0873	
71.7592	30.9199	-0.1376	0.6	0.0873	
71.7791	30.9189	-0.1369	0.2	0.0873	
71.7791	30.9189	-0.1369	0.0	0.0873	
71.7791	30.9189	-0.1369	0.0	0.0873	
71.7791	30.9189	-0.1369	0.0	0.0873	
71.7791	30.9189	-0.1369	0.0	0.0873	
71.7791	30.9189	-0.1369	0.0	0.0873	
71.7791	30.9189	-0.1369	0.0	0.0873	
71.7791	30.9189	-0.1369	0.0	0.0873	
71.7791	30.9189	-0.1369	0.0	0.0873	
71.7991	30.918	-0.1361	0.2	0.096	
71.8391	30.9168	-0.1344	0.4	0.1047	
71.8991	30.9155	-0.1317	0.6	0.1134	
71.9791	30.9148	-0.1278	0.8	0.1222	
72.0791	30.9151	-0.1226	1.0	0.1309	
72.1991	30.9171	-0.1159	1.2	0.1396	
72.339	30.9217	-0.1076	1.4	0.1484	
72.4988	30.9296	-0.0976	1.6	0.1571	
72.6784	30.9418	-0.0857	1.8	0.1658	
72.8776	30.9596	-0.0719	2.0	0.1745	
73.0465	30.9785	-0.0595	1.7	0.1833	
73.1853	30.997	-0.0488	1.4	0.192	
73.294	31.0136	-0.04	1.1	0.2007	
73.3729	31.0271	-0.0334	0.8	0.2094	
73.422	31.0363	-0.029	0.5	0.2182	
73.4417	31.0402	-0.0272	0.2	0.2269	
73.4417	31.0402	-0.0272	0.0	0.2356	
73.4417	31.0402	-0.0272	0.0	0.2443	
73.4417	31.0402	-0.0272	0.0	0.2531	
73.4417	31.0402	-0.0272	0.0	0.2618	
73.4611	31.045	-0.0251	0.2	0.2705	
73.4998	31.0551	-0.0207	0.4	0.2793	
73.5577	31.0709	-0.0139	0.6	0.288	
73.6345	31.0933	-0.0045	0.8	0.2967	
73.73	31.1229	0.0075	1.0	0.3054	
73.8438	31.1608	0.0224	1.2	0.3142	
73.9756	31.2082	0.0401	1.4	0.3229	
74.1246	31.2663	0.061	1.6	0.3316	
74.2903	31.3367	0.085	1.8	0.3403	
74.4718	31.4208	0.1124	2.0	0.3491	
74.6419	31.5054	0.1384	1.9	0.3491	
74.801	31.5897	0.163	1.8	0.3491	
74.9492	31.673	0.1862	1.7	0.3491	
75.0868	31.7546	0.2081	1.6	0.3491	
75.2141	31.8339	0.2286	1.5	0.3491	
75.3314	31.9103	0.2478	1.4	0.3491	
75.4389	31.9834	0.2656	1.3	0.3491	
75.5369	32.0526	0.282	1.2	0.3491	
75.6257	32.1175	0.297	1.1	0.3491	
75.7056	32.1777	0.3107	1.0	0.3491	
75.7762	32.2335	0.3233	0.9	0.3578	
75.8379	32.2844	0.3348	0.8	0.3665	
75.891	32.3301	0.3451	0.7	0.3752	
75.9357	32.37	0.3541	0.6	0.384	
75.9724	32.404	0.3617	0.5	0.3927	
76.0013	32.4316	0.368	0.4	0.4014	
76.0227	32.4527	0.3727	0.3	0.4102	
76.0368	32.4669	0.376	0.2	0.4189	
76.0437	32.4741	0.3777	0.1	0.4276	
76.0437	32.4741	0.3777	0.0	0.4363	
76.0437	32.4741	0.3777	0.0	0.4451	
76.0437	32.4741	0.3777	0.0	0.4538	
76.0437	32.4741	0.3777	0.0	0.4625	
76.0437	32.4741	0.3777	0.0	0.4712	
76.0437	32.4741	0.3777	0.0	0.48	
76.0437	32.4741	0.3777	0.0	0.4887	
76.0437	32.4741	0.3777	0.0	0.4974	
76.0437	32.4741	0.3777	0.0	0.5061	
76.0437	32.4741	0.3777	0.0	0.5149	
76.0437	32.4741	0.3777	0.0	0.5236	
76.0437	32.4741	0.3777	0.0	0.5323	
76.0437	32.4741	0.3777	0.0	0.5411	
76.0437	32.4741	0.3777	0.0	0.5498	
76.0437	32.4741	0.3777	0.0	0.5585	
76.0437	32.4741	0.3777	0.0	0.5672	
76.0437	32.4741	0.3777	0.0	0.576	
76.0437	32.4741	0.3777	0.0	0.5847	
76.0437	32.4741	0.3777	0.0	0.5934	
76.0437	32.4741	0.3777	0.0	0.6021	
76.0437	32.4741	0.3777	0.0	0.6109	
76.0437	32.4741	0.3777	0.0	0.6021	
76.0437	32.4741	0.3777	0.0	0.5934	
76.0437	32.4741	0.3777	0.0	0.5847	
76.0437	32.4741	0.3777	0.0	0.576	
76.0437	32.4741	0.3777	0.0	0.5672	
76.0437	32.4741	0.3777	0.0	0.5585	
76.0437	32.4741	0.3777	0.0	0.5498	
76.0437	32.4741	0.3777	0.0	0.5411	
76.0437	32.4741	0.3777	0.0	0.5323	
76.0437	32.4741	0.3777	0.0	0.5236	
76.0437	32.4741	0.3777	0.0	0.5323	
76.0437	32.4741	0.3777	0.0	0.5411	
76.0437	32.4741	0.3777	0.0	0.5498	
76.0437	32.4741	0.3777	0.0	0.5585	
76.0437	32.4741	0.3777	0.0	0.5672	
76.0437	32.4741	0.3777	0.0	0.576	
76.0437	32.4741	0.3777	0.0	0.5847	
76.0437	32.4741	0.3777	0.0	0.5934	
76.0437	32.4741	0.3777	0.0	0.6021	
76.0437	32.4741	0.3777	0.0	0.6109	
76.0437	32.4741	0.3777	0.0	0.6109	
76.0437	32.4741	0.3777	0.0	0.6109	
76.0437	32.4741	0.3777	0.0	0.6109	
76.0437	32.4741	0.3777	0.0	0.6109	
76.0437	32.4741	0.3777	0.0	0.6109	
76.0437	32.4741	0.3777	0.0	0.6109	
76.0437	32.4741	0.3777	0.0	0.6109	
76.0437	32.4741	0.3777	0.0	0.6109	
76.0437	32.4741	0.3777	0.0	0.6109	
76.0437	32.4741	0.3777	0.0	0.6109	
76.0437	32.4741	0.3777	0.0	0.6109	
76.0437	32.4741	0.3777	0.0	0.6109	
76.0437	32.4741	0.3777	0.0	0.6109	
76.0437	32.4741	0.3777	0.0	0.6109	
76.0437	32.4741	0.3777	0.0	0.6109	
76.0437	32.4741	0.3777	0.0	0.6109	
76.0437	32.4741	0.3777	0.0	0.6109	
76.0437	32.4741	0.3777	0.0	0.6109	
76.0437	32.4741	0.3777	0.0	0.6109	
76.0437	32.4741	0.3777	0.0	0.6109	
76.0437	32.4741	0.3777	0.0	0.6109	
76.0437	32.4741	0.3777	0.0	0.6109	
76.0437	32.4741	0.3777	0.0	0.6109	
76.0437	32.4741	0.3777	0.0	0.6109	
76.0437	32.4741	0.3777	0.0	0.6109	
76.0437	32.4741	0.3777	0.0	0.6109	
76.0437	32.4741	0.3777	0.0	0.6109	
76.0437	32.4741	0.3777	0.0	0.6109	
76.0437	32.4741	0.3777	0.0	0.6109	
76.0437	32.4741	0.3777	0.0	0.6109	
76.06	32.4993	0.3846	0.3	0.6196	
76.0917	32.5502	0.3987	0.6	0.6283	
76.1376	32.6276	0.4202	0.9	0.637	
76.1957	32.7327	0.449	1.2	0.6458	
76.2632	32.8666	0.4856	1.5	0.6545	
76.337	33.0308	0.5299	1.8	0.6632	
76.4127	33.2267	0.5822	2.1	0.672	
76.4854	33.4554	0.6426	2.4	0.6807	
76.5493	33.7177	0.7113	2.7	0.6894	
76.5939	33.9919	0.7827	2.7778	0.6981	
76.6174	34.2285	0.8432	2.3778	0.6894	
76.6266	34.4261	0.893	1.9778	0.6807	
76.6276	34.5838	0.9323	1.5778	0.672	
76.6247	34.7016	0.9613	1.1778	0.6632	
76.6212	34.7793	0.9802	0.7778	0.6545	
76.6191	34.817	0.9893	0.3778	0.6458	
76.6191	34.817	0.9893	0.0	0.637	
76.6191	34.817	0.9893	0.0	0.6283	
76.6191	34.817	0.9893	0.0	0.6196	
76.6191	34.817	0.9893	0.0	0.6109	
76.6191	34.817	0.9893	0.0	0.6196	
76.6191	34.817	0.9893	0.0	0.6283	
76.6191	34.817	0.9893	0.0	0.637	
76.6191	34.817	0.9893	0.0	0.6458	
76.6191	34.817	0.9893	0.0	0.6545	
76.6191	34.817	0.9893	0.0	0.6632	
76.6191	34.817	0.9893	0.0	0.672	
76.6191	34.817	0.9893	0.0	0.6807	
76.6191	34.817	0.9893	0.0	0.6894	
76.6191	34.817	0.9893	0.0	0.6981	
-1
58.9389	15.0	-3.1416	0.6111	0.0	
58.9278	15.0	-3.1416	0.1111	0.0	
58.9278	15.0	-3.1416	0.0	0.0	
58.9278	15.0	-3.1416	0.0	0.0	
58.9278	15.0	-3.1416	0.0	0.0	
58.9278	15.0	-3.1416	0.0	0.0	
58.9278	15.0	-3.1416	0.0	0.0	
58.9278	15.0	-3.1416	0.0	0.0	
58.9278	15.0	-3.1416	0.0	0.0	
58.9278	15.0	-3.1416	0.0	0.0	
58.9278	15.0	-3.1416	0.0	0.0087	
58.9278	15.0	-3.1416	0.0	0.0175	
58.9278	15.0	-3.1416	0.0	0.0262	
58.9278	15.0	-3.1416	0.0	0.0349	
58.9278	15.0	-3.1416	0.0	0.0436	
58.9278	15.0	-3.1416	0.0	0.0524	
58.9278	15.0	-3.1416	0.0	0.0611	
58.9278	15.0	-3.1416	0.0	0.0698	
58.9278	15.0	-3.1416	0.0	0.0785	
58.9278	15.0	-3.1416	0.0	0.0873	
58.9278	15.0	-3.1416	0.0	0.0785	
58.9278	15.0	-3.1416	0.0	0.0698	
58.9278	15.0	-3.1416	0.0	0.0611	
58.9278	15.0	-3.1416	0.0	0.0524	
58.9278	15.0	-3.1416	0.0	0.0436	
58.9278	15.0	-3.1416	0.0	0.0349	
58.9278	15.0	-3.1416	0.0	0.0262	
58.9278	15.0	-3.1416	0.0	0.0175	
58.9278	15.0	-3.1416	0.0	0.0087	
58.9278	15.0	-3.1416	0.0	0.0	
58.9278	15.0	-3.1416	0.0	0.0087	
58.9278	15.0	-3.1416	0.0	0.0175	
58.9278	15.0	-3.1416	0.0	0.0262	
58.9278	15.0	-3.1416	0.0	0.0349	
58.9278	15.0	-3.1416	0.0	0.0436	
58.9278	15.0	-3.1416	0.0	0.0524	
58.9278	15.0	-3.1416	0.0	0.0611	
58.9278	15.0	-3.1416	0.0	0.0698	
58.9278	15.0	-3.1416	0.0	0.0785	
58.9278	15.0	-3.1416	0.0	0.0873	
58.8879	14.9965	-3.1402	0.4	0.0873	
58.8082	14.9894	-3.1374	0.8	0.0873	
58.6887	14.9785	-3.1332	1.2	0.0873	
58.5295	14.9632	-3.1276	1.6	0.0873	
58.3305	14.943	-3.1207	2.0	0.0873	
58.0919	14.9171	-3.1123	2.4	0.0873	
57.816	14.8848	-3.1026	2.7778	0.0873	
57.5404	14.8498	-3.0929	2.7778	0.0873	
57.2652	14.8122	-3.0833	2.7778	0.0873	
56.9904	14.7719	-3.0736	2.7778	0.0873	
56.7555	14.7351	-3.0653	2.3778	0.0873	
56.5603	14.7029	-3.0584	1.9778	0.0873	
56.4048	14.6761	-3.0529	1.5778	0.0873	
56.2889	14.6555	-3.0488	1.1778	0.0873	
56.2124	14.6416	-3.0461	0.7778	0.0873	
56.1752	14.6347	-3.0448	0.3778	0.0873	
56.1752	14.6347	-3.0448	0.0	0.0873	
56.1752	14.6347	-3.0448	0.0	0.0873	
56.1752	14.6347	-3.0448	0.0	0.0873	
56.1752	14.6347	-3.0448	0.0	0.0873	
56.1752	14.6347	-3.0448	0.0	0.0785	
56.1752	14.6347	-3.0448	0.0	0.0698	
56.1752	14.6347	-3.0448	0.0	0.0611	
56.1752	14.6347	-3.0448	0.0	0.0524	
56.1752	14.6347	-3.0448	0.0	0.0436	
56.1752	14.6347	-3.0448	0.0	0.0349	
56.1752	14.6347	-3.0448	0.0	0.0262	
56.1752	14.6347	-3.0448	0.0	0.0175	
56.1752	14.6347	-3.0448	0.0	0.0087	
56.1752	14.6347	-3.0448	0.0	0.0	
56.1553	14.6326	-3.0447	0.2	0.0087	
56.1156	14.628	-3.0444	0.4	0.0175	
56.056	14.6206	-3.0438	0.6	0.0262	
55.9767	14.61	-3.0427	0.8	0.0349	
55.8778	14.5958	-3.0409	1.0	0.0436	
55.7592	14.5775	-3.0384	1.2	0.0524	
55.621	14.5547	-3.035	1.4	0.0611	
55.4635	14.5266	-3.0305	1.6	0.0698	
55.2868	14.4926	-3.0249	1.8	0.0785	
55.0909	14.4521	-3.0179	2.0	0.0873	
54.9149	14.4144	-3.0116	1.8	0.0873	
54.7587	14.38	-3.006	1.6	0.0873	
54.6221	14.349	-3.0012	1.4	0.0873	
54.5052	14.3219	-2.997	1.2	0.0873	
54.4079	14.2989	-2.9935	1.0	0.0873	
54.3301	14.2803	-2.9907	0.8	0.0873	
54.2718	14.2661	-2.9886	0.6	0.0873	
54.2329	14.2566	-2.9872	0.4	0.0873	
54.2135	14.2518	-2.9865	0.2	0.0873	
54.2135	14.2518	-2.9865	0.0	0.0873	
54.2135	14.2518	-2.9865	0.0	0.096	
54.2135	14.2518	-2.9865	0.0	0.1047	
54.2135	14.2518	-2.9865	0.0	0.1134	
54.2135	14.2518	-2.9865	0.0	0.1222	
54.2135	14.2518	-2.9865	0.0	0.1309	
54.2135	14.2518	-2.9865	0.0	0.1396	
54.2135	14.2518	-2.9865	0.0	0.1484	
54.2135	14.2518	-2.9865	0.0	0.1571	
54.2135	14.2518	-2.9865	0.0	0.1658	
54.2135	14.2518	-2.9865	0.0	0.1745	
54.1851	14.2424	-2.9845	0.3	0.1658	
54.128	14.2238	-2.9808	0.6	0.1571	
54.0423	14.1964	-2.9755	0.9	0.1484	
53.9278	14.1603	-2.9688	1.2	0.1396	
53.7847	14.1155	-2.961	1.5	0.1309	
53.6129	14.0618	-2.9522	1.8	0.1222	
53.4124	13.9992	-2.9427	2.1	0.1134	
53.1834	13.9274	-2.9326	2.4	0.1047	
52.9259	13.8463	-2.9223	2.7	0.096	
52.661	13.7625	-2.9126	2.7778	0.0873	
52.3978	13.6738	-2.9019	2.7778	0.096	
52.1363	13.58	-2.8903	2.7778	0.1047	
51.8768	13.481	-2.8778	2.7778	0.1134	
51.6195	13.3764	-2.8642	2.7778	0.1222	
51.3645	13.2661	-2.8497	2.7778	0.1309	
51.1122	13.1499	-2.8342	2.7778	0.1396	
50.8628	13.0277	-2.8178	2.7778	0.1484	
50.6165	12.8992	-2.8004	2.7778	0.1571	
50.3737	12.7643	-2.7821	2.7778	0.1658	
50.1346	12.6229	-2.7628	2.7778	0.1745	
49.9068	12.4822	-2.7442	2.6778	0.1745	
49.69	12.3427	-2.7263	2.5778	0.1745	
49.4841	12.2049	-2.7091	2.4778	0.1745	
49.2888	12.0692	-2.6926	2.3778	0.1745	
49.1039	11.9362	-2.6768	2.2778	0.1745	
48.9291	11.8063	-2.6616	2.1778	0.1745	
48.7643	11.6798	-2.6472	2.0778	0.1745	
48.6091	11.5572	-2.6335	1.9778	0.1745	
48.4634	11.4387	-2.6204	1.8778	0.1745	
48.327	11.3247	-2.6081	1.7778	0.1745	
48.1615	11.1831	-2.5929	2.1778	0.1745	
47.9683	11.0125	-2.575	2.5778	0.1745	
47.7633	10.825	-2.5557	2.7778	0.1745	
47.5621	10.6336	-2.5365	2.7778	0.1745	
47.3645	10.4383	-2.5172	2.7778	0.1745	
47.1708	10.2392	-2.4979	2.7778	0.1745	
46.9809	10.0364	-2.4786	2.7778	0.1745	
46.795	9.83	-2.4593	2.7778	0.1745	
46.6131	9.6201	-2.44	2.7778	0.1745	
46.4353	9.4067	-2.4207	2.7778	0.1745	
46.2787	9.2147	-2.4043	2.4778	0.1658	
46.1424	9.0448	-2.3907	2.1778	0.1571	
46.0256	8.8978	-2.3796	1.8778	0.1484	
45.9277	8.7741	-2.3708	1.5778	0.1396	
45.8484	8.6739	-2.3641	1.2778	0.1309	
45.7876	8.5973	-2.3594	0.9778	0.1222	
45.7453	8.5444	-2.3563	0.6778	0.1134	
45.7215	8.515	-2.3547	0.3778	0.1047	
45.7165	8.509	-2.3544	0.0778	0.096	
45.7165	8.509	-2.3544	0.0	0.0873	
45.7165	8.509	-2.3544	0.0	0.0873	
45.7165	8.509	-2.3544	0.0	0.0873	
45.7165	8.509	-2.3544	0.0	0.0873	
45.7165	8.509	-2.3544	0.0	0.0873	
45.7165	8.509	-2.3544	0.0	0.0873	
45.7165	8.509	-2.3544	0.0	0.0873	
45.7165	8.509	-2.3544	0.0	0.0873	
45.7165	8.509	-2.3544	0.0	0.0873	
45.7165	8.509	-2.3544	0.0	0.0873	
45.7165	8.509	-2.3544	0.0	0.0873	
45.7036	8.4938	-2.3538	0.2	0.0785	
45.6774	8.4635	-2.3527	0.4	0.0698	
45.6378	8.4185	-2.3512	0.6	0.0611	
45.5846	8.3587	-2.3495	0.8	0.0524	
45.5175	8.2846	-2.3478	1.0	0.0436	
45.4364	8.1961	-2.3461	1.2	0.0349	
45.3411	8.0936	-2.3447	1.4	0.0262	
45.2313	7.9772	-2.3435	1.6	0.0175	
45.1067	7.8473	-2.3429	1.8	0.0087	
44.9672	7.704	-2.3429	2.0	0.0	
44.7983	7.5335	-2.3438	2.4	-0.0087	
44.6009	7.3381	-2.3457	2.7778	-0.0175	
44.4014	7.1448	-2.3486	2.7778	-0.0262	
44.1997	6.9538	-2.3525	2.7778	-0.0349	
43.9956	6.7654	-2.3573	2.7778	-0.0436	
43.7889	6.5797	-2.3631	2.7778	-0.0524	
43.5796	6.3971	-2.3699	2.7778	-0.0611	
43.3675	6.2178	-2.3777	2.7778	-0.0698	
43.1524	6.0419	-2.3864	2.7778	-0.0785	
42.9344	5.8699	-2.3961	2.7778	-0.0873	
42.7131	5.7019	-2.4067	2.7778	-0.096	
42.4887	5.5382	-2.4183	2.7778	-0.1047	
42.261	5.3791	-2.4309	2.7778	-0.1134	
42.03	5.2249	-2.4445	2.7778	-0.1222	
41.7955	5.0759	-2.459	2.7778	-0.1309	
41.5577	4.9324	-2.4744	2.7778	-0.1396	
41.3165	4.7946	-2.4908	2.7778	-0.1484	
41.0719	4.663	-2.5082	2.7778	-0.1571	
40.8239	4.5378	-2.5266	2.7778	-0.1658	
40.5726	4.4194	-2.5459	2.7778	-0.1745	
40.3557	4.3222	-2.5624	2.3778	-0.1745	
40.1738	4.2443	-2.5761	1.9778	-0.1745	
40.028	4.1842	-2.5871	1.5778	-0.1745	
39.9186	4.1405	-2.5953	1.1778	-0.1745	
39.8461	4.1122	-2.6007	0.7778	-0.1745	
39.8109	4.0987	-2.6033	0.3778	-0.1745	
39.8109	4.0987	-2.6033	0.0	-0.1745	
39.8109	4.0987	-2.6033	0.0	-0.1745	
39.8109	4.0987	-2.6033	0.0	-0.1745	
39.8109	4.0987	-2.6033	0.0	-0.1745	
39.8109	4.0987	-2.6033	0.0	-0.1745	
39.8109	4.0987	-2.6033	0.0	-0.1745	
39.8109	4.0987	-2.6033	0.0	-0.1745	
39.8109	4.0987	-2.6033	0.0	-0.1745	
39.8109	4.0987	-2.6033	0.0	-0.1745	
39.8109	4.0987	-2.6033	0.0	-0.1745	
39.8109	4.0987	-2.6033	0.0	-0.1745	
39.8109	4.0987	-2.6033	0.0	-0.1745	
39.8109	4.0987	-2.6033	0.0	-0.1745	
39.8109	4.0987	-2.6033	0.0	-0.1745	
39.8109	4.0987	-2.6033	0.0	-0.1658	
39.8109	4.0987	-2.6033	0.0	-0.1571	
39.8109	4.0987	-2.6033	0.0	-0.1484	
39.8109	4.0987	-2.6033	0.0	-0.1396	
39.8109	4.0987	-2.6033	0.0	-0.1309	
39.8109	4.0987	-2.6033	0.0	-0.1222	
39.8109	4.0987	-2.6033	0.0	-0.1134	
39.8109	4.0987	-2.6033	0.0	-0.1047	
39.8109	4.0987	-2.6033	0.0	-0.096	
39.8109	4.0987	-2.6033	0.0	-0.0873	
39.7661	4.0765	-2.6049	0.5	-0.0785	
39.6768	4.0315	-2.6076	1.0	-0.0698	
68	30	0.0	1.5	-0.0611	
68.1997	29.9895	-0.0042	2.0	-0.0524	
68.4494	29.9776	-0.0085	2.5	-0.0436	
68.727	29.9655	-0.0124	2.7778	-0.0349	
69.0045	29.9548	-0.0153	2.7778	-0.0262	
69.2822	29.9457	-0.0173	2.7778	-0.0175	
69.5598	29.9385	-0.0182	2.7778	-0.0087	
69.8376	29.9334	-0.0182	2.7778	0.0	
70.0653	29.9273	-0.019	2.2778	-0.0087	
70.2429	29.9208	-0.0203	1.7778	-0.0175	
70.3706	29.9148	-0.0216	1.2778	-0.0262	
70.4482	29.9104	-0.0227	0.7778	-0.0349	
70.4759	29.9086	-0.0232	0.2778	-0.0436	
70.4759	29.9086	-0.0232	0.0	-0.0524	
70.4759	29.9086	-0.0232	0.0	-0.0611	
70.4759	29.9086	-0.0232	0.0	-0.0698	
70.4759	29.9086	-0.0232	0.0	-0.0785	
70.4759	29.9086	-0.0232	0.0	-0.0873	
70.4958	29.9066	-0.0238	0.2	-0.0785	
70.5357	29.9028	-0.0249	0.4	-0.0698	
70.5954	29.8977	-0.0264	0.6	-0.0611	
70.6752	29.8914	-0.0281	0.8	-0.0524	
70.7749	29.8842	-0.0298	1.0	-0.0436	
70.8947	29.8765	-0.0315	1.2	-0.0349	
71.0344	29.8684	-0.033	1.4	-0.0262	
71.1942	29.8603	-0.0341	1.6	-0.0175	
71.3741	29.8526	-0.0347	1.8	-0.0087	
71.574	29.8457	-0.0347	2.0	0.0	
71.7938	29.838	-0.0347	2.2	0.0	
72.0337	29.8297	-0.0347	2.4	0.0	
72.2935	29.8207	-0.0347	2.6	0.0	
72.5711	29.8111	-0.0347	2.7778	0.0	
72.8487	29.8014	-0.0347	2.7778	0.0	
73.1264	29.7918	-0.0347	2.7778	0.0	
73.404	29.7821	-0.0347	2.7778	0.0	
73.6816	29.7725	-0.0347	2.7778	0.0	
73.9592	29.7629	-0.0347	2.7778	0.0	
74.2368	29.7532	-0.0347	2.7778	0.0	
74.5143	29.7412	-0.0357	2.7778	-0.0087	
74.7917	29.7264	-0.0376	2.7778	-0.0175	
75.0689	29.7087	-0.0405	2.7778	-0.0262	
75.3459	29.6878	-0.0444	2.7778	-0.0349	
75.6226	29.6634	-0.0492	2.7778	-0.0436	
75.8989	29.6352	-0.0551	2.7778	-0.0524	
76.1749	29.603	-0.0618	2.7778	-0.0611	
76.4502	29.5665	-0.0696	2.7778	-0.0698	
76.725	29.5255	-0.0783	2.7778	-0.0785	
76.9989	29.4798	-0.088	2.7778	-0.0873	
77.2425	29.4344	-0.0975	2.4778	-0.096	
77.4559	29.3907	-0.1066	2.1778	-0.1047	
77.6391	29.3497	-0.1151	1.8778	-0.1134	
77.7925	29.3126	-0.1228	1.5778	-0.1222	
77.9162	29.2805	-0.1295	1.2778	-0.1309	
78.0104	29.2545	-0.1349	0.9778	-0.1396	
78.0755	29.2356	-0.1389	0.6778	-0.1484	
78.1116	29.2246	-0.1413	0.3778	-0.1571	
78.1191	29.2222	-0.1418	0.0778	-0.1658	
78.1191	29.2222	-0.1418	0.0	-0.1745	
78.1666	29.2067	-0.1453	0.5	-0.1745	
78.2615	29.1752	-0.1522	1.0	-0.1745	
78.4036	29.1271	-0.1626	1.5	-0.1745	
78.5923	29.0609	-0.1765	2.0	-0.1745	
78.8271	28.975	-0.1939	2.5	-0.1745	
79.0862	28.8749	-0.2132	2.7778	-0.1745	
79.3434	28.7699	-0.2325	2.7778	-0.1745	
79.5984	28.6599	-0.2518	2.7778	-0.1745	
79.8514	28.5451	-0.2711	2.7778	-0.1745	
80.102	28.4253	-0.2904	2.7778	-0.1745	
80.3146	28.3187	-0.3069	2.3778	-0.1745	
80.4899	28.2272	-0.3206	1.9778	-0.1745	
80.6287	28.1522	-0.3316	1.5778	-0.1745	
80.7317	28.0951	-0.3398	1.1778	-0.1745	
80.7994	28.0568	-0.3452	0.7778	-0.1745	
80.8322	28.0381	-0.3478	0.3778	-0.1745	
80.8322	28.0381	-0.3478	0.0	-0.1745	
80.8322	28.0381	-0.3478	0.0	-0.1745	
80.8322	28.0381	-0.3478	0.0	-0.1745	
80.8322	28.0381	-0.3478	0.0	-0.1745	
80.867	28.0184	-0.3504	0.4	-0.1658	
80.937	27.9796	-0.3554	0.8	-0.1571	
81.0421	27.9216	-0.3625	1.2	-0.1484	
81.1823	27.8446	-0.3714	1.6	-0.1396	
81.3576	27.7483	-0.3819	2.0	-0.1309	
81.5677	27.6324	-0.3936	2.4	-0.1222	
81.8106	27.4975	-0.4061	2.7778	-0.1134	
82.0529	27.3617	-0.4178	2.7778	-0.1047	
82.2948	27.2252	-0.4284	2.7778	-0.096	
82.5365	27.0882	-0.4381	2.7778	-0.0873	
82.778	26.951	-0.4468	2.7778	-0.0785	
83.0195	26.8138	-0.4546	2.7778	-0.0698	
83.2612	26.6768	-0.4613	2.7778	-0.0611	
83.5031	26.5403	-0.4672	2.7778	-0.0524	
83.7454	26.4045	-0.472	2.7778	-0.0436	
83.9883	26.2697	-0.4759	2.7778	-0.0349	
84.2318	26.136	-0.4788	2.7778	-0.0262	
84.476	26.0037	-0.4807	2.7778	-0.0175	
84.7212	25.8731	-0.4817	2.7778	-0.0087	
84.9674	25.7444	-0.4817	2.7778	0.0	
85.179	25.6361	-0.4809	2.3778	0.0087	
85.356	25.5477	-0.4795	1.9778	0.0175	
85.4978	25.4786	-0.4778	1.5778	0.0262	
85.6042	25.4281	-0.4762	1.1778	0.0349	
85.6748	25.3955	-0.4748	0.7778	0.0436	
85.7093	25.3801	-0.474	0.3778	0.0524	
85.7093	25.3801	-0.474	0.0	0.0611	
85.7093	25.3801	-0.474	0.0	0.0698	
85.7093	25.3801	-0.474	0.0	0.0785	
85.7093	25.3801	-0.474	0.0	0.0873	
85.7093	25.3801	-0.474	0.0	0.0785	
85.7093	25.3801	-0.474	0.0	0.0698	
85.7093	25.3801	-0.474	0.0	0.0611	
85.7093	25.3801	-0.474	0.0	0.0524	
85.7093	25.3801	-0.474	0.0	0.0436	
85.7093	25.3801	-0.474	0.0	0.0349	
85.7093	25.3801	-0.474	0.0	0.0262	
85.7093	25.3801	-0.474	0.0	0.0175	
85.7093	25.3801	-0.474	0.0	0.0087	
85.7093	25.3801	-0.474	0.0	0.0	
85.7093	25.3801	-0.474	0.0	0.0	
85.7093	25.3801	-0.474	0.0	0.0	
85.7093	25.3801	-0.474	0.0	0.0	
85.7093	25.3801	-0.474	0.0	0.0	
85.7093	25.3801	-0.474	0.0	0.0	
85.7093	25.3801	-0.474	0.0	0.0	
85.7093	25.3801	-0.474	0.0	0.0	
85.7093	25.3801	-0.474	0.0	0.0	
85.7093	25.3801	-0.474	0.0	0.0	
85.7093	25.3801	-0.474	0.0	0.0	
85.7093	25.3801	-0.474	0.0	-0.0087	
85.7093	25.3801	-0.474	0.0	-0.0175	
85.7093	25.3801	-0.474	0.0	-0.0262	
85.7093	25.3801	-0.474	0.0	-0.0349	
85.7093	25.3801	-0.474	0.0	-0.0436	
85.7093	25.3801	-0.474	0.0	-0.0524	
85.7093	25.3801	-0.474	0.0	-0.0611	
85.7093	25.3801	-0.474	0.0	-0.0698	
85.7093	25.3801	-0.474	0.0	-0.0785	
85.7093	25.3801	-0.474	0.0	-0.0873	
85.7093	25.3801	-0.474	0.0	-0.0785	
85.7093	25.3801	-0.474	0.0	-0.0698	
85.7093	25.3801	-0.474	0.0	-0.0611	
85.7093	25.3801	-0.474	0.0	-0.0524	
85.7093	25.3801	-0.474	0.0	-0.0436	
85.7093	25.3801	-0.474	0.0	-0.0349	
85.7093	25.3801	-0.474	0.0	-0.0262	
85.7093	25.3801	-0.474	0.0	-0.0175	
85.7093	25.3801	-0.474	0.0	-0.0087	
85.7093	25.3801	-0.474	0.0	0.0	
85.7093	25.3801	-0.474	0.0	0.0	
85.7093	25.3801	-0.474	0.0	0.0	
85.7093	25.3801	-0.474	0.0	0.0	
85.7093	25.3801	-0.474	0.0	0.0	
85.7093	25.3801	-0.474	0.0	0.0	
85.7093	25.3801	-0.474	0.0	0.0	
85.7093	25.3801	-0.474	0.0	0.0	
85.7093	25.3801	-0.474	0.0	0.0	
85.7093	25.3801	-0.474	0.0	0.0	
85.7093	25.3801	-0.474	0.0	0.0	
85.7182	25.3756	-0.474	0.1	0.0087	
85.7362	25.3667	-0.4739	0.2	0.0175	
85.7632	25.3538	-0.4736	0.3	0.0262	
85.7994	25.3368	-0.473	0.4	0.0349	
85.8449	25.316	-0.4721	0.5	0.0436	
85.8997	25.2915	-0.4709	0.6	0.0524	
85.9639	25.2636	-0.4692	0.7	0.0611	
86.0376	25.2325	-0.4669	0.8	0.0698	
86.1209	25.1984	-0.4641	0.9	0.0785	
86.2139	25.1616	-0.4606	1.0	0.0873	
86.2697	25.1397	-0.4585	0.6	0.0873	
86.2884	25.1325	-0.4578	0.2	0.0873	
86.2884	25.1325	-0.4578	0.0	0.0873	
86.2884	25.1325	-0.4578	0.0	0.0873	
86.2884	25.1325	-0.4578	0.0	0.0873	
86.2884	25.1325	-0.4578	0.0	0.0873	
86.2884	25.1325	-0.4578	0.0	0.0873	
86.2884	25.1325	-0.4578	0.0	0.0873	
86.2884	25.1325	-0.4578	0.0	0.0873	
86.2884	25.1325	-0.4578	0.0	0.0873	
-1
37.8833	25.0	-3.1416	1.1667	0.0	
37.8167	25.0	-3.1416	0.6667	0.0	
37.8	25.0	-3.1416	0.1667	0.0	
37.8	25.0	-3.1416	0.0	0.0	
37.8	25.0	-3.1416	0.0	0.0	
37.8	25.0	-3.1416	0.0	0.0	
37.8	25.0	-3.1416	0.0	0.0	
37.8	25.0	-3.1416	0.0	0.0	
37.8	25.0	-3.1416	0.0	0.0	
37.8	25.0	-3.1416	0.0	0.0	
37.77	25.0003	3.1415	0.3	-0.0087	
37.71	25.0013	3.1411	0.6	-0.0175	
37.62	25.0037	3.1401	0.9	-0.0262	
37.5001	25.0081	3.1385	1.2	-0.0349	
37.3503	25.0151	3.1358	1.5	-0.0436	
37.1706	25.0256	3.1321	1.8	-0.0524	
36.9611	25.0404	3.1269	2.1	-0.0611	
36.722	25.0606	3.1202	2.4	-0.0698	
36.4533	25.0875	3.1118	2.7	-0.0785	
36.1774	25.12	3.1021	2.7778	-0.0873	
35.9019	25.1551	3.0924	2.7778	-0.0873	
35.6267	25.1929	3.0827	2.7778	-0.0873	
35.3519	25.2334	3.073	2.7778	-0.0873	
35.0775	25.2765	3.0633	2.7778	-0.0873	
34.8035	25.3222	3.0537	2.7778	-0.0873	
34.53	25.3706	3.044	2.7778	-0.0873	
34.2569	25.4217	3.0343	2.7778	-0.0873	
33.9844	25.4754	3.0246	2.7778	-0.0873	
33.7124	25.5318	3.0149	2.7778	-0.0873	
33.4409	25.5907	3.0052	2.7778	-0.0873	
33.1988	25.6436	2.9975	2.4778	-0.0785	
32.986	25.6898	2.9914	2.1778	-0.0698	
32.8024	25.7292	2.9868	1.8778	-0.0611	
32.648	25.7616	2.9835	1.5778	-0.0524	
32.5228	25.7872	2.9813	1.2778	-0.0436	
32.4269	25.8062	2.9799	0.9778	-0.0349	
32.3603	25.8189	2.9792	0.6778	-0.0262	
32.3232	25.8256	2.9789	0.3778	-0.0175	
32.3155	25.8269	2.9789	0.0778	-0.0087	
32.3155	25.8269	2.9789	0.0	0.0	
32.3155	25.8269	2.9789	0.0	0.0	
32.3155	25.8269	2.9789	0.0	0.0	
32.3155	25.8269	2.9789	0.0	0.0	
32.3155	25.8269	2.9789	0.0	0.0	
32.3155	25.8269	2.9789	0.0	0.0	
32.3155	25.8269	2.9789	0.0	0.0	
32.3155	25.8269	2.9789	0.0	0.0	
32.3155	25.8269	2.9789	0.0	0.0	
32.3155	25.8269	2.9789	0.0	0.0	
32.3155	25.8269	2.9789	0.0	0.0	
32.3155	25.8269	2.9789	0.0	0.0	
32.3155	25.8269	2.9789	0.0	0.0	
32.3155	25.8269	2.9789	0.0	0.0	
32.3155	25.8269	2.9789	0.0	0.0	
32.3155	25.8269	2.9789	0.0	0.0	
32.3155	25.8269	2.9789	0.0	0.0	
32.3155	25.8269	2.9789	0.0	0.0	
32.3155	25.8269	2.9789	0.0	0.0	
32.3155	25.8269	2.9789	0.0	0.0	
32.3155	25.8269	2.9789	0.0	0.0	
32.3155	25.8269	2.9789	0.0	0.0	
32.3155	25.8269	2.9789	0.0	0.0	
32.3155	25.8269	2.9789	0.0	0.0	
32.3155	25.8269	2.9789	0.0	0.0	
32.3155	25.8269	2.9789	0.0	0.0	
32.3155	25.8269	2.9789	0.0	0.0	
32.3155	25.8269	2.9789	0.0	0.0	
32.3155	25.8269	2.9789	0.0	0.0	
32.3155	25.8269	2.9789	0.0	0.0	
32.3155	25.8269	2.9789	0.0	0.0	
32.2957	25.83	2.979	0.2	0.0087	
32.2562	25.8358	2.9793	0.4	0.0175	
32.1967	25.8439	2.9799	0.6	0.0262	
32.1174	25.8541	2.981	0.8	0.0349	
32.018	25.8657	2.9827	1.0	0.0436	
31.8987	25.8785	2.9853	1.2	0.0524	
31.7594	25.8918	2.9887	1.4	0.0611	
31.5999	25.9051	2.9931	1.6	0.0698	
31.4203	25.9176	2.9988	1.8	0.0785	
31.2207	25.9287	3.0058	2.0	0.0873	
31.0609	25.9379	3.0108	1.6	0.0785	
30.9411	25.9452	3.0141	1.2	0.0698	
30.8613	25.9505	3.0161	0.8	0.0611	
30.8214	25.9535	3.0169	0.4	0.0524	
30.8214	25.9535	3.0169	0.0	0.0436	
30.8214	25.9535	3.0169	0.0	0.0349	
30.8214	25.9535	3.0169	0.0	0.0262	
30.8214	25.9535	3.0169	0.0	0.0175	
30.8214	25.9535	3.0169	0.0	0.0087	
30.8214	25.9535	3.0169	0.0	0.0	
30.7817	25.9581	3.0171	0.4	0.0087	
30.7022	25.9666	3.0176	0.8	0.0175	
30.5827	25.9783	3.0189	1.2	0.0262	
30.4233	25.9924	3.0211	1.6	0.0349	
30.2239	26.0077	3.0246	2.0	0.0436	
29.9844	26.0232	3.0296	2.4	0.0524	
29.707	26.0374	3.0364	2.7778	0.0611	
29.4294	26.0472	3.0442	2.7778	0.0698	
29.1517	26.0524	3.0529	2.7778	0.0785	
28.8739	26.0528	3.0626	2.7778	0.0873	
28.6261	26.053	3.0703	2.4778	0.0785	
28.4084	26.0533	3.0764	2.1778	0.0698	
28.2206	26.054	3.081	1.8778	0.0611	
28.0628	26.0553	3.0843	1.5778	0.0524	
27.935	26.0571	3.0865	1.2778	0.0436	
27.8373	26.0591	3.0879	0.9778	0.0349	
27.7695	26.0609	3.0886	0.6778	0.0262	
27.7318	26.0623	3.0889	0.3778	0.0175	
27.724	26.0626	3.0889	0.0778	0.0087	
27.724	26.0626	3.0889	0.0	0.0	
27.724	26.0626	3.0889	0.0	0.0087	
27.724	26.0626	3.0889	0.0	0.0175	
27.724	26.0626	3.0889	0.0	0.0262	
27.724	26.0626	3.0889	0.0	0.0349	
27.724	26.0626	3.0889	0.0	0.0436	
27.724	26.0626	3.0889	0.0	0.0524	
27.724	26.0626	3.0889	0.0	0.0611	
27.724	26.0626	3.0889	0.0	0.0698	
27.724	26.0626	3.0889	0.0	0.0785	
27.724	26.0626	3.0889	0.0	0.0873	
27.724	26.0626	3.0889	0.0	0.096	
27.724	26.0626	3.0889	0.0	0.1047	
27.724	26.0626	3.0889	0.0	0.1134	
27.724	26.0626	3.0889	0.0	0.1222	
27.724	26.0626	3.0889	0.0	0.1309	
27.724	26.0626	3.0889	0.0	0.1396	
27.724	26.0626	3.0889	0.0	0.1484	
27.724	26.0626	3.0889	0.0	0.1571	
27.724	26.0626	3.0889	0.0	0.1658	
27.724	26.0626	3.0889	0.0	0.1745	
27.724	26.0626	3.0889	0.0	0.1745	
27.724	26.0626	3.0889	0.0	0.1745	
27.724	26.0626	3.0889	0.0	0.1745	
27.724	26.0626	3.0889	0.0	0.1745	
27.724	26.0626	3.0889	0.0	0.1745	
27.724	26.0626	3.0889	0.0	0.1745	
27.724	26.0626	3.0889	0.0	0.1745	
27.724	26.0626	3.0889	0.0	0.1745	
27.724	26.0626	3.0889	0.0	0.1745	
27.724	26.0626	3.0889	0.0	0.1745	
27.6942	26.0592	3.0909	0.3	0.1658	
27.6345	26.0528	3.0946	0.6	0.1571	
27.545	26.0437	3.1	0.9	0.1484	
27.4256	26.032	3.1066	1.2	0.1396	
27.2763	26.0176	3.1145	1.5	0.1309	
27.0971	26.0005	3.1232	1.8	0.1222	
26.888	25.9806	3.1327	2.1	0.1134	
26.6491	25.9576	-3.1404	2.4	0.1047	
26.3804	25.9314	-3.13	2.7	0.096	
26.104	25.904	-3.1204	2.7778	0.0873	
25.8773	25.8813	-3.1132	2.2778	0.0785	
25.7004	25.8639	-3.1083	1.7778	0.0698	
25.5732	25.8519	-3.1051	1.2778	0.0611	
25.4957	25.845	-3.1035	0.7778	0.0524	
25.468	25.8427	-3.103	0.2778	0.0436	
25.468	25.8427	-3.103	0.0	0.0349	
25.468	25.8427	-3.103	0.0	0.0262	
25.468	25.8427	-3.103	0.0	0.0175	
25.468	25.8427	-3.103	0.0	0.0087	
25.468	25.8427	-3.103	0.0	0.0	
25.468	25.8427	-3.103	0.0	0.0	
25.468	25.8427	-3.103	0.0	0.0	
25.468	25.8427	-3.103	0.0	0.0	
25.468	25.8427	-3.103	0.0	0.0	
25.468	25.8427	-3.103	0.0	0.0	
25.468	25.8427	-3.103	0.0	0.0	
25.468	25.8427	-3.103	0.0	0.0	
25.468	25.8427	-3.103	0.0	0.0	
25.468	25.8427	-3.103	0.0	0.0	
25.468	25.8427	-3.103	0.0	0.0	
25.468	25.8427	-3.103	0.0	0.0087	
25.468	25.8427	-3.103	0.0	0.0175	
25.468	25.8427	-3.103	0.0	0.0262	
25.468	25.8427	-3.103	0.0	0.0349	
25.468	25.8427	-3.103	0.0	0.0436	
25.468	25.8427	-3.103	0.0	0.0524	
25.468	25.8427	-3.103	0.0	0.0611	
25.468	25.8427	-3.103	0.0	0.0698	
25.468	25.8427	-3.103	0.0	0.0785	
25.468	25.8427	-3.103	0.0	0.0873	
25.4184	25.8364	-3.1013	0.5	0.0873	
25.3193	25.8237	-3.0978	1.0	0.0873	
25.1705	25.8041	-3.0926	1.5	0.0873	
24.9724	25.7769	-3.0856	2.0	0.0873	
24.725	25.7412	-3.0769	2.5	0.0873	
24.4504	25.6992	-3.0672	2.7778	0.0873	
24.1762	25.6545	-3.0575	2.7778	0.0873	
23.9025	25.6071	-3.0478	2.7778	0.0873	
23.6293	25.5571	-3.0381	2.7778	0.0873	
23.3565	25.5044	-3.0285	2.7778	0.0873	
23.0848	25.4468	-3.0178	2.7778	0.096	
22.8143	25.3838	-3.0062	2.7778	0.1047	
22.545	25.3154	-2.9936	2.7778	0.1134	
22.2773	25.2413	-2.9801	2.7778	0.1222	
22.0113	25.1612	-2.9656	2.7778	0.1309	
21.7473	25.075	-2.9501	2.7778	0.1396	
21.4854	24.9824	-2.9337	2.7778	0.1484	
21.2259	24.8832	-2.9163	2.7778	0.1571	
20.9691	24.7774	-2.898	2.7778	0.1658	
20.7153	24.6646	-2.8787	2.7778	0.1745	
20.4636	24.5469	-2.8594	2.7778	0.1745	
20.2143	24.4244	-2.8401	2.7778	0.1745	
19.9675	24.2971	-2.8208	2.7778	0.1745	
19.7231	24.165	-2.8015	2.7778	0.1745	
19.4813	24.0283	-2.7822	2.7778	0.1745	
19.2421	23.8869	-2.7629	2.7778	0.1745	
19.0058	23.741	-2.7436	2.7778	0.1745	
18.7723	23.5905	-2.7243	2.7778	0.1745	
18.5418	23.4355	-2.705	2.7778	0.1745	
18.3143	23.2762	-2.6857	2.7778	0.1745	
18.0899	23.1124	-2.6664	2.7778	0.1745	
17.8687	22.9444	-2.6471	2.7778	0.1745	
17.6508	22.7721	-2.6278	2.7778	0.1745	
17.4363	22.5957	-2.6086	2.7778	0.1745	
17.2252	22.4151	-2.5893	2.7778	0.1745	
17.0176	22.2305	-2.57	2.7778	0.1745	
16.8136	22.0419	-2.5507	2.7778	0.1745	
16.6133	21.8495	-2.5314	2.7778	0.1745	
16.4168	21.6532	-2.5121	2.7778	0.1745	
16.2241	21.4531	-2.4928	2.7778	0.1745	
16.037	21.2478	-2.4725	2.7778	0.1833	
15.856	21.0371	-2.4513	2.7778	0.192	
15.6814	20.8211	-2.4292	2.7778	0.2007	
15.5135	20.5997	-2.4061	2.7778	0.2094	
15.3528	20.3732	-2.382	2.7778	0.2182	
15.1995	20.1415	-2.357	2.7778	0.2269	
15.0542	19.9048	-2.3311	2.7778	0.2356	
14.9171	19.6632	-2.3042	2.7778	0.2443	
14.7888	19.4168	-2.2764	2.7778	0.2531	
14.6695	19.166	-2.2476	2.7778	0.2618	
14.5553	18.9128	-2.2198	2.7778	0.2531	
14.4459	18.6574	-2.1929	2.7778	0.2443	
14.3412	18.4001	-2.167	2.7778	0.2356	
14.2409	18.1411	-2.142	2.7778	0.2269	
14.1449	17.8804	-2.118	2.7778	0.2182	
14.0528	17.6184	-2.0949	2.7778	0.2094	
13.9646	17.355	-2.0727	2.7778	0.2007	
13.8799	17.0904	-2.0515	2.7778	0.192	
13.7985	16.8248	-2.0313	2.7778	0.1833	
13.7201	16.5583	-2.012	2.7778	0.1745	
13.65	16.3103	-1.9949	2.5778	0.1658	
13.5873	16.0809	-1.9801	2.3778	0.1571	
13.5311	15.8705	-1.9672	2.1778	0.1484	
13.4809	15.6792	-1.9562	1.9778	0.1396	
13.4361	15.5072	-1.9469	1.7778	0.1309	
13.3965	15.3545	-1.9392	1.5778	0.1222	
13.3617	15.2211	-1.933	1.3778	0.1134	
13.3317	15.1072	-1.928	1.1778	0.1047	
13.3065	15.0128	-1.9243	0.9778	0.096	
13.286	14.9377	-1.9216	0.7778	0.0873	
13.2785	14.911	-1.9207	0.2778	0.0785	
13.2785	14.911	-1.9207	0.0	0.0698	
13.2785	14.911	-1.9207	0.0	0.0611	
13.2785	14.911	-1.9207	0.0	0.0524	
13.2785	14.911	-1.9207	0.0	0.0436	
13.2785	14.911	-1.9207	0.0	0.0349	
13.2785	14.911	-1.9207	0.0	0.0262	
13.2785	14.911	-1.9207	0.0	0.0175	
13.2785	14.911	-1.9207	0.0	0.0087	
13.2785	14.911	-1.9207	0.0	0.0	
13.2685	14.8827	-1.9206	0.3	0.0087	
13.2489	14.826	-1.9202	0.6	0.0175	
13.2203	14.7407	-1.9192	0.9	0.0262	
13.1833	14.6265	-1.9176	1.2	0.0349	
13.1386	14.4834	-1.915	1.5	0.0436	
13.0868	14.311	-1.9112	1.8	0.0524	
13.0289	14.1091	-1.9061	2.1	0.0611	
12.9659	13.8775	-1.8994	2.4	0.0698	
12.8991	13.6159	-1.8909	2.7	0.0785	
12.835	13.3456	-1.8812	2.7778	0.0873	
12.7844	13.1133	-1.8721	2.3778	0.096	
12.7458	12.9193	-1.8638	1.9778	0.1047	
12.7176	12.7641	-1.8567	1.5778	0.1134	
12.6984	12.6479	-1.8509	1.1778	0.1222	
12.6869	12.571	-1.8469	0.7778	0.1309	
12.6817	12.5335	-1.8448	0.3778	0.1396	
12.6817	12.5335	-1.8448	0.0	0.1484	
12.6817	12.5335	-1.8448	0.0	0.1571	
12.6817	12.5335	-1.8448	0.0	0.1658	
12.6817	12.5335	-1.8448	0.0	0.1745	
12.6817	12.5335	-1.8448	0.0	0.1833	
12.6817	12.5335	-1.8448	0.0	0.192	
12.6817	12.5335	-1.8448	0.0	0.2007	
12.6817	12.5335	-1.8448	0.0	0.2094	
12.6817	12.5335	-1.8448	0.0	0.2182	
12.6817	12.5335	-1.8448	0.0	0.2269	
12.6817	12.5335	-1.8448	0.0	0.2356	
12.6817	12.5335	-1.8448	0.0	0.2443	
12.6817	12.5335	-1.8448	0.0	0.2531	
12.6817	12.5335	-1.8448	0.0	0.2618	
12.6817	12.5335	-1.8448	0.0	0.2618	
12.6817	12.5335	-1.8448	0.0	0.2618	
12.6817	12.5335	-1.8448	0.0	0.2618	
12.6817	12.5335	-1.8448	0.0	0.2618	
12.6817	12.5335	-1.8448	0.0	0.2618	
12.6817	12.5335	-1.8448	0.0	0.2618	
12.6817	12.5335	-1.8448	0.0	0.2618	
12.6817	12.5335	-1.8448	0.0	0.2618	
12.6817	12.5335	-1.8448	0.0	0.2618	
12.6817	12.5335	-1.8448	0.0	0.2618	
12.6817	12.5335	-1.8448	0.0	0.2618	
12.6817	12.5335	-1.8448	0.0	0.2618	
12.6817	12.5335	-1.8448	0.0	0.2618	
12.6817	12.5335	-1.8448	0.0	0.2618	
12.6817	12.5335	-1.8448	0.0	0.2618	
12.6817	12.5335	-1.8448	0.0	0.2618	
12.6817	12.5335	-1.8448	0.0	0.2618	
12.6817	12.5335	-1.8448	0.0	0.2618	
12.6817	12.5335	-1.8448	0.0	0.2618	
12.6817	12.5335	-1.8448	0.0	0.2618	
12.6809	12.4935	-1.8408	0.4	0.2531	
12.6788	12.4136	-1.833	0.8	0.2443	
12.6756	12.2936	-1.8218	1.2	0.2356	
12.6718	12.1337	-1.8074	1.6	0.2269	
12.6681	11.9337	-1.7901	2.0	0.2182	
12.6657	11.6937	-1.7701	2.4	0.2094	
12.6661	11.4159	-1.748	2.7778	0.2007	
12.6702	11.1382	-1.7268	2.7778	0.192	
12.6778	10.8605	-1.7065	2.7778	0.1833	
12.6886	10.5829	-1.6872	2.7778	0.1745	
12.7018	10.3555	-1.6714	2.2778	0.1745	
12.7149	10.1782	-1.6591	1.7778	0.1745	
12.7259	10.0509	-1.6502	1.2778	0.1745	
12.7333	9.9735	-1.6448	0.7778	0.1745	
12.7361	9.9459	-1.6429	0.2778	0.1745	
12.7361	9.9459	-1.6429	0.0	0.1745	
12.7361	9.9459	-1.6429	0.0	0.1745	
12.7361	9.9459	-1.6429	0.0	0.1745	
12.7361	9.9459	-1.6429	0.0	0.1745	
12.7361	9.9459	-1.6429	0.0	0.1745	
12.7383	9.926	-1.6414	0.2	0.1833	
12.7432	9.8863	-1.6384	0.4	0.192	
12.7511	9.8268	-1.6336	0.6	0.2007	
12.7628	9.7477	-1.6269	0.8	0.2094	
12.7789	9.649	-1.6183	1.0	0.2182	
12.8004	9.5309	-1.6075	1.2	0.2269	
12.828	9.3937	-1.5944	1.4	0.2356	
12.8631	9.2376	-1.5789	1.6	0.2443	
12.9067	9.0629	-1.5609	1.8	0.2531	
12.9604	8.8703	-1.5402	2.0	0.2618	
13.0296	8.6405	-1.5153	2.4	0.2618	
13.1162	8.3766	-1.4866	2.7778	0.2618	
13.2104	8.1152	-1.4578	2.7778	0.2618	
13.3121	7.8567	-1.4291	2.7778	0.2618	
13.4212	7.6013	-1.4003	2.7778	0.2618	
13.5376	7.3491	-1.3715	2.7778	0.2618	
13.6612	7.1003	-1.3428	2.7778	0.2618	
13.7918	6.8552	-1.314	2.7778	0.2618	
13.9295	6.6139	-1.2853	2.7778	0.2618	
14.0741	6.3767	-1.2565	2.7778	0.2618	
14.218	6.1509	-1.2297	2.6778	0.2531	
14.3604	5.936	-1.2047	2.5778	0.2443	
14.5007	5.7318	-1.1816	2.4778	0.2356	
14.6381	5.5377	-1.1602	2.3778	0.2269	
14.772	5.3535	-1.1405	2.2778	0.2182	
14.902	5.1788	-1.1224	2.1778	0.2094	
15.0276	5.0132	-1.1058	2.0778	0.2007	
15.1484	4.8566	-1.0907	1.9778	0.192	
15.264	4.7087	-1.077	1.8778	0.1833	
15.3742	4.5691	-1.0647	1.7778	0.1745	
15.4911	4.4222	-1.0523	1.8778	0.1658	
15.6148	4.2679	-1.0399	1.9778	0.1571	
15.7453	4.1062	-1.0276	2.0778	0.1484	
18	53	3.1416	2.1778	0.1396	
17.7742	52.9703	-3.1297	2.2778	0.1309	
17.5385	52.9385	-3.1181	2.3778	0.1222	
17.2931	52.9047	-3.1069	2.4778	0.1134	
17.0378	52.8688	-3.0961	2.5778	0.1047	
16.7727	52.8311	-3.0858	2.6778	0.096	
16.4977	52.7915	-3.0762	2.7778	0.0873	
16.2232	52.7492	-3.0665	2.7778	0.0873	
15.9491	52.7043	-3.0568	2.7778	0.0873	
15.6754	52.6568	-3.0471	2.7778	0.0873	
15.4022	52.6066	-3.0374	2.7778	0.0873	
15.1295	52.5537	-3.0277	2.7778	0.0873	
14.8573	52.4982	-3.0181	2.7778	0.0873	
14.5857	52.4401	-3.0084	2.7778	0.0873	
14.3146	52.3793	-2.9987	2.7778	0.0873	
14.0442	52.316	-2.989	2.7778	0.0873	
13.7744	52.25	-2.9793	2.7778	0.0873	
13.5052	52.1814	-2.9696	2.7778	0.0873	
13.2367	52.1102	-2.96	2.7778	0.0873	
12.9689	52.0364	-2.9503	2.7778	0.0873	
12.7018	51.96	-2.9406	2.7778	0.0873	
12.4355	51.881	-2.9309	2.7778	0.0873	
12.17	51.7995	-2.9212	2.7778	0.0873	
11.9052	51.7154	-2.9115	2.7778	0.0873	
11.6413	51.6287	-2.9018	2.7778	0.0873	
11.3783	51.5395	-2.8922	2.7778	0.0873	
11.1161	51.4477	-2.8825	2.7778	0.0873	
10.8556	51.3511	-2.8718	2.7778	0.096	
10.5971	51.2495	-2.8602	2.7778	0.1047	
10.3407	51.1427	-2.8476	2.7778	0.1134	
10.0866	51.0304	-2.8341	2.7778	0.1222	
9.8351	50.9125	-2.8196	2.7778	0.1309	
9.5864	50.7887	-2.8041	2.7778	0.1396	
9.3408	50.659	-2.7877	2.7778	0.1484	
9.0985	50.5232	-2.7703	2.7778	0.1571	
8.8598	50.3811	-2.752	2.7778	0.1658	
8.6251	50.2326	-2.7327	2.7778	0.1745	
-1
48.8356	25.9986	-3.141	1.6444	0.0087	
48.7011	25.9961	-3.1401	1.3444	0.0175	
48.5967	25.9932	-3.139	1.0444	0.0262	
48.5223	25.9905	-3.1379	0.7444	0.0349	
48.4779	25.9884	-3.1372	0.4444	0.0436	
48.4635	25.9875	-3.1369	0.1444	0.0524	
48.4635	25.9875	-3.1369	0.0	0.0611	
48.4635	25.9875	-3.1369	0.0	0.0698	
48.4635	25.9875	-3.1369	0.0	0.0785	
48.4635	25.9875	-3.1369	0.0	0.0873	
48.4337	25.9845	-3.1357	0.3	0.096	
48.374	25.9779	-3.1332	0.6	0.1047	
48.2847	25.967	-3.1291	0.9	0.1134	
48.1658	25.9509	-3.1233	1.2	0.1222	
48.0175	25.9286	-3.1155	1.5	0.1309	
47.8399	25.8989	-3.1054	1.8	0.1396	
47.6335	25.8603	-3.093	2.1	0.1484	
47.3986	25.8113	-3.078	2.4	0.1571	
47.1356	25.7499	-3.0602	2.7	0.1658	
46.8669	25.6796	-3.0409	2.7778	0.1745	
46.6002	25.6018	-3.0206	2.7778	0.1833	
46.336	25.5163	-2.9994	2.7778	0.192	
46.0744	25.4229	-2.9773	2.7778	0.2007	
45.8157	25.3214	-2.9542	2.7778	0.2094	
45.5605	25.2118	-2.9301	2.7778	0.2182	
45.309	25.0939	-2.9051	2.7778	0.2269	
45.0616	24.9676	-2.8792	2.7778	0.2356	
44.8187	24.8328	-2.8523	2.7778	0.2443	
44.5808	24.6894	-2.8245	2.7778	0.2531	
44.3483	24.5375	-2.7957	2.7778	0.2618	
44.1531	24.4017	-2.7711	2.3778	0.2618	
43.9935	24.2848	-2.7506	1.9778	0.2618	
43.8682	24.189	-2.7343	1.5778	0.2618	
43.7758	24.1159	-2.7221	1.1778	0.2618	
43.7154	24.067	-2.7141	0.7778	0.2618	
43.6862	24.0429	-2.7102	0.3778	0.2618	
43.6862	24.0429	-2.7102	0.0	0.2618	
43.6862	24.0429	-2.7102	0.0	0.2618	
43.6862	24.0429	-2.7102	0.0	0.2618	
43.6862	24.0429	-2.7102	0.0	0.2618	
43.6862	24.0429	-2.7102	0.0	0.2531	
43.6862	24.0429	-2.7102	0.0	0.2443	
43.6862	24.0429	-2.7102	0.0	0.2356	
43.6862	24.0429	-2.7102	0.0	0.2269	
43.6862	24.0429	-2.7102	0.0	0.2182	
43.6862	24.0429	-2.7102	0.0	0.2094	
43.6862	24.0429	-2.7102	0.0	0.2007	
43.6862	24.0429	-2.7102	0.0	0.192	
43.6862	24.0429	-2.7102	0.0	0.1833	
43.6862	24.0429	-2.7102	0.0	0.1745	
43.678	24.0372	-2.7095	0.1	0.1745	
43.6616	24.0258	-2.7081	0.2	0.1745	
43.637	24.0087	-2.706	0.3	0.1745	
43.6042	23.9858	-2.7032	0.4	0.1745	
43.5633	23.957	-2.6997	0.5	0.1745	
43.5143	23.9223	-2.6956	0.6	0.1745	
43.4574	23.8816	-2.6907	0.7	0.1745	
43.3925	23.8348	-2.6851	0.8	0.1745	
43.3199	23.7817	-2.6789	0.9	0.1745	
43.2395	23.7222	-2.672	1.0	0.1745	
43.168	23.6675	-2.6654	0.9	0.1833	
43.1052	23.618	-2.6593	0.8	0.192	
43.0509	23.5738	-2.6537	0.7	0.2007	
43.0049	23.5353	-2.6487	0.6	0.2094	
42.967	23.5026	-2.6444	0.5	0.2182	
42.9371	23.4761	-2.6408	0.4	0.2269	
42.9148	23.456	-2.638	0.3	0.2356	
42.9002	23.4424	-2.636	0.2	0.2443	
42.8929	23.4355	-2.635	0.1	0.2531	
42.8929	23.4355	-2.635	0.0	0.2618	
42.8786	23.4215	-2.6329	0.2	0.2705	
42.8504	23.3931	-2.6285	0.4	0.2793	
42.8087	23.35	-2.6217	0.6	0.288	
42.7539	23.2917	-2.6123	0.8	0.2967	
42.6868	23.2176	-2.6003	1.0	0.3054	
42.6081	23.127	-2.5855	1.2	0.3142	
42.5188	23.0192	-2.5677	1.4	0.3229	
42.42	22.8933	-2.5469	1.6	0.3316	
42.3131	22.7485	-2.5228	1.8	0.3403	
42.1997	22.5838	-2.4955	2.0	0.3491	
42.1004	22.4336	-2.4714	1.8	0.3403	
42.0142	22.2988	-2.4506	1.6	0.3316	
41.9402	22.18	-2.4328	1.4	0.3229	
41.8777	22.0776	-2.418	1.2	0.3142	
41.8261	21.9919	-2.406	1.0	0.3054	
41.7851	21.9232	-2.3966	0.8	0.2967	
41.7544	21.8717	-2.3898	0.6	0.288	
41.7338	21.8374	-2.3854	0.4	0.2793	
41.7234	21.8202	-2.3832	0.2	0.2705	
41.7234	21.8202	-2.3832	0.0	0.2618	
41.7234	21.8202	-2.3832	0.0	0.2705	
41.7234	21.8202	-2.3832	0.0	0.2793	
41.7234	21.8202	-2.3832	0.0	0.288	
41.7234	21.8202	-2.3832	0.0	0.2967	
41.7234	21.8202	-2.3832	0.0	0.3054	
41.7234	21.8202	-2.3832	0.0	0.3142	
41.7234	21.8202	-2.3832	0.0	0.3229	
41.7234	21.8202	-2.3832	0.0	0.3316	
41.7234	21.8202	-2.3832	0.0	0.3403	
41.7234	21.8202	-2.3832	0.0	0.3491	
41.7234	21.8202	-2.3832	0.0	0.3491	
41.7234	21.8202	-2.3832	0.0	0.3491	
41.7234	21.8202	-2.3832	0.0	0.3491	
41.7234	21.8202	-2.3832	0.0	0.3491	
41.7234	21.8202	-2.3832	0.0	0.3491	
41.7234	21.8202	-2.3832	0.0	0.3491	
41.7234	21.8202	-2.3832	0.0	0.3491	
41.7234	21.8202	-2.3832	0.0	0.3491	
41.7234	21.8202	-2.3832	0.0	0.3491	
41.7234	21.8202	-2.3832	0.0	0.3491	
41.7234	21.8202	-2.3832	0.0	0.3491	
41.7234	21.8202	-2.3832	0.0	0.3491	
41.7234	21.8202	-2.3832	0.0	0.3491	
41.7234	21.8202	-2.3832	0.0	0.3491	
41.7234	21.8202	-2.3832	0.0	0.3491	
41.7234	21.8202	-2.3832	0.0	0.3491	
41.7234	21.8202	-2.3832	0.0	0.3491	
41.7234	21.8202	-2.3832	0.0	0.3491	
41.7234	21.8202	-2.3832	0.0	0.3491	
41.7234	21.8202	-2.3832	0.0	0.3491	
41.7234	21.8202	-2.3832	0.0	0.3491	
41.7234	21.8202	-2.3832	0.0	0.3491	
41.7234	21.8202	-2.3832	0.0	0.3491	
41.7234	21.8202	-2.3832	0.0	0.3491	
41.7234	21.8202	-2.3832	0.0	0.3491	
41.7234	21.8202	-2.3832	0.0	0.3491	
41.7234	21.8202	-2.3832	0.0	0.3491	
41.7234	21.8202	-2.3832	0.0	0.3491	
41.7234	21.8202	-2.3832	0.0	0.3491	
41.7234	21.8202	-2.3832	0.0	0.3491	
41.7059	21.7843	-2.3776	0.4	0.3578	
41.6718	21.7119	-2.3662	0.8	0.3665	
41.6228	21.6024	-2.3486	1.2	0.3752	
41.5614	21.4546	-2.3246	1.6	0.384	
41.4908	21.2675	-2.294	2.0	0.3927	
41.4149	21.0398	-2.2565	2.4	0.4014	
41.3393	20.7725	-2.2122	2.7778	0.4102	
41.278	20.5016	-2.167	2.7778	0.4189	
41.2314	20.2278	-2.1209	2.7778	0.4276	
41.1999	19.9518	-2.0739	2.7778	0.4363	
41.1813	19.6746	-2.027	2.7778	0.4363	
41.1758	19.3969	-1.98	2.7778	0.4363	
41.1833	19.1192	-1.9331	2.7778	0.4363	
41.2039	18.8422	-1.8861	2.7778	0.4363	
41.2374	18.5665	-1.8392	2.7778	0.4363	
41.2839	18.2926	-1.7922	2.7778	0.4363	
41.3431	18.0212	-1.7452	2.7778	0.4363	
41.415	17.7529	-1.6983	2.7778	0.4363	
41.4994	17.4883	-1.6513	2.7778	0.4363	
41.5962	17.2279	-1.6044	2.7778	0.4363	
41.6855	17.0183	-1.5659	2.2778	0.4363	
41.7614	16.8576	-1.5358	1.7778	0.4363	
41.8194	16.7437	-1.5142	1.2778	0.4363	
41.8562	16.6752	-1.5011	0.7778	0.4363	
41.8697	16.6509	-1.4964	0.2778	0.4363	
41.8697	16.6509	-1.4964	0.0	0.4363	
41.8697	16.6509	-1.4964	0.0	0.4363	
41.8697	16.6509	-1.4964	0.0	0.4363	
41.8697	16.6509	-1.4964	0.0	0.4363	
41.8697	16.6509	-1.4964	0.0	0.4363	
41.8896	16.6162	-1.4895	0.4	0.4451	
41.9303	16.5474	-1.4755	0.8	0.4538	
41.9939	16.4456	-1.454	1.2	0.4625	
42.0826	16.3125	-1.425	1.6	0.4712	
42.1998	16.1503	-1.388	2.0	0.48	
42.3491	15.9624	-1.343	2.4	0.4887	
42.5333	15.7546	-1.29	2.7778	0.4974	
42.7301	15.5585	-1.2361	2.7778	0.5061	
42.9387	15.3751	-1.1814	2.7778	0.5149	
43.1585	15.2052	-1.1258	2.7778	0.5236	
43.3874	15.0479	-1.0703	2.7778	0.5236	
43.6247	14.9035	-1.0147	2.7778	0.5236	
43.8696	14.7725	-0.9592	2.7778	0.5236	
44.1215	14.6553	-0.9036	2.7778	0.5236	
44.3795	14.5522	-0.848	2.7778	0.5236	
44.6427	14.4637	-0.7925	2.7778	0.5236	
44.9105	14.3899	-0.7369	2.7778	0.5236	
45.182	14.3311	-0.6814	2.7778	0.5236	
45.4563	14.2875	-0.6258	2.7778	0.5236	
45.7327	14.2591	-0.5703	2.7778	0.5236	
46.0103	14.2486	-0.5139	2.7778	0.5323	
46.2879	14.2561	-0.4566	2.7778	0.5411	
46.5645	14.282	-0.3986	2.7778	0.5498	
46.8387	14.3262	-0.3397	2.7778	0.5585	
47.1094	14.3888	-0.28	2.7778	0.5672	
47.3751	14.4699	-0.2195	2.7778	0.576	
47.6345	14.5691	-0.1582	2.7778	0.5847	
47.8864	14.6862	-0.096	2.7778	0.5934	
48.1293	14.8208	-0.0331	2.7778	0.6021	
48.362	14.9726	0.0306	2.7778	0.6109	
48.5831	15.1407	0.0952	2.7778	0.6196	
48.7913	15.3246	0.1605	2.7778	0.6283	
48.9854	15.5234	0.2266	2.7778	0.637	
49.164	15.7361	0.2934	2.7778	0.6458	
49.326	15.9617	0.3611	2.7778	0.6545	
49.4704	16.199	0.4295	2.7778	0.6632	
49.596	16.4468	0.4986	2.7778	0.672	
49.702	16.7035	0.5686	2.7778	0.6807	
49.7875	16.9678	0.6392	2.7778	0.6894	
49.8518	17.2381	0.7107	2.7778	0.6981	
49.899	17.5118	0.7813	2.7778	0.6894	
49.9291	17.788	0.8513	2.7778	0.6807	
49.9423	18.0654	0.9204	2.7778	0.672	
49.9388	18.3432	0.9888	2.7778	0.6632	
49.9186	18.6202	1.0565	2.7778	0.6545	
49.8822	18.8956	1.1233	2.7778	0.6458	
49.8299	19.1684	1.1894	2.7778	0.637	
49.762	19.4378	1.2547	2.7778	0.6283	
49.6789	19.7028	1.3193	2.7778	0.6196	
49.5813	19.9629	1.383	2.7778	0.6109	
49.4754	20.1979	1.4421	2.5778	0.6109	
49.3652	20.4086	1.4967	2.3778	0.6109	
49.2538	20.5957	1.5467	2.1778	0.6109	
49.1443	20.7604	1.592	1.9778	0.6109	
49.0393	20.9039	1.6328	1.7778	0.6109	
48.9409	21.0272	1.669	1.5778	0.6109	
48.8512	21.1318	1.7006	1.3778	0.6109	
48.7717	21.2187	1.7277	1.1778	0.6109	
48.7038	21.2891	1.7501	0.9778	0.6109	
48.6486	21.3438	1.7679	0.7778	0.6109	
48.5919	21.3971	1.786	0.7778	0.6196	
48.5338	21.4488	1.8043	0.7778	0.6283	
48.4743	21.4989	1.8228	0.7778	0.637	
48.4135	21.5474	1.8415	0.7778	0.6458	
48.3514	21.5942	1.8605	0.7778	0.6545	
48.288	21.6392	1.8796	0.7778	0.6632	
48.2233	21.6825	1.899	0.7778	0.672	
48.1575	21.724	1.9186	0.7778	0.6807	
48.0906	21.7635	1.9383	0.7778	0.6894	
48.0225	21.8012	1.9583	0.7778	0.6981	
47.9628	21.8333	1.9756	0.6778	0.6894	
47.9117	21.8602	1.9901	0.5778	0.6807	
47.8693	21.8823	2.002	0.4778	0.672	
47.8357	21.8996	2.0113	0.3778	0.6632	
47.8111	21.9123	2.0181	0.2778	0.6545	
47.7953	21.9205	2.0224	0.1778	0.6458	
47.7884	21.9241	2.0242	0.0778	0.637	
47.7884	21.9241	2.0242	0.0	0.6283	
47.7884	21.9241	2.0242	0.0	0.6196	
47.7884	21.9241	2.0242	0.0	0.6109	
47.7884	21.9241	2.0242	0.0	0.6021	
47.7884	21.9241	2.0242	0.0	0.5934	
47.7884	21.9241	2.0242	0.0	0.5847	
47.7884	21.9241	2.0242	0.0	0.576	
47.7884	21.9241	2.0242	0.0	0.5672	
47.7884	21.9241	2.0242	0.0	0.5585	
47.7884	21.9241	2.0242	0.0	0.5498	
47.7884	21.9241	2.0242	0.0	0.5411	
47.7884	21.9241	2.0242	0.0	0.5323	
47.7884	21.9241	2.0242	0.0	0.5236	
47.7884	21.9241	2.0242	0.0	0.5323	
47.7884	21.9241	2.0242	0.0	0.5411	
47.7884	21.9241	2.0242	0.0	0.5498	
47.7884	21.9241	2.0242	0.0	0.5585	
47.7884	21.9241	2.0242	0.0	0.5672	
47.7884	21.9241	2.0242	0.0	0.576	
47.7884	21.9241	2.0242	0.0	0.5847	
47.7884	21.9241	2.0242	0.0	0.5934	
47.7884	21.9241	2.0242	0.0	0.6021	
47.7884	21.9241	2.0242	0.0	0.6109	
47.7884	21.9241	2.0242	0.0	0.6109	
47.7884	21.9241	2.0242	0.0	0.6109	
47.7884	21.9241	2.0242	0.0	0.6109	
47.7884	21.9241	2.0242	0.0	0.6109	
47.7884	21.9241	2.0242	0.0	0.6109	
47.7884	21.9241	2.0242	0.0	0.6109	
47.7884	21.9241	2.0242	0.0	0.6109	
47.7884	21.9241	2.0242	0.0	0.6109	
47.7884	21.9241	2.0242	0.0	0.6109	
47.7884	21.9241	2.0242	0.0	0.6109	
47.7536	21.9438	2.0333	0.4	0.6021	
47.6839	21.9832	2.0512	0.8	0.5934	
47.579	22.0413	2.0777	1.2	0.5847	
47.4376	22.1164	2.1125	1.6	0.576	
47.2586	22.2055	2.1555	2.0	0.5672	
47.0402	22.305	2.2064	2.4	0.5585	
46.7828	22.4094	2.2644	2.7778	0.5498	
46.5206	22.501	2.3217	2.7778	0.5411	
46.2542	22.5798	2.3781	2.7778	0.5323	
45.9844	22.6458	2.4336	2.7778	0.5236	
45.7306	22.6909	2.4859	2.5778	0.5323	
45.4943	22.7181	2.5349	2.3778	0.5411	
45.2769	22.7305	2.5804	2.1778	0.5498	
45.0791	22.731	2.6224	1.9778	0.5585	
44.9016	22.7224	2.6606	1.7778	0.5672	
44.7445	22.7075	2.695	1.5778	0.576	
44.608	22.6885	2.7254	1.3778	0.5847	
44.4921	22.6678	2.7517	1.1778	0.5934	
44.3965	22.6472	2.7739	0.9778	0.6021	
44.321	22.6284	2.7917	0.7778	0.6109	
44.2169	22.6006	2.8164	1.0778	0.6109	
44.0847	22.5618	2.8481	1.3778	0.6109	
43.9253	22.5095	2.8865	1.6778	0.6109	
43.7399	22.4406	2.9319	1.9778	0.6109	
43.5302	22.3516	2.9842	2.2778	0.6109	
43.2985	22.2387	3.0433	2.5778	0.6109	
43.0564	22.1024	3.1071	2.7778	0.6109	
42.8235	21.9511	-3.1124	2.7778	0.6109	
42.6007	21.7852	-3.0487	2.7778	0.6109	
42.3889	21.6054	-2.9849	2.7778	0.6109	
42.225	21.4473	-2.9327	2.2778	0.6109	
42.1037	21.3173	-2.8919	1.7778	0.6109	
42.0204	21.2204	-2.8626	1.2778	0.6109	
41.9714	21.16	-2.8447	0.7778	0.6109	
41.9543	21.1381	-2.8384	0.2778	0.6109	
41.9543	21.1381	-2.8384	0.0	0.6109	
41.9543	21.1381	-2.8384	0.0	0.6109	
41.9543	21.1381	-2.8384	0.0	0.6109	
41.9543	21.1381	-2.8384	0.0	0.6109	
41.9543	21.1381	-2.8384	0.0	0.6109	
41.9543	21.1381	-2.8384	0.0	0.6109	
41.9543	21.1381	-2.8384	0.0	0.6109	
41.9543	21.1381	-2.8384	0.0	0.6109	
41.9543	21.1381	-2.8384	0.0	0.6109	
41.9543	21.1381	-2.8384	0.0	0.6109	
41.9543	21.1381	-2.8384	0.0	0.6109	
41.9543	21.1381	-2.8384	0.0	0.6109	
41.9543	21.1381	-2.8384	0.0	0.6109	
41.9543	21.1381	-2.8384	0.0	0.6109	
41.9543	21.1381	-2.8384	0.0	0.6109	
41.9543	21.1381	-2.8384	0.0	0.6196	
41.9543	21.1381	-2.8384	0.0	0.6283	
41.9543	21.1381	-2.8384	0.0	0.637	
41.9543	21.1381	-2.8384	0.0	0.6458	
41.9543	21.1381	-2.8384	0.0	0.6545	
41.9543	21.1381	-2.8384	0.0	0.6632	
41.9543	21.1381	-2.8384	0.0	0.672	
41.9543	21.1381	-2.8384	0.0	0.6807	
41.9543	21.1381	-2.8384	0.0	0.6894	
41.9543	21.1381	-2.8384	0.0	0.6981	
41.9274	21.096	-2.8255	0.5	0.6981	
41.8746	21.0111	-2.7998	1.0	0.6981	
41.7986	20.8817	-2.7612	1.5	0.6981	
41.7041	20.7055	-2.7098	2.0	0.6981	
41.5974	20.4794	-2.6455	2.5	0.6981	
41.4952	20.2211	-2.5741	2.7778	0.6981	
41.4118	19.9561	-2.5027	2.7778	0.6981	
41.3474	19.6859	-2.4313	2.7778	0.6981	
41.3025	19.4118	-2.3598	2.7778	0.6981	
41.2773	19.1352	-2.2884	2.7778	0.6981	
41.2745	18.8774	-2.2215	2.5778	0.7069	
41.29	18.6401	-2.1591	2.3778	0.7156	
41.3195	18.4243	-2.1013	2.1778	0.7243	
41.3593	18.2306	-2.0484	1.9778	0.733	
41.4057	18.059	-2.0004	1.7778	0.7418	
41.4555	17.9093	-1.9573	1.5778	0.7505	
41.5056	17.781	-1.9194	1.3778	0.7592	
41.5536	17.6734	-1.8867	1.1778	0.7679	
41.5971	17.5858	-1.8592	0.9778	0.7767	
41.6342	17.5174	-1.8372	0.7778	0.7854	
41.6926	17.4152	-1.8039	1.1778	0.7854	
41.7754	17.2808	-1.7593	1.5778	0.7854	
41.8865	17.1173	-1.7034	1.9778	0.7854	
42.031	16.9284	-1.6361	2.3778	0.7854	
42.2141	16.7196	-1.5575	2.7778	0.7854	
42.4131	16.5258	-1.479	2.7778	0.7854	
42.6267	16.3482	-1.4004	2.7778	0.7854	
42.8536	16.1879	-1.3218	2.7778	0.7854	
43.0924	16.0459	-1.2433	2.7778	0.7854	
43.3415	15.9232	-1.1647	2.7778	0.7854	
43.5996	15.8203	-1.0861	2.7778	0.7854	
43.8649	15.738	-1.0076	2.7778	0.7854	
44.1358	15.6768	-0.929	2.7778	0.7854	
44.4108	15.6371	-0.8504	2.7778	0.7854	
44.6879	15.619	-0.7719	2.7778	0.7854	
44.9657	15.6228	-0.6933	2.7778	0.7854	
45.2423	15.6483	-0.6147	2.7778	0.7854	
45.516	15.6955	-0.5362	2.7778	0.7854	
45.7852	15.764	-0.4576	2.7778	0.7854	
46.0482	15.8534	-0.379	2.7778	0.7854	
46.3043	15.961	-0.3012	2.7778	0.7767	
46.5524	16.086	-0.224	2.7778	0.7679	
46.7913	16.2277	-0.1475	2.7778	0.7592	
47.0201	16.3852	-0.0717	2.7778	0.7505	
47.2378	16.5577	0.0034	2.7778	0.7418	
47.4436	16.7443	0.0777	2.7778	0.733	
47.6368	16.944	0.1513	2.7778	0.7243	
47.8165	17.1557	0.2242	2.7778	0.7156	
47.9823	17.3786	0.2964	2.7778	0.7069	
48.1337	17.6115	0.3678	2.7778	0.6981	
48.2564	17.8382	0.4348	2.5778	0.7069	
48.3535	18.0553	0.4972	2.3778	0.7156	
48.428	18.2599	0.5549	2.1778	0.7243	
48.4832	18.4498	0.6078	1.9778	0.733	
48.5222	18.6232	0.6559	1.7778	0.7418	
48.548	18.7789	0.6989	1.5778	0.7505	
48.5635	18.9158	0.7369	1.3778	0.7592	
48.5713	19.0333	0.7696	1.1778	0.7679	
48.5737	19.1311	0.797	0.9778	0.7767	
48.5728	19.2088	0.819	0.7778	0.7854	
48.5712	19.2566	0.8325	0.4778	0.7854	
48.5704	19.2744	0.8375	0.1778	0.7854	
48.5704	19.2744	0.8375	0.0	0.7854	
48.5704	19.2744	0.8375	0.0	0.7854	
48.5704	19.2744	0.8375	0.0	0.7854	
48.5704	19.2744	0.8375	0.0	0.7854	
48.5704	19.2744	0.8375	0.0	0.7854	
48.5704	19.2744	0.8375	0.0	0.7854	
48.5704	19.2744	0.8375	0.0	0.7854	
48.5704	19.2744	0.8375	0.0	0.7854	
-1
29.0	17.1133	1.5708	1.1333	0.0	
29.0	17.2567	1.5708	1.4333	0.0	
29.0	17.43	1.5708	1.7333	0.0	
29.0	17.6333	1.5708	2.0333	0.0	
29.0	17.8667	1.5708	2.3333	0.0	
29.0	18.13	1.5708	2.6333	0.0	
29.0	18.4078	1.5708	2.7778	0.0	
29.0	18.6856	1.5708	2.7778	0.0	
29.0	18.9633	1.5708	2.7778	0.0	
29.0	19.2411	1.5708	2.7778	0.0	
29.0023	19.5089	1.5699	2.6778	-0.0087	
29.0071	19.7666	1.5681	2.5778	-0.0175	
29.0142	20.0143	1.5655	2.4778	-0.0262	
29.0238	20.2519	1.5621	2.3778	-0.0349	
29.0357	20.4793	1.5582	2.2778	-0.0436	
29.0498	20.6967	1.5536	2.1778	-0.0524	
29.0661	20.9038	1.5485	2.0778	-0.0611	
29.0843	21.1007	1.543	1.9778	-0.0698	
29.1042	21.2875	1.5371	1.8778	-0.0785	
29.1257	21.4639	1.5309	1.7778	-0.0873	
29.1565	21.6896	1.5222	2.2778	-0.096	
29.1989	21.9641	1.5106	2.7778	-0.1047	
29.2469	22.2377	1.498	2.7778	-0.1134	
29.3007	22.5102	1.4845	2.7778	-0.1222	
29.3606	22.7815	1.47	2.7778	-0.1309	
29.4268	23.0513	1.4545	2.7778	-0.1396	
29.4994	23.3194	1.4381	2.7778	-0.1484	
29.5788	23.5856	1.4207	2.7778	-0.1571	
29.6651	23.8496	1.4024	2.7778	-0.1658	
29.7585	24.1112	1.3831	2.7778	-0.1745	
29.8512	24.3624	1.3654	2.6778	-0.1658	
29.9426	24.6035	1.3493	2.5778	-0.1571	
30.0322	24.8345	1.3346	2.4778	-0.1484	
30.1195	25.0557	1.3214	2.3778	-0.1396	
30.204	25.2672	1.3095	2.2778	-0.1309	
30.2855	25.4691	1.2989	2.1778	-0.1222	
30.3636	25.6617	1.2894	2.0778	-0.1134	
30.4381	25.8449	1.2812	1.9778	-0.1047	
30.5087	26.0189	1.274	1.8778	-0.096	
30.5753	26.1837	1.2678	1.7778	-0.0873	
30.6316	26.3204	1.2626	1.4778	-0.0873	
30.6769	26.429	1.2585	1.1778	-0.0873	
30.7111	26.5099	1.2555	0.8778	-0.0873	
30.7337	26.5631	1.2535	0.5778	-0.0873	
30.7446	26.5886	1.2525	0.2778	-0.0873	
30.7446	26.5886	1.2525	0.0	-0.0873	
30.7446	26.5886	1.2525	0.0	-0.0873	
30.7446	26.5886	1.2525	0.0	-0.0873	
30.7446	26.5886	1.2525	0.0	-0.0873	
30.7446	26.5886	1.2525	0.0	-0.0873	
30.7446	26.5886	1.2525	0.0	-0.0785	
30.7446	26.5886	1.2525	0.0	-0.0698	
30.7446	26.5886	1.2525	0.0	-0.0611	
30.7446	26.5886	1.2525	0.0	-0.0524	
30.7446	26.5886	1.2525	0.0	-0.0436	
30.7446	26.5886	1.2525	0.0	-0.0349	
30.7446	26.5886	1.2525	0.0	-0.0262	
30.7446	26.5886	1.2525	0.0	-0.0175	
30.7446	26.5886	1.2525	0.0	-0.0087	
30.7446	26.5886	1.2525	0.0	0.0	
30.7446	26.5886	1.2525	0.0	0.0087	
30.7446	26.5886	1.2525	0.0	0.0175	
30.7446	26.5886	1.2525	0.0	0.0262	
30.7446	26.5886	1.2525	0.0	0.0349	
30.7446	26.5886	1.2525	0.0	0.0436	
30.7446	26.5886	1.2525	0.0	0.0524	
30.7446	26.5886	1.2525	0.0	0.0611	
30.7446	26.5886	1.2525	0.0	0.0698	
30.7446	26.5886	1.2525	0.0	0.0785	
30.7446	26.5886	1.2525	0.0	0.0873	
30.7492	26.6081	1.2532	0.2	0.0873	
30.7584	26.647	1.2546	0.4	0.0873	
30.772	26.7055	1.2567	0.6	0.0873	
30.79	26.7834	1.2595	0.8	0.0873	
30.8122	26.8809	1.2629	1.0	0.0873	
30.8384	26.998	1.2671	1.2	0.0873	
30.8685	27.1347	1.272	1.4	0.0873	
30.9021	27.2912	1.2776	1.6	0.0873	
30.9389	27.4674	1.2839	1.8	0.0873	
30.9786	27.6634	1.2908	2.0	0.0873	
31.0266	27.8985	1.2984	2.4	0.0785	
31.0825	28.1706	1.3061	2.7778	0.0698	
31.1387	28.4427	1.3129	2.7778	0.0611	
31.1953	28.7146	1.3187	2.7778	0.0524	
31.2528	28.9864	1.3236	2.7778	0.0436	
31.3114	29.2579	1.3274	2.7778	0.0349	
31.3712	29.5292	1.3303	2.7778	0.0262	
31.4327	29.8001	1.3323	2.7778	0.0175	
31.4959	30.0705	1.3333	2.7778	0.0087	
31.5613	30.3405	1.3333	2.7778	0.0	
31.622	30.6013	1.3342	2.6778	0.0087	
31.6781	30.8529	1.336	2.5778	0.0175	
31.7294	31.0953	1.3386	2.4778	0.0262	
31.776	31.3285	1.3419	2.3778	0.0349	
31.818	31.5524	1.3459	2.2778	0.0436	
31.8554	31.7669	1.3504	2.1778	0.0524	
31.8883	31.9721	1.3555	2.0778	0.0611	
31.917	32.1678	1.361	1.9778	0.0698	
31.9416	32.3539	1.3669	1.8778	0.0785	
31.9622	32.5305	1.3731	1.7778	0.0873	
31.9834	32.707	1.3787	1.7778	0.0785	
32.0051	32.8835	1.3837	1.7778	0.0698	
32.0274	33.0598	1.388	1.7778	0.0611	
32.0505	33.2361	1.3917	1.7778	0.0524	
32.0745	33.4122	1.3948	1.7778	0.0436	
32.0995	33.5882	1.3973	1.7778	0.0349	
32.1256	33.7641	1.3992	1.7778	0.0262	
32.1529	33.9398	1.4004	1.7778	0.0175	
32.1815	34.1152	1.401	1.7778	0.0087	
32.2116	34.2905	1.401	1.7778	0.0	
32.2485	34.4949	1.4003	2.0778	-0.0087	
32.2929	34.7285	1.3986	2.3778	-0.0175	
32.3456	34.991	1.3958	2.6778	-0.0262	
32.4035	35.2627	1.392	2.7778	-0.0349	
32.4648	35.5337	1.3871	2.7778	-0.0436	
32.5298	35.8037	1.3813	2.7778	-0.0524	
32.5986	36.0728	1.3745	2.7778	-0.0611	
32.6717	36.3408	1.3668	2.7778	-0.0698	
32.7491	36.6076	1.358	2.7778	-0.0785	
32.8312	36.873	1.3484	2.7778	-0.0873	
32.9182	37.1368	1.3377	2.7778	-0.096	
33.0103	37.3989	1.3261	2.7778	-0.1047	
33.1076	37.659	1.3135	2.7778	-0.1134	
33.2105	37.917	1.3	2.7778	-0.1222	
33.3191	38.1727	1.2855	2.7778	-0.1309	
33.4337	38.4258	1.27	2.7778	-0.1396	
33.5543	38.676	1.2536	2.7778	-0.1484	
33.6811	38.9231	1.2362	2.7778	-0.1571	
33.8144	39.1668	1.2179	2.7778	-0.1658	
33.9542	39.4069	1.1986	2.7778	-0.1745	
34.0966	39.6454	1.1802	2.7778	-0.1658	
34.2412	39.8826	1.1629	2.7778	-0.1571	
34.3879	40.1184	1.1464	2.7778	-0.1484	
34.5364	40.3532	1.131	2.7778	-0.1396	
34.6864	40.587	1.1165	2.7778	-0.1309	
34.8378	40.8198	1.1029	2.7778	-0.1222	
34.9904	41.052	1.0903	2.7778	-0.1134	
35.1438	41.2836	1.0787	2.7778	-0.1047	
35.2979	41.5147	1.0681	2.7778	-0.096	
35.4524	41.7455	1.0584	2.7778	-0.0873	
35.581	41.9335	1.0505	2.2778	-0.0873	
35.6825	42.0795	1.0443	1.7778	-0.0873	
35.7561	42.1839	1.0398	1.2778	-0.0873	
35.8012	42.2473	1.0371	0.7778	-0.0873	
35.8173	42.2699	1.0361	0.2778	-0.0873	
35.8173	42.2699	1.0361	0.0	-0.0873	
35.8173	42.2699	1.0361	0.0	-0.0873	
35.8173	42.2699	1.0361	0.0	-0.0873	
35.8173	42.2699	1.0361	0.0	-0.0873	
35.8173	42.2699	1.0361	0.0	-0.0873	
35.8231	42.278	1.0358	0.1	-0.0873	
35.8348	42.2943	1.0351	0.2	-0.0873	
35.8523	42.3187	1.034	0.3	-0.0873	
35.8757	42.3511	1.0326	0.4	-0.0873	
35.905	42.3916	1.0309	0.5	-0.0873	
35.9402	42.4402	1.0288	0.6	-0.0873	
35.9814	42.4968	1.0264	0.7	-0.0873	
36.0286	42.5614	1.0236	0.8	-0.0873	
36.082	42.6339	1.0204	0.9	-0.0873	
36.1415	42.7142	1.017	1.0	-0.0873	
36.2322	42.8336	1.0112	1.5	-0.096	
36.3555	42.9911	1.0028	2.0	-0.1047	
36.513	43.1853	0.9915	2.5	-0.1134	
36.6923	43.3975	0.978	2.7778	-0.1222	
36.8762	43.6056	0.9635	2.7778	-0.1309	
37.0649	43.8095	0.948	2.7778	-0.1396	
37.2585	44.0087	0.9316	2.7778	-0.1484	
37.4571	44.2029	0.9142	2.7778	-0.1571	
37.6606	44.3919	0.8959	2.7778	-0.1658	
37.8692	44.5754	0.8766	2.7778	-0.1745	
38.0829	44.7529	0.8563	2.7778	-0.1833	
38.3016	44.9242	0.8351	2.7778	-0.192	
38.5253	45.0888	0.813	2.7778	-0.2007	
38.754	45.2465	0.7899	2.7778	-0.2094	
38.9876	45.3968	0.7658	2.7778	-0.2182	
39.226	45.5393	0.7408	2.7778	-0.2269	
39.4691	45.6738	0.7149	2.7778	-0.2356	
39.7167	45.7997	0.688	2.7778	-0.2443	
39.9686	45.9167	0.6602	2.7778	-0.2531	
40.2246	46.0245	0.6314	2.7778	-0.2618	
40.4642	46.1197	0.6056	2.5778	-0.2531	
40.6866	46.2038	0.5826	2.3778	-0.2443	
40.8914	46.2778	0.5623	2.1778	-0.2356	
41.0781	46.3429	0.5445	1.9778	-0.2269	
41.2465	46.3999	0.5291	1.7778	-0.2182	
41.3963	46.4495	0.516	1.5778	-0.2094	
41.5273	46.4922	0.505	1.3778	-0.2007	
41.6394	46.5285	0.496	1.1778	-0.192	
41.7324	46.5585	0.4889	0.9778	-0.1833	
41.8064	46.5826	0.4835	0.7778	-0.1745	
41.8518	46.5975	0.4803	0.4778	-0.1658	
41.8686	46.6032	0.4792	0.1778	-0.1571	
41.8686	46.6032	0.4792	0.0	-0.1484	
41.8686	46.6032	0.4792	0.0	-0.1396	
41.8686	46.6032	0.4792	0.0	-0.1309	
41.8686	46.6032	0.4792	0.0	-0.1222	
41.8686	46.6032	0.4792	0.0	-0.1134	
41.8686	46.6032	0.4792	0.0	-0.1047	
41.8686	46.6032	0.4792	0.0	-0.096	
41.8686	46.6032	0.4792	0.0	-0.0873	
41.9148	46.6223	0.4774	0.5	-0.0873	
42.0073	46.6603	0.474	1.0	-0.0873	
42.1462	46.7169	0.4687	1.5	-0.0873	
42.3319	46.7913	0.4618	2.0	-0.0873	
42.5645	46.8828	0.453	2.5	-0.0873	
42.8239	46.9821	0.4434	2.7778	-0.0873	
43.0843	47.079	0.4337	2.7778	-0.0873	
43.3456	47.1733	0.424	2.7778	-0.0873	
43.6077	47.265	0.4143	2.7778	-0.0873	
43.8708	47.3543	0.4046	2.7778	-0.0873	
44.1069	47.4295	0.3951	2.4778	-0.096	
44.3155	47.4919	0.386	2.1778	-0.1047	
44.4964	47.5425	0.3775	1.8778	-0.1134	
44.649	47.5823	0.3698	1.5778	-0.1222	
44.7732	47.6125	0.3631	1.2778	-0.1309	
44.8685	47.6342	0.3577	0.9778	-0.1396	
44.9348	47.6483	0.3537	0.6778	-0.1484	
44.9719	47.6557	0.3513	0.3778	-0.1571	
44.9795	47.6571	0.3508	0.0778	-0.1658	
44.9795	47.6571	0.3508	0.0	-0.1745	
44.9795	47.6571	0.3508	0.0	-0.1833	
44.9795	47.6571	0.3508	0.0	-0.192	
44.9795	47.6571	0.3508	0.0	-0.2007	
44.9795	47.6571	0.3508	0.0	-0.2094	
44.9795	47.6571	0.3508	0.0	-0.2182	
44.9795	47.6571	0.3508	0.0	-0.2269	
44.9795	47.6571	0.3508	0.0	-0.2356	
44.9795	47.6571	0.3508	0.0	-0.2443	
44.9795	47.6571	0.3508	0.0	-0.2531	
44.9795	47.6571	0.3508	0.0	-0.2618	
45.0094	47.6595	0.3476	0.3	-0.2705	
45.0693	47.6636	0.341	0.6	-0.2793	
45.1592	47.6684	0.3308	0.9	-0.288	
45.2791	47.6725	0.3167	1.2	-0.2967	
45.4291	47.6742	0.2987	1.5	-0.3054	
45.6091	47.6714	0.2764	1.8	-0.3142	
45.8188	47.6616	0.2498	2.1	-0.3229	
46.058	47.642	0.2185	2.4	-0.3316	
46.326	47.6092	0.1825	2.7	-0.3403	
46.6	47.5632	0.1445	2.7778	-0.3491	
46.8719	47.5067	0.1065	2.7778	-0.3491	
47.1416	47.44	0.0685	2.7778	-0.3491	
47.4085	47.3631	0.0305	2.7778	-0.3491	
47.6723	47.2761	-0.0075	2.7778	-0.3491	
47.9326	47.1791	-0.0455	2.7778	-0.3491	
48.189	47.0723	-0.0835	2.7778	-0.3491	
48.4412	46.9559	-0.1215	2.7778	-0.3491	
48.6888	46.8299	-0.1595	2.7778	-0.3491	
48.9314	46.6947	-0.1975	2.7778	-0.3491	
49.1687	46.5503	-0.2355	2.7778	-0.3491	
49.399	46.395	-0.2744	2.7778	-0.3578	
49.6217	46.2289	-0.3143	2.7778	-0.3665	
49.836	46.0522	-0.355	2.7778	-0.3752	
50.0413	45.8651	-0.3966	2.7778	-0.384	
50.237	45.6679	-0.4391	2.7778	-0.3927	
50.4223	45.4609	-0.4825	2.7778	-0.4014	
50.5965	45.2446	-0.5269	2.7778	-0.4102	
50.7591	45.0194	-0.572	2.7778	-0.4189	
50.9092	44.7857	-0.6181	2.7778	-0.4276	
51.0464	44.5441	-0.6651	2.7778	-0.4363	
51.1699	44.2953	-0.7129	2.7778	-0.4451	
51.2791	44.0399	-0.7616	2.7778	-0.4538	
51.3735	43.7786	-0.8112	2.7778	-0.4625	
51.4524	43.5123	-0.8616	2.7778	-0.4712	
51.5156	43.2418	-0.9129	2.7778	-0.48	
51.5623	42.968	-0.9651	2.7778	-0.4887	
51.5923	42.6918	-1.0181	2.7778	-0.4974	
51.6053	42.4144	-1.072	2.7778	-0.5061	
51.6008	42.1366	-1.1267	2.7778	-0.5149	
51.5787	41.8597	-1.1823	2.7778	-0.5236	
51.5389	41.5848	-1.2387	2.7778	-0.5323	
51.4813	41.3131	-1.2959	2.7778	-0.5411	
51.4059	41.0457	-1.3539	2.7778	-0.5498	
51.3129	40.784	-1.4128	2.7778	-0.5585	
51.2023	40.5292	-1.4725	2.7778	-0.5672	
51.0746	40.2825	-1.533	2.7778	-0.576	
50.9302	40.0452	-1.5944	2.7778	-0.5847	
50.7694	39.8187	-1.6565	2.7778	-0.5934	
50.5931	39.604	-1.7194	2.7778	-0.6021	
50.4018	39.4026	-1.7832	2.7778	-0.6109	
50.2054	39.2205	-1.8446	2.6778	-0.6109	
50.006	39.0572	-1.9037	2.5778	-0.6109	
49.8054	38.9119	-1.9606	2.4778	-0.6109	
49.6052	38.7835	-2.0151	2.3778	-0.6109	
49.407	38.6712	-2.0674	2.2778	-0.6109	
49.2122	38.5739	-2.1174	2.1778	-0.6109	
49.0219	38.4904	-2.165	2.0778	-0.6109	
48.8372	38.4197	-2.2104	1.9778	-0.6109	
48.659	38.3606	-2.2535	1.8778	-0.6109	
48.488	38.3119	-2.2943	1.7778	-0.6109	
48.3343	38.2763	-2.3309	1.5778	-0.6196	
48.1988	38.2513	-2.3633	1.3778	-0.6283	
48.0822	38.2347	-2.3913	1.1778	-0.637	
47.985	38.2245	-2.4149	0.9778	-0.6458	
47.9074	38.2189	-2.4338	0.7778	-0.6545	
47.8497	38.2163	-2.448	0.5778	-0.6632	
47.8119	38.2155	-2.4575	0.3778	-0.672	
47.7941	38.2155	-2.4619	0.1778	-0.6807	
47.7941	38.2155	-2.4619	0.0	-0.6894	
47.7941	38.2155	-2.4619	0.0	-0.6981	
47.7941	38.2155	-2.4619	0.0	-0.7069	
47.7941	38.2155	-2.4619	0.0	-0.7156	
47.7941	38.2155	-2.4619	0.0	-0.7243	
47.7941	38.2155	-2.4619	0.0	-0.733	
47.7941	38.2155	-2.4619	0.0	-0.7418	
47.7941	38.2155	-2.4619	0.0	-0.7505	
47.7941	38.2155	-2.4619	0.0	-0.7592	
47.7941	38.2155	-2.4619	0.0	-0.7679	
47.7941	38.2155	-2.4619	0.0	-0.7767	
47.7941	38.2155	-2.4619	0.0	-0.7854	
47.7941	38.2155	-2.4619	0.0	-0.7854	
47.7941	38.2155	-2.4619	0.0	-0.7854	
47.7941	38.2155	-2.4619	0.0	-0.7854	
47.7941	38.2155	-2.4619	0.0	-0.7854	
47.7941	38.2155	-2.4619	0.0	-0.7854	
47.7941	38.2155	-2.4619	0.0	-0.7854	
47.7941	38.2155	-2.4619	0.0	-0.7854	
47.7941	38.2155	-2.4619	0.0	-0.7854	
47.7941	38.2155	-2.4619	0.0	-0.7854	
47.7941	38.2155	-2.4619	0.0	-0.7854	
47.7842	38.2165	-2.4648	0.1	-0.7854	
47.7643	38.2187	-2.4704	0.2	-0.7854	
47.7345	38.2221	-2.4789	0.3	-0.7854	
47.6948	38.227	-2.4902	0.4	-0.7854	
47.6452	38.2337	-2.5044	0.5	-0.7854	
47.5859	38.2425	-2.5213	0.6	-0.7854	
47.5168	38.254	-2.5411	0.7	-0.7854	
47.4382	38.2688	-2.5638	0.8	-0.7854	
47.3501	38.2873	-2.5892	0.9	-0.7854	
47.2528	38.3104	-2.6175	1.0	-0.7854	
47.1369	38.3414	-2.6514	1.2	-0.7854	
47.003	38.3821	-2.691	1.4	-0.7854	
46.8519	38.4347	-2.7363	1.6	-0.7854	
46.6847	38.5015	-2.7872	1.8	-0.7854	
46.503	38.5851	-2.8438	2.0	-0.7854	
46.3086	38.6881	-2.906	2.2	-0.7854	
46.104	38.8135	-2.9739	2.4	-0.7854	
45.892	38.9641	-3.0474	2.6	-0.7854	
45.678	39.1412	-3.126	2.7778	-0.7854	
45.4786	39.3345	3.0786	2.7778	-0.7854	
45.2949	39.5429	3.0001	2.7778	-0.7854	
45.1281	39.7651	2.9215	2.7778	-0.7854	
44.9793	39.9996	2.8429	2.7778	-0.7854	
44.8494	40.2451	2.7644	2.7778	-0.7854	
44.7392	40.5001	2.6858	2.7778	-0.7854	
44.6493	40.7629	2.6072	2.7778	-0.7854	
44.5803	41.032	2.5287	2.7778	-0.7854	
44.5326	41.3056	2.4501	2.7778	-0.7854	
44.5065	41.5822	2.3715	2.7778	-0.7854	
44.5023	41.8599	2.293	2.7778	-0.7854	
44.5179	42.1072	2.2229	2.4778	-0.7854	
44.5469	42.3231	2.1613	2.1778	-0.7854	
44.5833	42.5073	2.1082	1.8778	-0.7854	
44.622	42.6602	2.0635	1.5778	-0.7854	
44.6588	42.7826	2.0274	1.2778	-0.7854	
44.6904	42.8751	1.9997	0.9778	-0.7854	
44.7141	42.9386	1.9806	0.6778	-0.7854	
44.7279	42.9738	1.9699	0.3778	-0.7854	
44.7309	42.981	1.9677	0.0778	-0.7854	
44.7309	42.981	1.9677	0.0	-0.7854	
44.7309	42.981	1.9677	0.0	-0.7854	
44.7309	42.981	1.9677	0.0	-0.7854	
44.7309	42.981	1.9677	0.0	-0.7854	
44.7309	42.981	1.9677	0.0	-0.7854	
44.7309	42.981	1.9677	0.0	-0.7854	
44.7309	42.981	1.9677	0.0	-0.7854	
44.7309	42.981	1.9677	0.0	-0.7854	
44.7309	42.981	1.9677	0.0	-0.7854	
44.7309	42.981	1.9677	0.0	-0.7854	
44.7309	42.981	1.9677	0.0	-0.7854	
44.7498	43.0273	1.9535	0.5	-0.7854	
44.789	43.1193	1.9253	1.0	-0.7854	
44.8516	43.2556	1.8828	1.5	-0.7854	
44.9428	43.4336	1.8263	2.0	-0.7854	
45.0692	43.6493	1.7556	2.5	-0.7854	
45.2262	43.8784	1.677	2.7778	-0.7854	
45.4007	44.0946	1.5984	2.7778	-0.7854	
45.5916	44.2963	1.5199	2.7778	-0.7854	
45.7978	44.4825	1.4413	2.7778	-0.7854	
46.0179	44.6519	1.3627	2.7778	-0.7854	
46.241	44.8	1.2876	2.6778	-0.7767	
46.4647	44.928	1.216	2.5778	-0.7679	
46.6871	45.0373	1.1478	2.4778	-0.7592	
46.9064	45.1293	1.0829	2.3778	-0.7505	
47.121	45.2055	1.0214	2.2778	-0.7418	
47.3298	45.2675	0.9631	2.1778	-0.733	
47.5317	45.3166	0.908	2.0778	-0.7243	
47.7258	45.3544	0.8561	1.9778	-0.7156	
47.9115	45.3824	0.8073	1.8778	-0.7069	
48.0882	45.4017	0.7616	1.7778	-0.6981	
48.2656	45.413	0.7159	1.7778	-0.6981	
48.4434	45.4162	0.6702	1.7778	-0.6981	
48.6211	45.4112	0.6245	1.7778	-0.6981	
48.7984	45.3981	0.5788	1.7778	-0.6981	
48.9749	45.377	0.5331	1.7778	-0.6981	
49.1503	45.3478	0.4874	1.7778	-0.6981	
49.3241	45.3106	0.4417	1.7778	-0.6981	
49.4961	45.2655	0.396	1.7778	-0.6981	
49.6658	45.2126	0.3502	1.7778	-0.6981	
49.8329	45.1519	0.3045	1.7778	-0.6981	
-1
