58.0	44.0	-3.141592653589793	0.0	-0.17453292519943295	8.0	7.0	-3.141592653589793	1.3888888888888888	0.0	6
28.0833	10.9993	-0.0003	0.8333	-0.0087	
28.1667	10.9978	-0.0009	0.8333	-0.0175	
28.25	10.9955	-0.0017	0.8333	-0.0262	
28.3332	10.9925	-0.0029	0.8333	-0.0349	
28.4165	10.9886	-0.0044	0.8333	-0.0436	
28.4997	10.9839	-0.0061	0.8333	-0.0524	
28.5828	10.9783	-0.0081	0.8333	-0.0611	
28.6659	10.9718	-0.0105	0.8333	-0.0698	
28.7489	10.9644	-0.0131	0.8333	-0.0785	
28.8318	10.956	-0.016	0.8333	-0.0873	
28.9347	10.9463	-0.0192	1.0333	-0.0785	
29.0575	10.9353	-0.0227	1.2333	-0.0698	
29.2004	10.9233	-0.0262	1.4333	-0.0611	
29.3632	10.9105	-0.0296	1.6333	-0.0524	
29.546	10.8971	-0.0328	1.8333	-0.0436	
29.7489	10.8834	-0.0356	2.0333	-0.0349	
29.9718	10.8696	-0.038	2.2333	-0.0262	
30.2148	10.8561	-0.0397	2.4333	-0.0175	
30.4778	10.8433	-0.0406	2.6333	-0.0087	
30.7553	10.8321	-0.0406	2.7778	0.0	
31.0328	10.8184	-0.0416	2.7778	-0.0087	
31.3101	10.802	-0.0435	2.7778	-0.0175	
31.5872	10.7827	-0.0464	2.7778	-0.0262	
31.864	10.7601	-0.0503	2.7778	-0.0349	
32.1406	10.734	-0.0551	2.7778	-0.0436	
32.4168	10.7042	-0.0609	2.7778	-0.0524	
32.6925	10.6704	-0.0677	2.7778	-0.0611	
32.9676	10.6323	-0.0755	2.7778	-0.0698	
33.2421	10.5897	-0.0842	2.7778	-0.0785	
33.5158	10.5423	-0.0939	2.7778	-0.0873	
33.7891	10.4923	-0.1036	2.7778	-0.0873	
34.0618	10.4396	-0.1132	2.7778	-0.0873	
34.334	10.3843	-0.1229	2.7778	-0.0873	
34.6057	10.3263	-0.1326	2.7778	-0.0873	
34.8768	10.2657	-0.1423	2.7778	-0.0873	
35.1473	10.2025	-0.152	2.7778	-0.0873	
35.4171	10.1367	-0.1617	2.7778	-0.0873	
35.6863	10.0683	-0.1713	2.7778	-0.0873	
35.9549	9.9972	-0.181	2.7778	-0.0873	
36.2227	9.9236	-0.1907	2.7778	-0.0873	
36.461	9.8556	-0.1994	2.4778	-0.0873	
36.6699	9.794	-0.2069	2.1778	-0.0873	
36.8496	9.7396	-0.2135	1.8778	-0.0873	
37.0003	9.6928	-0.219	1.5778	-0.0873	
37.1221	9.6543	-0.2234	1.2778	-0.0873	
37.2152	9.6244	-0.2269	0.9778	-0.0873	
37.2797	9.6035	-0.2292	0.6778	-0.0873	
37.3156	9.5917	-0.2305	0.3778	-0.0873	
37.323	9.5893	-0.2308	0.0778	-0.0873	
37.323	9.5893	-0.2308	0.0	-0.0873	
37.323	9.5893	-0.2308	0.0	-0.0785	
37.323	9.5893	-0.2308	0.0	-0.0698	
37.323	9.5893	-0.2308	0.0	-0.0611	
37.323	9.5893	-0.2308	0.0	-0.0524	
37.323	9.5893	-0.2308	0.0	-0.0436	
37.323	9.5893	-0.2308	0.0	-0.0349	
37.323	9.5893	-0.2308	0.0	-0.0262	
37.323	9.5893	-0.2308	0.0	-0.0175	
37.323	9.5893	-0.2308	0.0	-0.0087	
37.323	9.5893	-0.2308	0.0	0.0	
37.3522	9.5827	-0.2307	0.3	0.0087	
37.4109	9.57	-0.2303	0.6	0.0175	
37.499	9.5517	-0.2293	0.9	0.0262	
37.6167	9.5286	-0.2277	1.2	0.0349	
37.7642	9.5011	-0.2251	1.5	0.0436	
37.9415	9.4702	-0.2213	1.8	0.0524	
38.1488	9.4367	-0.2162	2.1	0.0611	
38.3863	9.4017	-0.2095	2.4	0.0698	
38.654	9.3664	-0.201	2.7	0.0785	
38.9299	9.3349	-0.1913	2.7778	0.0873	
39.206	9.3037	-0.1826	2.7778	0.0785	
39.482	9.2724	-0.1748	2.7778	0.0698	
39.758	9.2409	-0.168	2.7778	0.0611	
40.0339	9.2088	-0.1622	2.7778	0.0524	
40.3097	9.1759	-0.1574	2.7778	0.0436	
40.5854	9.142	-0.1535	2.7778	0.0349	
40.8609	9.1067	-0.1506	2.7778	0.0262	
41.1362	9.0699	-0.1487	2.7778	0.0175	
41.4113	9.0311	-0.1477	2.7778	0.0087	
41.6861	8.9902	-0.1477	2.7778	0.0	
41.9414	8.9545	-0.1468	2.5778	0.0087	
42.1771	8.9239	-0.1451	2.3778	0.0175	
42.3934	8.898	-0.1429	2.1778	0.0262	
42.59	8.8767	-0.1401	1.9778	0.0349	
42.767	8.8596	-0.137	1.7778	0.0436	
42.9242	8.8462	-0.1337	1.5778	0.0524	
43.0616	8.8363	-0.1303	1.3778	0.0611	
43.1792	8.8291	-0.127	1.1778	0.0698	
43.2768	8.8244	-0.124	0.9778	0.0785	
43.3545	8.8215	-0.1213	0.7778	0.0873	
43.4023	8.8203	-0.1194	0.4778	0.096	
43.4201	8.8201	-0.1187	0.1778	0.1047	
43.4201	8.8201	-0.1187	0.0	0.1134	
43.4201	8.8201	-0.1187	0.0	0.1222	
43.4201	8.8201	-0.1187	0.0	0.1309	
43.4201	8.8201	-0.1187	0.0	0.1396	
43.4201	8.8201	-0.1187	0.0	0.1484	
43.4201	8.8201	-0.1187	0.0	0.1571	
43.4201	8.8201	-0.1187	0.0	0.1658	
43.4201	8.8201	-0.1187	0.0	0.1745	
43.4201	8.8201	-0.1187	0.0	0.1833	
43.4201	8.8201	-0.1187	0.0	0.192	
43.4201	8.8201	-0.1187	0.0	0.2007	
43.4201	8.8201	-0.1187	0.0	0.2094	
43.4201	8.8201	-0.1187	0.0	0.2182	
43.4201	8.8201	-0.1187	0.0	0.2269	
43.4201	8.8201	-0.1187	0.0	0.2356	
43.4201	8.8201	-0.1187	0.0	0.2443	
43.4201	8.8201	-0.1187	0.0	0.2531	
43.4201	8.8201	-0.1187	0.0	0.2618	
43.4201	8.8201	-0.1187	0.0	0.2531	
43.4201	8.8201	-0.1187	0.0	0.2443	
43.4201	8.8201	-0.1187	0.0	0.2356	
43.4201	8.8201	-0.1187	0.0	0.2269	
43.4201	8.8201	-0.1187	0.0	0.2182	
43.4201	8.8201	-0.1187	0.0	0.2094	
43.4201	8.8201	-0.1187	0.0	0.2007	
43.4201	8.8201	-0.1187	0.0	0.192	
43.4201	8.8201	-0.1187	0.0	0.1833	
43.4201	8.8201	-0.1187	0.0	0.1745	
43.4201	8.8201	-0.1187	0.0	0.1745	
43.4201	8.8201	-0.1187	0.0	0.1745	
43.4201	8.8201	-0.1187	0.0	0.1745	
43.4201	8.8201	-0.1187	0.0	0.1745	
43.4201	8.8201	-0.1187	0.0	0.1745	
43.4201	8.8201	-0.1187	0.0	0.1745	
43.4201	8.8201	-0.1187	0.0	0.1745	
43.4201	8.8201	-0.1187	0.0	0.1745	
43.4201	8.8201	-0.1187	0.0	0.1745	
43.4201	8.8201	-0.1187	0.0	0.1745	
43.4201	8.8201	-0.1187	0.0	0.1658	
43.4201	8.8201	-0.1187	0.0	0.1571	
43.4201	8.8201	-0.1187	0.0	0.1484	
43.4201	8.8201	-0.1187	0.0	0.1396	
43.4201	8.8201	-0.1187	0.0	0.1309	
43.4201	8.8201	-0.1187	0.0	0.1222	
43.4201	8.8201	-0.1187	0.0	0.1134	
43.4201	8.8201	-0.1187	0.0	0.1047	
43.4201	8.8201	-0.1187	0.0	0.096	
43.4201	8.8201	-0.1187	0.0	0.0873	
43.4601	8.8188	-0.1173	0.4	0.0873	
43.54	8.8164	-0.1145	0.8	0.0873	
43.66	8.8131	-0.1103	1.2	0.0873	
43.8199	8.8095	-0.1047	1.6	0.0873	
44.0199	8.806	-0.0978	2.0	0.0873	
44.2599	8.8034	-0.0894	2.4	0.0873	
44.5377	8.8029	-0.0797	2.7778	0.0873	
44.8154	8.805	-0.07	2.7778	0.0873	
45.0932	8.8097	-0.0603	2.7778	0.0873	
45.3709	8.8172	-0.0507	2.7778	0.0873	
45.6484	8.8274	-0.041	2.7778	0.0873	
45.9259	8.8402	-0.0313	2.7778	0.0873	
46.2033	8.8558	-0.0216	2.7778	0.0873	
46.4804	8.874	-0.0119	2.7778	0.0873	
46.7574	8.8949	-0.0022	2.7778	0.0873	
47.0342	8.9185	0.0074	2.7778	0.0873	
47.3107	8.9448	0.0171	2.7778	0.0873	
47.587	8.9737	0.0268	2.7778	0.0873	
47.863	9.0053	0.0365	2.7778	0.0873	
48.1386	9.0396	0.0462	2.7778	0.0873	
48.4136	9.079	0.0568	2.7778	0.096	
48.6878	9.1237	0.0684	2.7778	0.1047	
48.961	9.1739	0.081	2.7778	0.1134	
49.233	9.23	0.0946	2.7778	0.1222	
49.5038	9.2921	0.1091	2.7778	0.1309	
49.773	9.3604	0.1245	2.7778	0.1396	
50.0405	9.4353	0.141	2.7778	0.1484	
50.306	9.5169	0.1583	2.7778	0.1571	
50.5694	9.6053	0.1767	2.7778	0.1658	
50.8302	9.7009	0.196	2.7778	0.1745	
51.0696	9.7963	0.2148	2.5778	0.1833	
51.288	9.8904	0.2329	2.3778	0.192	
51.4856	9.9819	0.2503	2.1778	0.2007	
51.6629	10.0697	0.2667	1.9778	0.2094	
51.8202	10.1525	0.2821	1.7778	0.2182	
51.9579	10.2294	0.2963	1.5778	0.2269	
52.0767	10.2993	0.3092	1.3778	0.2356	
52.1769	10.3612	0.3206	1.1778	0.2443	
52.259	10.4143	0.3304	0.9778	0.2531	
52.3235	10.4577	0.3384	0.7778	0.2618	
52.3632	10.4843	0.3432	0.4778	0.2531	
52.378	10.4942	0.3449	0.1778	0.2443	
52.378	10.4942	0.3449	0.0	0.2356	
52.378	10.4942	0.3449	0.0	0.2269	
52.378	10.4942	0.3449	0.0	0.2182	
52.378	10.4942	0.3449	0.0	0.2094	
52.378	10.4942	0.3449	0.0	0.2007	
52.378	10.4942	0.3449	0.0	0.192	
52.378	10.4942	0.3449	0.0	0.1833	
52.378	10.4942	0.3449	0.0	0.1745	
52.378	10.4942	0.3449	0.0	0.1745	
52.378	10.4942	0.3449	0.0	0.1745	
52.378	10.4942	0.3449	0.0	0.1745	
52.378	10.4942	0.3449	0.0	0.1745	
52.378	10.4942	0.3449	0.0	0.1745	
52.378	10.4942	0.3449	0.0	0.1745	
52.378	10.4942	0.3449	0.0	0.1745	
52.378	10.4942	0.3449	0.0	0.1745	
52.378	10.4942	0.3449	0.0	0.1745	
52.378	10.4942	0.3449	0.0	0.1745	
52.4129	10.5137	0.3476	0.4	0.1658	
52.4829	10.5524	0.3526	0.8	0.1571	
52.5882	10.61	0.3597	1.2	0.1484	
52.7286	10.6866	0.3686	1.6	0.1396	
52.9042	10.7824	0.379	2.0	0.1309	
53.1147	10.8977	0.3907	2.4	0.1222	
53.3579	11.0319	0.4033	2.7778	0.1134	
53.6006	11.1671	0.4149	2.7778	0.1047	
53.8429	11.3029	0.4256	2.7778	0.096	
54.085	11.4392	0.4352	2.7778	0.0873	
54.3257	11.5778	0.4449	2.7778	0.0873	
54.565	11.7187	0.4546	2.7778	0.0873	
54.803	11.862	0.4643	2.7778	0.0873	
55.0396	12.0076	0.474	2.7778	0.0873	
55.2748	12.1554	0.4837	2.7778	0.0873	
55.5085	12.3055	0.4933	2.7778	0.0873	
55.7408	12.4579	0.503	2.7778	0.0873	
55.9715	12.6125	0.5127	2.7778	0.0873	
56.2008	12.7693	0.5224	2.7778	0.0873	
56.4285	12.9284	0.5321	2.7778	0.0873	
56.6452	13.0857	0.5423	2.6778	0.096	
56.8509	13.2411	0.5531	2.5778	0.1047	
57.0456	13.3943	0.5643	2.4778	0.1134	
57.2295	13.5451	0.5759	2.3778	0.1222	
57.4027	13.693	0.5878	2.2778	0.1309	
57.5654	13.8378	0.5999	2.1778	0.1396	
57.7177	13.9792	0.6122	2.0778	0.1484	
57.8597	14.1167	0.6246	1.9778	0.1571	
57.9918	14.2502	0.637	1.8778	0.1658	
58.1142	14.3791	0.6494	1.7778	0.1745	
58.2486	14.5243	0.6631	1.9778	0.1745	
58.3943	14.6861	0.6782	2.1778	0.1745	
58.5508	14.8652	0.6947	2.3778	0.1745	
58.7171	15.0621	0.7126	2.5778	0.1745	
58.8926	15.2774	0.7319	2.7778	0.1745	
59.0638	15.4961	0.7512	2.7778	0.1745	
59.2308	15.7181	0.7705	2.7778	0.1745	
59.3935	15.9432	0.7898	2.7778	0.1745	
59.5519	16.1715	0.8091	2.7778	0.1745	
59.7057	16.4027	0.8284	2.7778	0.1745	
59.8336	16.6032	0.8449	2.3778	0.1745	
59.9372	16.7717	0.8587	1.9778	0.1745	
60.018	16.9072	0.8696	1.5778	0.1745	
60.0772	17.009	0.8778	1.1778	0.1745	
60.1158	17.0766	0.8832	0.7778	0.1745	
60.1343	17.1095	0.8858	0.3778	0.1745	
60.1343	17.1095	0.8858	0.0	0.1745	
60.1343	17.1095	0.8858	0.0	0.1745	
60.1343	17.1095	0.8858	0.0	0.1745	
60.1343	17.1095	0.8858	0.0	0.1745	
60.1492	17.1355	0.8878	0.3	0.1658	
60.1793	17.1874	0.8916	0.6	0.1571	
60.2249	17.265	0.8969	0.9	0.1484	
60.286	17.3683	0.9036	1.2	0.1396	
60.3626	17.4972	0.9114	1.5	0.1309	
60.4548	17.6519	0.9202	1.8	0.1222	
60.5622	17.8323	0.9297	2.1	0.1134	
60.6849	18.0386	0.9397	2.4	0.1047	
60.8225	18.2709	0.9501	2.7	0.096	
60.9638	18.51	0.9597	2.7778	0.0873	
61.0998	18.7407	0.9682	2.6778	0.0785	
61.2307	18.9628	0.9753	2.5778	0.0698	
61.3569	19.176	0.9814	2.4778	0.0611	
61.4785	19.3803	0.9864	2.3778	0.0524	
61.5958	19.5756	0.9903	2.2778	0.0436	
61.7088	19.7618	0.9934	2.1778	0.0349	
61.8176	19.9388	0.9956	2.0778	0.0262	
61.9223	20.1066	0.9969	1.9778	0.0175	
62.0229	20.2652	0.9976	1.8778	0.0087	
62.1193	20.4145	0.9976	1.7778	0.0	
62.195	20.5296	0.9971	1.3778	-0.0087	
62.2495	20.6108	0.9964	0.9778	-0.0175	
62.2821	20.6585	0.9958	0.5778	-0.0262	
62.2923	20.673	0.9956	0.1778	-0.0349	
62.2923	20.673	0.9956	0.0	-0.0436	
62.2923	20.673	0.9956	0.0	-0.0524	
62.2923	20.673	0.9956	0.0	-0.0611	
62.2923	20.673	0.9956	0.0	-0.0698	
62.2923	20.673	0.9956	0.0	-0.0785	
62.2923	20.673	0.9956	0.0	-0.0873	
62.3046	20.6888	0.9949	0.2	-0.0873	
62.3293	20.7203	0.9935	0.4	-0.0873	
62.3663	20.7676	0.9914	0.6	-0.0873	
62.4157	20.8304	0.9886	0.8	-0.0873	
62.4778	20.9089	0.9851	1.0	-0.0873	
62.5526	21.0027	0.9809	1.2	-0.0873	
62.6403	21.1118	0.9761	1.4	-0.0873	
62.7412	21.236	0.9705	1.6	-0.0873	
62.8554	21.3751	0.9642	1.8	-0.0873	
62.9833	21.5289	0.9572	2.0	-0.0873	
63.1136	21.6806	0.9496	2.0	-0.096	
63.2464	21.8302	0.9412	2.0	-0.1047	
63.3817	21.9775	0.9321	2.0	-0.1134	
63.5196	22.1223	0.9224	2.0	-0.1222	
63.6601	22.2646	0.912	2.0	-0.1309	
63.8034	22.4042	0.9008	2.0	-0.1396	
63.9494	22.5408	0.889	2.0	-0.1484	
64.0982	22.6745	0.8765	2.0	-0.1571	
64.2498	22.805	0.8633	2.0	-0.1658	
64.4042	22.9321	0.8494	2.0	-0.1745	
64.5929	23.0804	0.8319	2.4	-0.1833	
64.8157	23.2463	0.8107	2.7778	-0.192	
65.0434	23.4054	0.7885	2.7778	-0.2007	
65.2758	23.5574	0.7654	2.7778	-0.2094	
65.5131	23.7019	0.7414	2.7778	-0.2182	
65.7549	23.8386	0.7164	2.7778	-0.2269	
66.0012	23.9671	0.6905	2.7778	-0.2356	
66.2518	24.0869	0.6636	2.7778	-0.2443	
66.5065	24.1978	0.6358	2.7778	-0.2531	
66.765	24.2993	0.607	2.7778	-0.2618	
66.9881	24.3817	0.5832	2.3778	-0.2531	
67.1746	24.4474	0.564	1.9778	-0.2443	
67.324	24.4983	0.5493	1.5778	-0.2356	
67.4357	24.5356	0.5387	1.1778	-0.2269	
67.5095	24.5601	0.532	0.7778	-0.2182	
67.5453	24.5721	0.5288	0.3778	-0.2094	
67.5453	24.5721	0.5288	0.0	-0.2007	
67.5453	24.5721	0.5288	0.0	-0.192	
67.5453	24.5721	0.5288	0.0	-0.1833	
67.5453	24.5721	0.5288	0.0	-0.1745	
67.5547	24.5755	0.5281	0.1	-0.1833	
67.5736	24.5821	0.5266	0.2	-0.192	
67.602	24.5917	0.5242	0.3	-0.2007	
67.6401	24.6041	0.5209	0.4	-0.2094	
67.6878	24.619	0.5165	0.5	-0.2182	
67.7453	24.6361	0.5111	0.6	-0.2269	
67.8126	24.6552	0.5046	0.7	-0.2356	
67.8899	24.6758	0.4969	0.8	-0.2443	
67.9773	24.6975	0.4878	0.9	-0.2531	
68.0747	24.7199	0.4775	1.0	-0.2618	
68.1722	24.7421	0.4675	1.0	-0.2531	
68.2698	24.7643	0.4578	1.0	-0.2443	
68.3673	24.7863	0.4485	1.0	-0.2356	
68.4649	24.8083	0.4395	1.0	-0.2269	
68.5624	24.8302	0.4308	1.0	-0.2182	
68.66	24.8522	0.4225	1.0	-0.2094	
68.7575	24.8742	0.4145	1.0	-0.2007	
68.8551	24.8963	0.4069	1.0	-0.192	
68.9526	24.9184	0.3996	1.0	-0.1833	
69.05	24.9407	0.3926	1.0	-0.1745	
69.1674	24.9657	0.3839	1.2	-0.1833	
69.3049	24.9924	0.3732	1.4	-0.192	
69.4625	25.0199	0.3605	1.6	-0.2007	
69.6404	25.0469	0.3455	1.8	-0.2094	
69.8388	25.0723	0.3282	2.0	-0.2182	
70.0577	25.0946	0.3084	2.2	-0.2269	
70.2971	25.112	0.286	2.4	-0.2356	
70.5568	25.1228	0.2608	2.6	-0.2443	
70.8346	25.125	0.233	2.7778	-0.2531	
71.1123	25.117	0.2042	2.7778	-0.2618	
71.3894	25.0986	0.1745	2.7778	-0.2705	
71.6657	25.0695	0.1439	2.7778	-0.2793	
71.9406	25.0297	0.1123	2.7778	-0.288	
72.2137	24.9787	0.0799	2.7778	-0.2967	
72.4844	24.9166	0.0465	2.7778	-0.3054	
72.7523	24.8431	0.0121	2.7778	-0.3142	
73.0167	24.7582	-0.0231	2.7778	-0.3229	
73.2772	24.6617	-0.0593	2.7778	-0.3316	
73.5331	24.5536	-0.0964	2.7778	-0.3403	
73.7838	24.4339	-0.1344	2.7778	-0.3491	
73.9845	24.3263	-0.1663	2.2778	-0.3578	
74.1377	24.236	-0.1918	1.7778	-0.3665	
74.2454	24.1674	-0.2105	1.2778	-0.3752	
74.3099	24.1238	-0.2222	0.7778	-0.384	
74.3326	24.1078	-0.2264	0.2778	-0.3927	
74.3326	24.1078	-0.2264	0.0	-0.4014	
74.3326	24.1078	-0.2264	0.0	-0.4102	
74.3326	24.1078	-0.2264	0.0	-0.4189	
74.3326	24.1078	-0.2264	0.0	-0.4276	
74.3326	24.1078	-0.2264	0.0	-0.4363	
74.3326	24.1078	-0.2264	0.0	-0.4276	
74.3326	24.1078	-0.2264	0.0	-0.4189	
74.3326	24.1078	-0.2264	0.0	-0.4102	
74.3326	24.1078	-0.2264	0.0	-0.4014	
74.3326	24.1078	-0.2264	0.0	-0.3927	
74.3326	24.1078	-0.2264	0.0	-0.384	
74.3326	24.1078	-0.2264	0.0	-0.3752	
74.3326	24.1078	-0.2264	0.0	-0.3665	
74.3326	24.1078	-0.2264	0.0	-0.3578	
74.3326	24.1078	-0.2264	0.0	-0.3491	
74.3326	24.1078	-0.2264	0.0	-0.3491	
74.3326	24.1078	-0.2264	0.0	-0.3491	
74.3326	24.1078	-0.2264	0.0	-0.3491	
74.3326	24.1078	-0.2264	0.0	-0.3491	
74.3326	24.1078	-0.2264	0.0	-0.3491	
74.3326	24.1078	-0.2264	0.0	-0.3491	
74.3326	24.1078	-0.2264	0.0	-0.3491	
74.3326	24.1078	-0.2264	0.0	-0.3491	
74.3326	24.1078	-0.2264	0.0	-0.3491	
74.3326	24.1078	-0.2264	0.0	-0.3491	
74.3743	24.0802	-0.2334	0.5	-0.3578	
74.4568	24.0237	-0.2478	1.0	-0.3665	
74.5786	23.9362	-0.2698	1.5	-0.3752	
74.7374	23.8146	-0.2997	2.0	-0.384	
74.9298	23.655	-0.338	2.5	-0.3927	
75.135	23.4678	-0.3814	2.7778	-0.4014	
75.3302	23.2702	-0.4257	2.7778	-0.4102	
75.5147	23.0625	-0.4709	2.7778	-0.4189	
75.6877	22.8451	-0.517	2.7778	-0.4276	
75.8485	22.6186	-0.5639	2.7778	-0.4363	
-1
22.9985	42.1744	1.5714	1.7444	0.0087	
22.9957	42.3289	1.5725	1.5444	0.0175	
22.9919	42.4632	1.5739	1.3444	0.0262	
22.9876	42.5776	1.5755	1.1444	0.0349	
22.983	42.6719	1.5771	0.9444	0.0436	
22.9787	42.7463	1.5787	0.7444	0.0524	
22.9749	42.8006	1.58	0.5444	0.0611	
22.9722	42.8349	1.581	0.3444	0.0698	
22.9709	42.8493	1.5814	0.1444	0.0785	
22.9709	42.8493	1.5814	0.0	0.0873	
22.9656	42.899	1.5834	0.5	0.096	
22.9539	42.9983	1.5875	1.0	0.1047	
22.9344	43.1471	1.5943	1.5	0.1134	
22.9054	43.3449	1.6041	2.0	0.1222	
22.8645	43.5916	1.6171	2.5	0.1309	
22.8132	43.8646	1.6326	2.7778	0.1396	
22.7552	44.1362	1.649	2.7778	0.1484	
22.6905	44.4064	1.6664	2.7778	0.1571	
22.6187	44.6747	1.6847	2.7778	0.1658	
22.5396	44.941	1.704	2.7778	0.1745	
22.4615	45.1867	1.7219	2.5778	0.1745	
22.3855	45.4119	1.7385	2.3778	0.1745	
22.3124	45.6171	1.7536	2.1778	0.1745	
22.2432	45.8024	1.7673	1.9778	0.1745	
22.1788	45.9681	1.7797	1.7778	0.1745	
22.1197	46.1144	1.7906	1.5778	0.1745	
22.0668	46.2416	1.8002	1.3778	0.1745	
22.0205	46.3499	1.8084	1.1778	0.1745	
21.9813	46.4395	1.8152	0.9778	0.1745	
21.9497	46.5105	1.8206	0.7778	0.1745	
21.8981	46.6274	1.829	1.2778	0.1658	
21.8264	46.7901	1.8401	1.7778	0.1571	
21.734	46.9983	1.8536	2.2778	0.1484	
21.6201	47.2517	1.8691	2.7778	0.1396	
21.5045	47.5042	1.8836	2.7778	0.1309	
21.3875	47.7562	1.8971	2.7778	0.1222	
21.2692	48.0075	1.9097	2.7778	0.1134	
21.15	48.2584	1.9213	2.7778	0.1047	
21.0301	48.5089	1.9319	2.7778	0.096	
20.9096	48.7593	1.9416	2.7778	0.0873	
20.8071	48.9627	1.9504	2.2778	0.096	
20.7244	49.12	1.9578	1.7778	0.1047	
20.663	49.2321	1.9636	1.2778	0.1134	
20.6247	49.2998	1.9674	0.7778	0.1222	
20.6108	49.3238	1.9688	0.2778	0.1309	
20.6108	49.3238	1.9688	0.0	0.1396	
20.6108	49.3238	1.9688	0.0	0.1484	
20.6108	49.3238	1.9688	0.0	0.1571	
20.6108	49.3238	1.9688	0.0	0.1658	
20.6108	49.3238	1.9688	0.0	0.1745	
20.6108	49.3238	1.9688	0.0	0.1658	
20.6108	49.3238	1.9688	0.0	0.1571	
20.6108	49.3238	1.9688	0.0	0.1484	
20.6108	49.3238	1.9688	0.0	0.1396	
20.6108	49.3238	1.9688	0.0	0.1309	
20.6108	49.3238	1.9688	0.0	0.1222	
20.6108	49.3238	1.9688	0.0	0.1134	
20.6108	49.3238	1.9688	0.0	0.1047	
20.6108	49.3238	1.9688	0.0	0.096	
20.6108	49.3238	1.9688	0.0	0.0873	
20.6108	49.3238	1.9688	0.0	0.096	
20.6108	49.3238	1.9688	0.0	0.1047	
20.6108	49.3238	1.9688	0.0	0.1134	
20.6108	49.3238	1.9688	0.0	0.1222	
20.6108	49.3238	1.9688	0.0	0.1309	
20.6108	49.3238	1.9688	0.0	0.1396	
20.6108	49.3238	1.9688	0.0	0.1484	
20.6108	49.3238	1.9688	0.0	0.1571	
20.6108	49.3238	1.9688	0.0	0.1658	
20.6108	49.3238	1.9688	0.0	0.1745	
20.5833	49.3656	1.9725	0.5	0.1833	
20.5274	49.4485	1.9801	1.0	0.192	
20.4414	49.5714	1.9921	1.5	0.2007	
20.3235	49.7329	2.0087	2.0	0.2094	
20.171	49.931	2.0303	2.5	0.2182	
19.9949	50.1459	2.0553	2.7778	0.2269	
19.8117	50.3547	2.0813	2.7778	0.2356	
19.6214	50.557	2.1082	2.7778	0.2443	
19.424	50.7525	2.136	2.7778	0.2531	
19.2196	50.9406	2.1647	2.7778	0.2618	
19.0476	51.0899	2.1883	2.2778	0.2618	
18.9107	51.2033	2.2067	1.7778	0.2618	
18.8108	51.2829	2.2199	1.2778	0.2618	
18.7493	51.3306	2.228	0.7778	0.2618	
18.7272	51.3475	2.2309	0.2778	0.2618	
18.7272	51.3475	2.2309	0.0	0.2618	
18.7272	51.3475	2.2309	0.0	0.2618	
18.7272	51.3475	2.2309	0.0	0.2618	
18.7272	51.3475	2.2309	0.0	0.2618	
18.7272	51.3475	2.2309	0.0	0.2618	
18.7272	51.3475	2.2309	0.0	0.2705	
18.7272	51.3475	2.2309	0.0	0.2793	
18.7272	51.3475	2.2309	0.0	0.288	
18.7272	51.3475	2.2309	0.0	0.2967	
18.7272	51.3475	2.2309	0.0	0.3054	
18.7272	51.3475	2.2309	0.0	0.3142	
18.7272	51.3475	2.2309	0.0	0.3229	
18.7272	51.3475	2.2309	0.0	0.3316	
18.7272	51.3475	2.2309	0.0	0.3403	
18.7272	51.3475	2.2309	0.0	0.3491	
18.7272	51.3475	2.2309	0.0	0.3491	
18.7272	51.3475	2.2309	0.0	0.3491	
18.7272	51.3475	2.2309	0.0	0.3491	
18.7272	51.3475	2.2309	0.0	0.3491	
18.7272	51.3475	2.2309	0.0	0.3491	
18.7272	51.3475	2.2309	0.0	0.3491	
18.7272	51.3475	2.2309	0.0	0.3491	
18.7272	51.3475	2.2309	0.0	0.3491	
18.7272	51.3475	2.2309	0.0	0.3491	
18.7272	51.3475	2.2309	0.0	0.3491	
18.7272	51.3475	2.2309	0.0	0.3491	
18.7272	51.3475	2.2309	0.0	0.3491	
18.7272	51.3475	2.2309	0.0	0.3491	
18.7272	51.3475	2.2309	0.0	0.3491	
18.7272	51.3475	2.2309	0.0	0.3491	
18.7272	51.3475	2.2309	0.0	0.3491	
18.7272	51.3475	2.2309	0.0	0.3491	
18.7272	51.3475	2.2309	0.0	0.3491	
18.7272	51.3475	2.2309	0.0	0.3491	
18.7272	51.3475	2.2309	0.0	0.3491	
18.7102	51.358	2.2337	0.2	0.3578	
18.6759	51.3786	2.2394	0.4	0.3665	
18.6241	51.4087	2.2482	0.6	0.3752	
18.5542	51.4478	2.2602	0.8	0.384	
18.4659	51.4947	2.2755	1.0	0.3927	
18.3587	51.5485	2.2943	1.2	0.4014	
18.2318	51.6078	2.3166	1.4	0.4102	
18.0848	51.671	2.3426	1.6	0.4189	
17.9171	51.7363	2.3725	1.8	0.4276	
17.7281	51.8016	2.4063	2.0	0.4363	
17.5556	51.8531	2.4373	1.8	0.4451	
17.4006	51.8928	2.4653	1.6	0.4538	
17.2638	51.9225	2.4903	1.4	0.4625	
17.1457	51.944	2.5121	1.2	0.4712	
17.0468	51.9589	2.5306	1.0	0.48	
16.9674	51.9686	2.5456	0.8	0.4887	
16.9077	51.9745	2.5571	0.6	0.4974	
16.8679	51.9777	2.5648	0.4	0.5061	
16.8479	51.9789	2.5688	0.2	0.5149	
16.8479	51.9789	2.5688	0.0	0.5236	
16.8479	51.9789	2.5688	0.0	0.5149	
16.8479	51.9789	2.5688	0.0	0.5061	
16.8479	51.9789	2.5688	0.0	0.4974	
16.8479	51.9789	2.5688	0.0	0.4887	
16.8479	51.9789	2.5688	0.0	0.48	
16.8479	51.9789	2.5688	0.0	0.4712	
16.8479	51.9789	2.5688	0.0	0.4625	
16.8479	51.9789	2.5688	0.0	0.4538	
16.8479	51.9789	2.5688	0.0	0.4451	
16.8479	51.9789	2.5688	0.0	0.4363	
16.8479	51.9789	2.5688	0.0	0.4451	
16.8479	51.9789	2.5688	0.0	0.4538	
16.8479	51.9789	2.5688	0.0	0.4625	
16.8479	51.9789	2.5688	0.0	0.4712	
16.8479	51.9789	2.5688	0.0	0.48	
16.8479	51.9789	2.5688	0.0	0.4887	
16.8479	51.9789	2.5688	0.0	0.4974	
16.8479	51.9789	2.5688	0.0	0.5061	
16.8479	51.9789	2.5688	0.0	0.5149	
16.8479	51.9789	2.5688	0.0	0.5236	
16.8179	51.9801	2.5748	0.3	0.5323	
16.7579	51.9817	2.5872	0.6	0.5411	
16.6679	51.9821	2.606	0.9	0.5498	
16.548	51.9793	2.6315	1.2	0.5585	
16.3982	51.9708	2.6637	1.5	0.5672	
16.2191	51.9532	2.7029	1.8	0.576	
16.0113	51.9226	2.7493	2.1	0.5847	
15.7761	51.8747	2.803	2.4	0.5934	
15.5155	51.8043	2.8641	2.7	0.6021	
15.253	51.7134	2.9279	2.7778	0.6109	
14.9978	51.6038	2.9924	2.7778	0.6196	
14.7513	51.4757	3.0577	2.7778	0.6283	
14.5149	51.3298	3.1238	2.7778	0.637	
14.2901	51.1666	-3.0925	2.7778	0.6458	
14.0783	50.9869	-3.0249	2.7778	0.6545	
13.8808	50.7916	-2.9565	2.7778	0.6632	
13.699	50.5816	-2.8873	2.7778	0.672	
13.534	50.3581	-2.8174	2.7778	0.6807	
13.3871	50.1223	-2.7467	2.7778	0.6894	
13.2594	49.8757	-2.6753	2.7778	0.6981	
13.1535	49.6297	-2.6065	2.6778	0.6981	
13.0682	49.3865	-2.5402	2.5778	0.6981	
13.0018	49.1477	-2.4765	2.4778	0.6981	
12.9528	48.9151	-2.4153	2.3778	0.6981	
12.9196	48.6897	-2.3568	2.2778	0.6981	
12.9005	48.4728	-2.3008	2.1778	0.6981	
12.8938	48.2651	-2.2474	2.0778	0.6981	
12.8981	48.0674	-2.1965	1.9778	0.6981	
12.9117	47.8801	-2.1482	1.8778	0.6981	
12.9331	47.7036	-2.1025	1.7778	0.6981	
12.9658	47.5187	-2.0537	1.8778	0.7069	
13.0114	47.3263	-2.0018	1.9778	0.7156	
13.0715	47.1273	-1.9468	2.0778	0.7243	
13.1476	46.9233	-1.8885	2.1778	0.733	
13.2413	46.7157	-1.8269	2.2778	0.7418	
13.3542	46.5064	-1.762	2.3778	0.7505	
13.4874	46.2975	-1.6938	2.4778	0.7592	
13.6424	46.0915	-1.6222	2.5778	0.7679	
13.82	45.8911	-1.5471	2.6778	0.7767	
14.021	45.6994	-1.4686	2.7778	0.7854	
14.1977	45.5556	-1.4041	2.2778	0.7854	
14.3425	45.4525	-1.3538	1.7778	0.7854	
14.4502	45.3837	-1.3177	1.2778	0.7854	
14.5172	45.3443	-1.2957	0.7778	0.7854	
14.5415	45.3307	-1.2878	0.2778	0.7854	
14.5415	45.3307	-1.2878	0.0	0.7854	
14.5415	45.3307	-1.2878	0.0	0.7854	
14.5415	45.3307	-1.2878	0.0	0.7854	
14.5415	45.3307	-1.2878	0.0	0.7854	
14.5415	45.3307	-1.2878	0.0	0.7854	
14.5763	45.3111	-1.2766	0.4	0.7767	
14.6462	45.2722	-1.2544	0.8	0.7679	
14.7518	45.2151	-1.2214	1.2	0.7592	
14.8944	45.1426	-1.1777	1.6	0.7505	
15.0757	45.0581	-1.1237	2.0	0.7418	
15.2976	44.9667	-1.0594	2.4	0.733	
15.5599	44.8754	-0.9858	2.7778	0.7243	
15.8276	44.8012	-0.9129	2.7778	0.7156	
16.0995	44.7444	-0.8408	2.7778	0.7069	
16.3745	44.7049	-0.7693	2.7778	0.6981	
16.6118	44.69	-0.7076	2.3778	0.7069	
16.8096	44.6916	-0.6557	1.9778	0.7156	
16.967	44.7025	-0.6138	1.5778	0.7243	
17.0839	44.7165	-0.5823	1.1778	0.733	
17.1607	44.7288	-0.5613	0.7778	0.7418	
17.1978	44.7359	-0.551	0.3778	0.7505	
17.1978	44.7359	-0.551	0.0	0.7592	
17.1978	44.7359	-0.551	0.0	0.7679	
17.1978	44.7359	-0.551	0.0	0.7767	
17.1978	44.7359	-0.551	0.0	0.7854	
17.2368	44.7449	-0.5398	0.4	0.7767	
17.3147	44.763	-0.5176	0.8	0.7679	
17.4312	44.7917	-0.4845	1.2	0.7592	
17.5856	44.8337	-0.4409	1.6	0.7505	
17.7766	44.893	-0.3868	2.0	0.7418	
18.0024	44.9745	-0.3226	2.4	0.733	
18.2581	45.0831	-0.249	2.7778	0.7243	
18.5061	45.208	-0.1761	2.7778	0.7156	
18.7457	45.3487	-0.1039	2.7778	0.7069	
18.9758	45.5042	-0.0325	2.7778	0.6981	
19.1958	45.6738	0.0382	2.7778	0.6894	
19.4049	45.8567	0.1081	2.7778	0.6807	
19.6023	46.0521	0.1773	2.7778	0.672	
19.7876	46.2591	0.2457	2.7778	0.6632	
19.9602	46.4767	0.3133	2.7778	0.6545	
20.1198	46.7041	0.3802	2.7778	0.6458	
20.2658	46.9404	0.4463	2.7778	0.637	
20.398	47.1847	0.5116	2.7778	0.6283	
20.5162	47.436	0.5761	2.7778	0.6196	
20.6203	47.6936	0.6399	2.7778	0.6109	
20.6919	47.9098	0.6921	2.2778	0.6109	
20.739	48.0813	0.7329	1.7778	0.6109	
20.7677	48.2058	0.7622	1.2778	0.6109	
20.783	48.282	0.7801	0.7778	0.6109	
20.788	48.3093	0.7864	0.2778	0.6109	
20.788	48.3093	0.7864	0.0	0.6109	
20.788	48.3093	0.7864	0.0	0.6109	
20.788	48.3093	0.7864	0.0	0.6109	
20.788	48.3093	0.7864	0.0	0.6109	
20.788	48.3093	0.7864	0.0	0.6109	
20.7912	48.3291	0.7911	0.2	0.6196	
20.7973	48.3686	0.8005	0.4	0.6283	
20.8053	48.4281	0.8148	0.6	0.637	
20.8141	48.5076	0.834	0.8	0.6458	
20.8223	48.6073	0.8584	1.0	0.6545	
20.8282	48.7271	0.8879	1.2	0.6632	
20.8297	48.8671	0.9228	1.4	0.672	
20.8245	49.027	0.9631	1.6	0.6807	
20.8098	49.2064	1.0089	1.8	0.6894	
20.7826	49.4046	1.0603	2.0	0.6981	
20.7435	49.6211	1.1163	2.2	0.6894	
20.6897	49.8549	1.1767	2.4	0.6807	
20.6184	50.105	1.2414	2.6	0.672	
20.5273	50.3674	1.3098	2.7778	0.6632	
20.4208	50.624	1.3775	2.7778	0.6545	
20.2994	50.8738	1.4443	2.7778	0.6458	
20.1636	51.1161	1.5104	2.7778	0.637	
20.0142	51.3503	1.5757	2.7778	0.6283	
19.8518	51.5757	1.6403	2.7778	0.6196	
19.6771	51.7916	1.704	2.7778	0.6109	
19.5109	51.9753	1.7601	2.4778	0.6021	
19.3573	52.1297	1.8088	2.1778	0.5934	
19.2196	52.2575	1.8503	1.8778	0.5847	
19.1005	52.361	1.8847	1.5778	0.576	
19.002	52.4423	1.9121	1.2778	0.5672	
18.9254	52.5031	1.9329	0.9778	0.5585	
18.8718	52.5446	1.947	0.6778	0.5498	
18.8418	52.5675	1.9548	0.3778	0.5411	
18.8356	52.5723	1.9564	0.0778	0.5323	
18.8356	52.5723	1.9564	0.0	0.5236	
18.8356	52.5723	1.9564	0.0	0.5149	
18.8356	52.5723	1.9564	0.0	0.5061	
18.8356	52.5723	1.9564	0.0	0.4974	
18.8356	52.5723	1.9564	0.0	0.4887	
18.8356	52.5723	1.9564	0.0	0.48	
18.8356	52.5723	1.9564	0.0	0.4712	
18.8356	52.5723	1.9564	0.0	0.4625	
18.8356	52.5723	1.9564	0.0	0.4538	
18.8356	52.5723	1.9564	0.0	0.4451	
18.8356	52.5723	1.9564	0.0	0.4363	
18.8356	52.5723	1.9564	0.0	0.4451	
18.8356	52.5723	1.9564	0.0	0.4538	
18.8356	52.5723	1.9564	0.0	0.4625	
18.8356	52.5723	1.9564	0.0	0.4712	
18.8356	52.5723	1.9564	0.0	0.48	
18.8356	52.5723	1.9564	0.0	0.4887	
18.8356	52.5723	1.9564	0.0	0.4974	
18.8356	52.5723	1.9564	0.0	0.5061	
18.8356	52.5723	1.9564	0.0	0.5149	
18.8356	52.5723	1.9564	0.0	0.5236	
18.8356	52.5723	1.9564	0.0	0.5236	
18.8356	52.5723	1.9564	0.0	0.5236	
18.8356	52.5723	1.9564	0.0	0.5236	
18.8356	52.5723	1.9564	0.0	0.5236	
18.8356	52.5723	1.9564	0.0	0.5236	
18.8356	52.5723	1.9564	0.0	0.5236	
18.8356	52.5723	1.9564	0.0	0.5236	
18.8356	52.5723	1.9564	0.0	0.5236	
18.8356	52.5723	1.9564	0.0	0.5236	
18.8356	52.5723	1.9564	0.0	0.5236	
18.8118	52.5905	1.9625	0.3	0.5323	
18.7636	52.6262	1.9748	0.6	0.5411	
18.6902	52.6783	1.9936	0.9	0.5498	
18.5904	52.745	2.0191	1.2	0.5585	
18.463	52.8241	2.0513	1.5	0.5672	
18.3063	52.9126	2.0905	1.8	0.576	
18.1187	53.0071	2.1369	2.1	0.5847	
17.8987	53.103	2.1906	2.4	0.5934	
17.645	53.1953	2.2517	2.7	0.6021	
17.3779	53.2718	2.3155	2.7778	0.6109	
17.1256	53.3247	2.3754	2.5778	0.6196	
16.8901	53.3573	2.4313	2.3778	0.6283	
16.6729	53.3733	2.4831	2.1778	0.637	
16.4752	53.3758	2.5307	1.9778	0.6458	
16.2976	53.3681	2.574	1.7778	0.6545	
16.1405	53.353	2.6128	1.5778	0.6632	
16.0041	53.3333	2.6471	1.3778	0.672	
15.8884	53.3115	2.6768	1.1778	0.6807	
15.7931	53.2898	2.7017	0.9778	0.6894	
15.7179	53.2699	2.7217	0.7778	0.6981	
15.6912	53.2623	2.7288	0.2778	0.6981	
15.6912	53.2623	2.7288	0.0	0.6981	
15.6912	53.2623	2.7288	0.0	0.6981	
15.6912	53.2623	2.7288	0.0	0.6981	
15.6912	53.2623	2.7288	0.0	0.6981	
15.6912	53.2623	2.7288	0.0	0.6981	
15.6912	53.2623	2.7288	0.0	0.6981	
15.6912	53.2623	2.7288	0.0	0.6981	
15.6912	53.2623	2.7288	0.0	0.6981	
15.6912	53.2623	2.7288	0.0	0.6981	
15.6912	53.2623	2.7288	0.0	0.6981	
15.6912	53.2623	2.7288	0.0	0.6981	
15.6912	53.2623	2.7288	0.0	0.6981	
15.6912	53.2623	2.7288	0.0	0.6981	
15.6912	53.2623	2.7288	0.0	0.6981	
15.6912	53.2623	2.7288	0.0	0.6981	
15.6912	53.2623	2.7288	0.0	0.6981	
15.6912	53.2623	2.7288	0.0	0.6981	
15.6912	53.2623	2.7288	0.0	0.6981	
15.6912	53.2623	2.7288	0.0	0.6981	
15.6912	53.2623	2.7288	0.0	0.7069	
15.6912	53.2623	2.7288	0.0	0.7156	
15.6912	53.2623	2.7288	0.0	0.7243	
15.6912	53.2623	2.7288	0.0	0.733	
15.6912	53.2623	2.7288	0.0	0.7418	
15.6912	53.2623	2.7288	0.0	0.7505	
15.6912	53.2623	2.7288	0.0	0.7592	
15.6912	53.2623	2.7288	0.0	0.7679	
15.6912	53.2623	2.7288	0.0	0.7767	
15.6912	53.2623	2.7288	0.0	0.7854	
15.6444	53.2445	2.7428	0.5	0.7767	
15.5512	53.2084	2.7706	1.0	0.7679	
15.4123	53.1516	2.8119	1.5	0.7592	
15.2298	53.0699	2.8665	2.0	0.7505	
15.0065	52.9574	2.934	2.5	0.7418	
14.7662	52.8181	3.0084	2.7778	0.733	
14.5356	52.6633	3.082	2.7778	0.7243	
14.3154	52.4939	-3.1283	2.7778	0.7156	
14.1066	52.3107	-3.0561	2.7778	0.7069	
13.9099	52.1146	-2.9847	2.7778	0.6981	
13.7554	51.9338	-2.9229	2.3778	0.7069	
13.6378	51.7748	-2.871	1.9778	0.7156	
13.5519	51.6425	-2.8292	1.5778	0.7243	
13.4928	51.5406	-2.7977	1.1778	0.733	
13.4566	51.4718	-2.7767	0.7778	0.7418	
13.44	51.4378	-2.7664	0.3778	0.7505	
13.44	51.4378	-2.7664	0.0	0.7592	
13.44	51.4378	-2.7664	0.0	0.7679	
13.44	51.4378	-2.7664	0.0	0.7767	
13.44	51.4378	-2.7664	0.0	0.7854	
13.44	51.4378	-2.7664	0.0	0.7767	
13.44	51.4378	-2.7664	0.0	0.7679	
13.44	51.4378	-2.7664	0.0	0.7592	
13.44	51.4378	-2.7664	0.0	0.7505	
13.44	51.4378	-2.7664	0.0	0.7418	
13.44	51.4378	-2.7664	0.0	0.733	
13.44	51.4378	-2.7664	0.0	0.7243	
13.44	51.4378	-2.7664	0.0	0.7156	
13.44	51.4378	-2.7664	0.0	0.7069	
13.44	51.4378	-2.7664	0.0	0.6981	
-1
32.1267	45.9989	-0.0004	1.2667	-0.0087	
32.2133	45.9973	-0.001	0.8667	-0.0175	
32.26	45.9961	-0.0015	0.4667	-0.0262	
32.2666	45.9958	-0.0016	0.0667	-0.0349	
32.2666	45.9958	-0.0016	0.0	-0.0436	
32.2666	45.9958	-0.0016	0.0	-0.0524	
32.2666	45.9958	-0.0016	0.0	-0.0611	
32.2666	45.9958	-0.0016	0.0	-0.0698	
32.2666	45.9958	-0.0016	0.0	-0.0785	
32.2666	45.9958	-0.0016	0.0	-0.0873	
32.2666	45.9958	-0.0016	0.0	-0.0873	
32.2666	45.9958	-0.0016	0.0	-0.0873	
32.2666	45.9958	-0.0016	0.0	-0.0873	
32.2666	45.9958	-0.0016	0.0	-0.0873	
32.2666	45.9958	-0.0016	0.0	-0.0873	
32.2666	45.9958	-0.0016	0.0	-0.0873	
32.2666	45.9958	-0.0016	0.0	-0.0873	
32.2666	45.9958	-0.0016	0.0	-0.0873	
32.2666	45.9958	-0.0016	0.0	-0.0873	
32.2666	45.9958	-0.0016	0.0	-0.0873	
32.2666	45.9958	-0.0016	0.0	-0.0873	
32.2666	45.9958	-0.0016	0.0	-0.0873	
32.2666	45.9958	-0.0016	0.0	-0.0873	
32.2666	45.9958	-0.0016	0.0	-0.0873	
32.2666	45.9958	-0.0016	0.0	-0.0873	
32.2666	45.9958	-0.0016	0.0	-0.0873	
32.2666	45.9958	-0.0016	0.0	-0.0873	
32.2666	45.9958	-0.0016	0.0	-0.0873	
32.2666	45.9958	-0.0016	0.0	-0.0873	
32.2666	45.9958	-0.0016	0.0	-0.0873	
32.3065	45.9923	-0.003	0.4	-0.0873	
32.3861	45.9851	-0.0058	0.8	-0.0873	
32.5056	45.9739	-0.01	1.2	-0.0873	
32.6649	45.9584	-0.0156	1.6	-0.0873	
32.8638	45.9378	-0.0225	2.0	-0.0873	
33.1024	45.9115	-0.0309	2.4	-0.0873	
33.3782	45.8788	-0.0406	2.7778	-0.0873	
33.6537	45.8434	-0.0503	2.7778	-0.0873	
33.9289	45.8053	-0.06	2.7778	-0.0873	
34.2036	45.7645	-0.0696	2.7778	-0.0873	
34.4388	45.7294	-0.0771	2.3778	-0.0785	
34.6345	45.7005	-0.0826	1.9778	-0.0698	
34.7906	45.6779	-0.0865	1.5778	-0.0611	
34.9073	45.6616	-0.0889	1.1778	-0.0524	
34.9844	45.6513	-0.0903	0.7778	-0.0436	
35.0218	45.6466	-0.0908	0.3778	-0.0349	
35.0218	45.6466	-0.0908	0.0	-0.0262	
35.0218	45.6466	-0.0908	0.0	-0.0175	
35.0218	45.6466	-0.0908	0.0	-0.0087	
35.0218	45.6466	-0.0908	0.0	0.0	
35.0218	45.6466	-0.0908	0.0	0.0	
35.0218	45.6466	-0.0908	0.0	0.0	
35.0218	45.6466	-0.0908	0.0	0.0	
35.0218	45.6466	-0.0908	0.0	0.0	
35.0218	45.6466	-0.0908	0.0	0.0	
35.0218	45.6466	-0.0908	0.0	0.0	
35.0218	45.6466	-0.0908	0.0	0.0	
35.0218	45.6466	-0.0908	0.0	0.0	
35.0218	45.6466	-0.0908	0.0	0.0	
35.0218	45.6466	-0.0908	0.0	0.0	
35.0218	45.6466	-0.0908	0.0	0.0	
35.0218	45.6466	-0.0908	0.0	0.0	
35.0218	45.6466	-0.0908	0.0	0.0	
35.0218	45.6466	-0.0908	0.0	0.0	
35.0218	45.6466	-0.0908	0.0	0.0	
35.0218	45.6466	-0.0908	0.0	0.0	
35.0218	45.6466	-0.0908	0.0	0.0	
35.0218	45.6466	-0.0908	0.0	0.0	
35.0218	45.6466	-0.0908	0.0	0.0	
35.0218	45.6466	-0.0908	0.0	0.0	
35.0218	45.6466	-0.0908	0.0	-0.0087	
35.0218	45.6466	-0.0908	0.0	-0.0175	
35.0218	45.6466	-0.0908	0.0	-0.0262	
35.0218	45.6466	-0.0908	0.0	-0.0349	
35.0218	45.6466	-0.0908	0.0	-0.0436	
35.0218	45.6466	-0.0908	0.0	-0.0524	
35.0218	45.6466	-0.0908	0.0	-0.0611	
35.0218	45.6466	-0.0908	0.0	-0.0698	
35.0218	45.6466	-0.0908	0.0	-0.0785	
35.0218	45.6466	-0.0908	0.0	-0.0873	
35.0218	45.6466	-0.0908	0.0	-0.0873	
35.0218	45.6466	-0.0908	0.0	-0.0873	
35.0218	45.6466	-0.0908	0.0	-0.0873	
35.0218	45.6466	-0.0908	0.0	-0.0873	
35.0218	45.6466	-0.0908	0.0	-0.0873	
35.0218	45.6466	-0.0908	0.0	-0.0873	
35.0218	45.6466	-0.0908	0.0	-0.0873	
35.0218	45.6466	-0.0908	0.0	-0.0873	
35.0218	45.6466	-0.0908	0.0	-0.0873	
35.0218	45.6466	-0.0908	0.0	-0.0873	
35.0711	45.6381	-0.0924	0.5	-0.0785	
35.1698	45.622	-0.0952	1.0	-0.0698	
35.318	45.5986	-0.0989	1.5	-0.0611	
35.5157	45.5685	-0.103	2.0	-0.0524	
35.763	45.532	-0.1074	2.5	-0.0436	
36.038	45.4926	-0.1113	2.7778	-0.0349	
36.3131	45.4545	-0.1142	2.7778	-0.0262	
36.5885	45.4181	-0.1161	2.7778	-0.0175	
36.8641	45.3835	-0.1171	2.7778	-0.0087	
37.14	45.351	-0.1171	2.7778	0.0	
37.4059	45.3197	-0.1171	2.6778	0.0	
37.662	45.2896	-0.1171	2.5778	0.0	
37.908	45.2607	-0.1171	2.4778	0.0	
38.1442	45.2329	-0.1171	2.3778	0.0	
38.3704	45.2063	-0.1171	2.2778	0.0	
38.5867	45.1808	-0.1171	2.1778	0.0	
38.793	45.1566	-0.1171	2.0778	0.0	
38.9895	45.1334	-0.1171	1.9778	0.0	
39.176	45.1115	-0.1171	1.8778	0.0	
39.3525	45.0907	-0.1171	1.7778	0.0	
39.5787	45.0641	-0.1171	2.2778	0.0	
39.8546	45.0317	-0.1171	2.7778	0.0	
40.1305	44.9992	-0.1171	2.7778	0.0	
40.4064	44.9668	-0.1171	2.7778	0.0	
40.6822	44.9343	-0.1171	2.7778	0.0	
40.9581	44.9019	-0.1171	2.7778	0.0	
41.234	44.8694	-0.1171	2.7778	0.0	
41.5099	44.837	-0.1171	2.7778	0.0	
41.7857	44.8045	-0.1171	2.7778	0.0	
42.0616	44.772	-0.1171	2.7778	0.0	
42.3179	44.7442	-0.1162	2.5778	0.0087	
42.5545	44.7207	-0.1145	2.3778	0.0175	
42.7714	44.7015	-0.1123	2.1778	0.0262	
42.9686	44.6862	-0.1095	1.9778	0.0349	
43.146	44.6745	-0.1064	1.7778	0.0436	
43.3036	44.666	-0.1031	1.5778	0.0524	
43.4412	44.6602	-0.0997	1.3778	0.0611	
43.5589	44.6567	-0.0964	1.1778	0.0698	
43.6567	44.6549	-0.0934	0.9778	0.0785	
43.7345	44.6545	-0.0907	0.7778	0.0873	
43.8423	44.6532	-0.0873	1.0778	0.0785	
43.98	44.6508	-0.0834	1.3778	0.0698	
44.1477	44.647	-0.0793	1.6778	0.0611	
44.3454	44.6417	-0.0752	1.9778	0.0524	
44.5731	44.6345	-0.0712	2.2778	0.0436	
44.8307	44.6251	-0.0676	2.5778	0.0349	
45.1083	44.6136	-0.0647	2.7778	0.0262	
45.3857	44.6005	-0.0628	2.7778	0.0175	
45.6631	44.5855	-0.0618	2.7778	0.0087	
45.9403	44.5683	-0.0618	2.7778	0.0	
46.1678	44.5562	-0.061	2.2778	0.0087	
46.3454	44.5485	-0.0598	1.7778	0.0175	
46.4731	44.5442	-0.0584	1.2778	0.0262	
46.5509	44.5424	-0.0573	0.7778	0.0349	
46.5787	44.542	-0.0569	0.2778	0.0436	
46.5787	44.542	-0.0569	0.0	0.0524	
46.5787	44.542	-0.0569	0.0	0.0611	
46.5787	44.542	-0.0569	0.0	0.0698	
46.5787	44.542	-0.0569	0.0	0.0785	
46.5787	44.542	-0.0569	0.0	0.0873	
46.5986	44.5428	-0.0561	0.2	0.096	
46.6386	44.5447	-0.0544	0.4	0.1047	
46.6985	44.5483	-0.0517	0.6	0.1134	
46.7783	44.5539	-0.0478	0.8	0.1222	
46.8779	44.5622	-0.0426	1.0	0.1309	
46.9974	44.5738	-0.0359	1.2	0.1396	
47.1365	44.5895	-0.0276	1.4	0.1484	
47.2952	44.6102	-0.0176	1.6	0.1571	
47.4732	44.6368	-0.0057	1.8	0.1658	
47.6703	44.6704	0.0082	2.0	0.1745	
47.8569	44.7065	0.022	1.9	0.1833	
48.0328	44.7447	0.0357	1.8	0.192	
48.198	44.7846	0.0493	1.7	0.2007	
48.3527	44.8255	0.0626	1.6	0.2094	
48.4968	44.8671	0.0756	1.5	0.2182	
48.6305	44.9088	0.0882	1.4	0.2269	
48.7537	44.9501	0.1003	1.3	0.2356	
48.8667	44.9907	0.1119	1.2	0.2443	
48.9694	45.0299	0.123	1.1	0.2531	
49.0621	45.0675	0.1333	1.0	0.2618	
49.1455	45.1014	0.1423	0.9	0.2531	
49.2196	45.1316	0.1501	0.8	0.2443	
49.2844	45.1579	0.1566	0.7	0.2356	
49.3401	45.1803	0.162	0.6	0.2269	
49.3865	45.1989	0.1663	0.5	0.2182	
49.4237	45.2136	0.1697	0.4	0.2094	
49.4517	45.2244	0.1721	0.3	0.2007	
49.4704	45.2316	0.1736	0.2	0.192	
49.4797	45.2351	0.1743	0.1	0.1833	
49.4797	45.2351	0.1743	0.0	0.1745	
49.4797	45.2351	0.1743	0.0	0.1833	
49.4797	45.2351	0.1743	0.0	0.192	
49.4797	45.2351	0.1743	0.0	0.2007	
49.4797	45.2351	0.1743	0.0	0.2094	
49.4797	45.2351	0.1743	0.0	0.2182	
49.4797	45.2351	0.1743	0.0	0.2269	
49.4797	45.2351	0.1743	0.0	0.2356	
49.4797	45.2351	0.1743	0.0	0.2443	
49.4797	45.2351	0.1743	0.0	0.2531	
49.4797	45.2351	0.1743	0.0	0.2618	
49.4797	45.2351	0.1743	0.0	0.2618	
49.4797	45.2351	0.1743	0.0	0.2618	
49.4797	45.2351	0.1743	0.0	0.2618	
49.4797	45.2351	0.1743	0.0	0.2618	
49.4797	45.2351	0.1743	0.0	0.2618	
49.4797	45.2351	0.1743	0.0	0.2618	
49.4797	45.2351	0.1743	0.0	0.2618	
49.4797	45.2351	0.1743	0.0	0.2618	
49.4797	45.2351	0.1743	0.0	0.2618	
49.4797	45.2351	0.1743	0.0	0.2618	
49.516	45.252	0.1784	0.4	0.2618	
49.5884	45.286	0.1867	0.8	0.2618	
49.6965	45.3381	0.1992	1.2	0.2618	
49.8398	45.4092	0.2157	1.6	0.2618	
50.0174	45.5012	0.2364	2.0	0.2618	
50.2282	45.6159	0.2613	2.4	0.2618	
50.4689	45.7546	0.29	2.7778	0.2618	
50.7054	45.9002	0.3188	2.7778	0.2618	
50.9377	46.0526	0.3475	2.7778	0.2618	
51.1655	46.2116	0.3763	2.7778	0.2618	
51.3658	46.3574	0.4011	2.4778	0.2531	
51.5397	46.4884	0.4222	2.1778	0.2443	
51.6883	46.6032	0.4397	1.8778	0.2356	
51.8123	46.7008	0.4539	1.5778	0.2269	
51.9123	46.7804	0.465	1.2778	0.2182	
51.9887	46.8414	0.4731	0.9778	0.2094	
52.0416	46.8837	0.4785	0.6778	0.2007	
52.0712	46.9072	0.4814	0.3778	0.192	
52.0774	46.912	0.482	0.0778	0.1833	
52.0774	46.912	0.482	0.0	0.1745	
52.0774	46.912	0.482	0.0	0.1745	
52.0774	46.912	0.482	0.0	0.1745	
52.0774	46.912	0.482	0.0	0.1745	
52.0774	46.912	0.482	0.0	0.1745	
52.0774	46.912	0.482	0.0	0.1745	
52.0774	46.912	0.482	0.0	0.1745	
52.0774	46.912	0.482	0.0	0.1745	
52.0774	46.912	0.482	0.0	0.1745	
52.0774	46.912	0.482	0.0	0.1745	
52.0774	46.912	0.482	0.0	0.1745	
52.0774	46.912	0.482	0.0	0.1745	
52.0774	46.912	0.482	0.0	0.1745	
52.0774	46.912	0.482	0.0	0.1745	
52.0774	46.912	0.482	0.0	0.1745	
52.0774	46.912	0.482	0.0	0.1745	
52.0774	46.912	0.482	0.0	0.1745	
52.0774	46.912	0.482	0.0	0.1745	
52.0774	46.912	0.482	0.0	0.1745	
52.0774	46.912	0.482	0.0	0.1745	
52.0774	46.912	0.482	0.0	0.1745	
52.0853	46.9181	0.4827	0.1	0.1745	
52.1011	46.9303	0.4841	0.2	0.1745	
52.1249	46.9487	0.4861	0.3	0.1745	
52.1564	46.9732	0.4889	0.4	0.1745	
52.1958	47.004	0.4924	0.5	0.1745	
52.243	47.0411	0.4966	0.6	0.1745	
52.2978	47.0846	0.5014	0.7	0.1745	
52.3602	47.1347	0.507	0.8	0.1745	
52.4301	47.1914	0.5132	0.9	0.1745	
52.5074	47.2549	0.5202	1.0	0.1745	
52.5693	47.3056	0.5255	0.8	0.1658	
52.6158	47.3434	0.5292	0.6	0.1571	
52.647	47.3685	0.5316	0.4	0.1484	
52.6627	47.3809	0.5327	0.2	0.1396	
52.6627	47.3809	0.5327	0.0	0.1309	
52.6627	47.3809	0.5327	0.0	0.1222	
52.6627	47.3809	0.5327	0.0	0.1134	
52.6627	47.3809	0.5327	0.0	0.1047	
52.6627	47.3809	0.5327	0.0	0.096	
52.6627	47.3809	0.5327	0.0	0.0873	
52.7031	47.4103	0.5346	0.5	0.096	
52.7833	47.47	0.5388	1.0	0.1047	
52.9026	47.561	0.5456	1.5	0.1134	
53.0596	47.6849	0.5553	2.0	0.1222	
53.253	47.8433	0.5684	2.5	0.1309	
53.464	48.0239	0.5838	2.7778	0.1396	
53.6706	48.2096	0.6003	2.7778	0.1484	
53.8725	48.4004	0.6176	2.7778	0.1571	
54.0693	48.5965	0.636	2.7778	0.1658	
54.2607	48.7978	0.6553	2.7778	0.1745	
54.4363	48.9864	0.6723	2.5778	0.1658	
54.5969	49.1618	0.6872	2.3778	0.1571	
54.743	49.3233	0.7001	2.1778	0.1484	
54.8751	49.4706	0.7111	1.9778	0.1396	
54.9935	49.6032	0.7203	1.7778	0.1309	
55.0985	49.7209	0.728	1.5778	0.1222	
55.1903	49.8237	0.7343	1.3778	0.1134	
55.269	49.9113	0.7392	1.1778	0.1047	
55.3346	49.9838	0.743	0.9778	0.096	
55.3871	50.0412	0.7457	0.7778	0.0873	
55.4058	50.0617	0.7466	0.2778	0.0873	
55.4058	50.0617	0.7466	0.0	0.0873	
55.4058	50.0617	0.7466	0.0	0.0873	
55.4058	50.0617	0.7466	0.0	0.0873	
55.4058	50.0617	0.7466	0.0	0.0873	
55.4058	50.0617	0.7466	0.0	0.0873	
55.4058	50.0617	0.7466	0.0	0.0873	
55.4058	50.0617	0.7466	0.0	0.0873	
55.4058	50.0617	0.7466	0.0	0.0873	
55.4058	50.0617	0.7466	0.0	0.0873	
55.4125	50.0691	0.747	0.1	0.0873	
55.4259	50.084	0.7477	0.2	0.0873	
55.446	50.1062	0.7487	0.3	0.0873	
55.4729	50.1359	0.7501	0.4	0.0873	
55.5063	50.173	0.7519	0.5	0.0873	
55.5464	50.2177	0.754	0.6	0.0873	
55.5931	50.2698	0.7564	0.7	0.0873	
55.6463	50.3296	0.7592	0.8	0.0873	
55.7059	50.397	0.7623	0.9	0.0873	
55.7719	50.4721	0.7658	1.0	0.0873	
55.8245	50.5324	0.7686	0.8	0.0873	
55.8639	50.5777	0.7707	0.6	0.0873	
55.89	50.6079	0.7721	0.4	0.0873	
55.9031	50.6231	0.7728	0.2	0.0873	
55.9031	50.6231	0.7728	0.0	0.0873	
55.9031	50.6231	0.7728	0.0	0.0873	
55.9031	50.6231	0.7728	0.0	0.0873	
55.9031	50.6231	0.7728	0.0	0.0873	
55.9031	50.6231	0.7728	0.0	0.0873	
55.9031	50.6231	0.7728	0.0	0.0873	
55.9163	50.6381	0.7734	0.2	0.0785	
55.9429	50.668	0.7745	0.4	0.0698	
55.9831	50.7125	0.776	0.6	0.0611	
56.0372	50.7715	0.7777	0.8	0.0524	
56.1053	50.8447	0.7794	1.0	0.0436	
56.1877	50.9319	0.7811	1.2	0.0349	
56.2845	51.0331	0.7825	1.4	0.0262	
56.396	51.1478	0.7837	1.6	0.0175	
56.5224	51.276	0.7843	1.8	0.0087	
56.6639	51.4173	0.7843	2.0	0.0	
56.8043	51.5598	0.785	2.0	0.0087	
56.9433	51.7036	0.7864	2.0	0.0175	
57.0808	51.8488	0.7885	2.0	0.0262	
57.2167	51.9955	0.7913	2.0	0.0349	
57.351	52.1437	0.7948	2.0	0.0436	
57.4834	52.2936	0.7989	2.0	0.0524	
57.6139	52.4452	0.8038	2.0	0.0611	
57.7423	52.5985	0.8094	2.0	0.0698	
57.8685	52.7537	0.8157	2.0	0.0785	
57.9924	52.9107	0.8227	2.0	0.0873	
58.1016	53.0538	0.8296	1.8	0.096	
58.1967	53.1824	0.8363	1.6	0.1047	
58.2782	53.2963	0.8426	1.4	0.1134	
58.3465	53.3949	0.8484	1.2	0.1222	
58.4023	53.4779	0.8537	1.0	0.1309	
58.446	53.5449	0.8581	0.8	0.1396	
58.4781	53.5956	0.8617	0.6	0.1484	
58.499	53.6297	0.8642	0.4	0.1571	
58.5093	53.6468	0.8655	0.2	0.1658	
58.5093	53.6468	0.8655	0.0	0.1745	
58.5093	53.6468	0.8655	0.0	0.1833	
58.5093	53.6468	0.8655	0.0	0.192	
58.5093	53.6468	0.8655	0.0	0.2007	
58.5093	53.6468	0.8655	0.0	0.2094	
58.5093	53.6468	0.8655	0.0	0.2182	
58.5093	53.6468	0.8655	0.0	0.2269	
58.5093	53.6468	0.8655	0.0	0.2356	
58.5093	53.6468	0.8655	0.0	0.2443	
58.5093	53.6468	0.8655	0.0	0.2531	
58.5093	53.6468	0.8655	0.0	0.2618	
58.5178	53.665	0.8676	0.2	0.2705	
58.5342	53.7014	0.872	0.4	0.2793	
58.5582	53.7565	0.8789	0.6	0.288	
58.589	53.8303	0.8882	0.8	0.2967	
58.6258	53.9233	0.9002	1.0	0.3054	
58.6677	54.0357	0.9151	1.2	0.3142	
58.7134	54.168	0.9328	1.4	0.3229	
58.7617	54.3206	0.9537	1.6	0.3316	
58.8109	54.4937	0.9777	1.8	0.3403	
58.8592	54.6878	1.0051	2.0	0.3491	
58.8949	54.8438	1.0264	1.6	0.3403	
58.9203	54.9611	1.0421	1.2	0.3316	
58.9366	55.0394	1.0522	0.8	0.3229	
58.9447	55.0785	1.0572	0.4	0.3142	
58.9447	55.0785	1.0572	0.0	0.3054	
58.9447	55.0785	1.0572	0.0	0.2967	
58.9447	55.0785	1.0572	0.0	0.288	
58.9447	55.0785	1.0572	0.0	0.2793	
58.9447	55.0785	1.0572	0.0	0.2705	
58.9447	55.0785	1.0572	0.0	0.2618	
58.9497	55.0979	1.0592	0.2	0.2618	
58.9596	55.1367	1.0634	0.4	0.2618	
58.9742	55.1949	1.0696	0.6	0.2618	
58.9932	55.2726	1.0779	0.8	0.2618	
59.0161	55.3699	1.0882	1.0	0.2618	
59.0424	55.487	1.1006	1.2	0.2618	
59.0713	55.624	1.1151	1.4	0.2618	
59.1021	55.781	1.1317	1.6	0.2618	
59.1339	55.9582	1.1503	1.8	0.2618	
90	30	4.7124	2.0	0.2618	
90.0595	29.7778	-1.547	2.3	0.2618	
90.1328	29.5284	-1.5201	2.6	0.2618	
90.2182	29.264	-1.4913	2.7778	0.2618	
90.3112	29.0023	-1.4626	2.7778	0.2618	
90.4116	28.7433	-1.4338	2.7778	0.2618	
90.5195	28.4873	-1.405	2.7778	0.2618	
90.6347	28.2346	-1.3763	2.7778	0.2618	
90.7571	27.9852	-1.3475	2.7778	0.2618	
90.8866	27.7395	-1.3188	2.7778	0.2618	
91.0231	27.4976	-1.29	2.7778	0.2618	
91.1424	27.3035	-1.2657	2.2778	0.2705	
91.2405	27.1553	-1.2461	1.7778	0.2793	
91.314	27.0507	-1.2315	1.2778	0.288	
91.3602	26.9882	-1.2224	0.7778	0.2967	
91.3771	26.9661	-1.2191	0.2778	0.3054	
91.3771	26.9661	-1.2191	0.0	0.3142	
91.3771	26.9661	-1.2191	0.0	0.3229	
91.3771	26.9661	-1.2191	0.0	0.3316	
91.3771	26.9661	-1.2191	0.0	0.3403	
91.3771	26.9661	-1.2191	0.0	0.3491	
-1
54.9111	23.0008	3.1413	0.8889	-0.0087	
54.8722	23.0015	3.141	0.3889	-0.0175	
54.8722	23.0015	3.141	0.0	-0.0262	
54.8722	23.0015	3.141	0.0	-0.0349	
54.8722	23.0015	3.141	0.0	-0.0436	
54.8722	23.0015	3.141	0.0	-0.0524	
54.8722	23.0015	3.141	0.0	-0.0611	
54.8722	23.0015	3.141	0.0	-0.0698	
54.8722	23.0015	3.141	0.0	-0.0785	
54.8722	23.0015	3.141	0.0	-0.0873	
54.8722	23.0015	3.141	0.0	-0.096	
54.8722	23.0015	3.141	0.0	-0.1047	
54.8722	23.0015	3.141	0.0	-0.1134	
54.8722	23.0015	3.141	0.0	-0.1222	
54.8722	23.0015	3.141	0.0	-0.1309	
54.8722	23.0015	3.141	0.0	-0.1396	
54.8722	23.0015	3.141	0.0	-0.1484	
54.8722	23.0015	3.141	0.0	-0.1571	
54.8722	23.0015	3.141	0.0	-0.1658	
54.8722	23.0015	3.141	0.0	-0.1745	
54.8525	23.005	3.1396	0.2	-0.1745	
54.8132	23.012	3.1368	0.4	-0.1745	
54.7541	23.0227	3.1327	0.6	-0.1745	
54.6755	23.0373	3.1271	0.8	-0.1745	
54.5772	23.0561	3.1202	1.0	-0.1745	
54.4595	23.0794	3.1118	1.2	-0.1745	
54.3225	23.1078	3.1021	1.4	-0.1745	
54.1661	23.1418	3.091	1.6	-0.1745	
53.9906	23.182	3.0785	1.8	-0.1745	
53.7963	23.2291	3.0646	2.0	-0.1745	
53.6413	23.2689	3.0535	1.6	-0.1745	
53.5254	23.3	3.0452	1.2	-0.1745	
53.4483	23.3215	3.0396	0.8	-0.1745	
53.4099	23.3324	3.0368	0.4	-0.1745	
53.4099	23.3324	3.0368	0.0	-0.1745	
53.4099	23.3324	3.0368	0.0	-0.1745	
53.4099	23.3324	3.0368	0.0	-0.1745	
53.4099	23.3324	3.0368	0.0	-0.1745	
53.4099	23.3324	3.0368	0.0	-0.1745	
53.4099	23.3324	3.0368	0.0	-0.1745	
53.4003	23.3352	3.0361	0.1	-0.1833	
53.3811	23.3411	3.0346	0.2	-0.192	
53.3526	23.3502	3.0322	0.3	-0.2007	
53.3146	23.3627	3.0288	0.4	-0.2094	
53.2673	23.3789	3.0245	0.5	-0.2182	
53.2108	23.3992	3.0191	0.6	-0.2269	
53.1452	23.4237	3.0126	0.7	-0.2356	
53.0707	23.4529	3.0048	0.8	-0.2443	
52.9875	23.4871	2.9958	0.9	-0.2531	
52.8957	23.5267	2.9855	1.0	-0.2618	
52.7864	23.5764	2.9726	1.2	-0.2705	
52.6603	23.6371	2.9572	1.4	-0.2793	
52.5178	23.7099	2.939	1.6	-0.288	
52.3598	23.796	2.918	1.8	-0.2967	
52.1871	23.897	2.8939	2.0	-0.3054	
52.0009	24.0142	2.8667	2.2	-0.3142	
51.8025	24.1492	2.8363	2.4	-0.3229	
51.5935	24.3039	2.8024	2.6	-0.3316	
51.3774	24.4784	2.7653	2.7778	-0.3403	
51.1696	24.6627	2.7273	2.7778	-0.3491	
50.9906	24.834	2.6934	2.4778	-0.3491	
50.8384	24.9898	2.6636	2.1778	-0.3491	
50.7113	25.128	2.6379	1.8778	-0.3491	
50.6075	25.2468	2.6164	1.5778	-0.3491	
50.5255	25.3448	2.5989	1.2778	-0.3491	
50.4641	25.4209	2.5855	0.9778	-0.3491	
50.4222	25.4742	2.5762	0.6778	-0.3491	
50.3992	25.5042	2.5711	0.3778	-0.3491	
50.3944	25.5104	2.57	0.0778	-0.3491	
50.3944	25.5104	2.57	0.0	-0.3491	
50.3944	25.5104	2.57	0.0	-0.3578	
50.3944	25.5104	2.57	0.0	-0.3665	
50.3944	25.5104	2.57	0.0	-0.3752	
50.3944	25.5104	2.57	0.0	-0.384	
50.3944	25.5104	2.57	0.0	-0.3927	
50.3944	25.5104	2.57	0.0	-0.4014	
50.3944	25.5104	2.57	0.0	-0.4102	
50.3944	25.5104	2.57	0.0	-0.4189	
50.3944	25.5104	2.57	0.0	-0.4276	
50.3944	25.5104	2.57	0.0	-0.4363	
50.3728	25.544	2.5634	0.4	-0.4276	
50.3294	25.6112	2.5503	0.8	-0.4189	
50.2647	25.7123	2.5312	1.2	-0.4102	
50.1798	25.8479	2.5062	1.6	-0.4014	
50.0766	26.0192	2.4756	2.0	-0.3927	
49.9571	26.2273	2.4396	2.4	-0.384	
49.8255	26.472	2.3989	2.7778	-0.3752	
49.7018	26.7207	2.3591	2.7778	-0.3665	
49.5859	26.9731	2.3202	2.7778	-0.3578	
49.4776	27.2289	2.2822	2.7778	-0.3491	
49.3792	27.4887	2.2442	2.7778	-0.3491	
49.2907	27.752	2.2062	2.7778	-0.3491	
49.2122	28.0184	2.1682	2.7778	-0.3491	
49.144	28.2877	2.1302	2.7778	-0.3491	
49.086	28.5594	2.0922	2.7778	-0.3491	
49.0384	28.833	2.0542	2.7778	-0.3491	
49.0012	29.1083	2.0161	2.7778	-0.3491	
48.9745	29.3848	1.9781	2.7778	-0.3491	
48.9583	29.6621	1.9401	2.7778	-0.3491	
48.9527	29.9398	1.9021	2.7778	-0.3491	
48.96	30.2175	1.8632	2.7778	-0.3578	
48.9806	30.4945	1.8234	2.7778	-0.3665	
49.0145	30.7702	1.7827	2.7778	-0.3752	
49.0621	31.0439	1.7411	2.7778	-0.384	
49.1234	31.3148	1.6985	2.7778	-0.3927	
49.1985	31.5823	1.6551	2.7778	-0.4014	
49.2874	31.8454	1.6108	2.7778	-0.4102	
49.3901	32.1035	1.5656	2.7778	-0.4189	
49.5066	32.3557	1.5196	2.7778	-0.4276	
49.6367	32.6011	1.4726	2.7778	-0.4363	
49.7762	32.8413	1.4265	2.7778	-0.4276	
49.9245	33.0762	1.3813	2.7778	-0.4189	
50.0812	33.3055	1.337	2.7778	-0.4102	
50.246	33.5291	1.2936	2.7778	-0.4014	
50.4185	33.7469	1.2511	2.7778	-0.3927	
50.5982	33.9587	1.2095	2.7778	-0.384	
50.7848	34.1644	1.1687	2.7778	-0.3752	
50.9779	34.3641	1.1289	2.7778	-0.3665	
51.1771	34.5577	1.09	2.7778	-0.3578	
51.3821	34.7452	1.052	2.7778	-0.3491	
51.5956	34.923	1.0131	2.7778	-0.3578	
51.8173	35.0903	0.9733	2.7778	-0.3665	
52.0468	35.2467	0.9326	2.7778	-0.3752	
52.2839	35.3916	0.8909	2.7778	-0.384	
52.5279	35.5243	0.8484	2.7778	-0.3927	
52.7783	35.6444	0.805	2.7778	-0.4014	
53.0348	35.7512	0.7607	2.7778	-0.4102	
53.2965	35.8443	0.7155	2.7778	-0.4189	
53.5628	35.9232	0.6694	2.7778	-0.4276	
53.8331	35.9874	0.6225	2.7778	-0.4363	
54.0864	36.0351	0.5789	2.5778	-0.4363	
54.3218	36.0688	0.5387	2.3778	-0.4363	
54.5384	36.0911	0.5019	2.1778	-0.4363	
54.7358	36.1041	0.4684	1.9778	-0.4363	
54.9134	36.1098	0.4384	1.7778	-0.4363	
55.0712	36.1101	0.4117	1.5778	-0.4363	
55.209	36.1067	0.3884	1.3778	-0.4363	
55.3266	36.1011	0.3685	1.1778	-0.4363	
55.4241	36.0944	0.352	0.9778	-0.4363	
55.5016	36.0879	0.3388	0.7778	-0.4363	
55.609	36.0783	0.321	1.0778	-0.4276	
55.7461	36.0649	0.2985	1.3778	-0.4189	
55.9129	36.0462	0.2718	1.6778	-0.4102	
56.109	36.0206	0.2409	1.9778	-0.4014	
56.3341	35.9861	0.206	2.2778	-0.3927	
56.5878	35.9405	0.1674	2.5778	-0.384	
56.8596	35.8832	0.1267	2.7778	-0.3752	
57.1295	35.8172	0.0868	2.7778	-0.3665	
57.3971	35.7429	0.0479	2.7778	-0.3578	
57.6624	35.6605	0.0099	2.7778	-0.3491	
57.8765	35.5828	-0.022	2.2778	-0.3578	
58.041	35.5155	-0.0475	1.7778	-0.3665	
58.1576	35.4631	-0.0662	1.2778	-0.3752	
58.2276	35.4292	-0.0779	0.7778	-0.384	
58.2524	35.4166	-0.0821	0.2778	-0.3927	
58.2524	35.4166	-0.0821	0.0	-0.4014	
58.2524	35.4166	-0.0821	0.0	-0.4102	
58.2524	35.4166	-0.0821	0.0	-0.4189	
58.2524	35.4166	-0.0821	0.0	-0.4276	
58.2524	35.4166	-0.0821	0.0	-0.4363	
58.2524	35.4166	-0.0821	0.0	-0.4276	
58.2524	35.4166	-0.0821	0.0	-0.4189	
58.2524	35.4166	-0.0821	0.0	-0.4102	
58.2524	35.4166	-0.0821	0.0	-0.4014	
58.2524	35.4166	-0.0821	0.0	-0.3927	
58.2524	35.4166	-0.0821	0.0	-0.384	
58.2524	35.4166	-0.0821	0.0	-0.3752	
58.2524	35.4166	-0.0821	0.0	-0.3665	
58.2524	35.4166	-0.0821	0.0	-0.3578	
58.2524	35.4166	-0.0821	0.0	-0.3491	
58.2524	35.4166	-0.0821	0.0	-0.3578	
58.2524	35.4166	-0.0821	0.0	-0.3665	
58.2524	35.4166	-0.0821	0.0	-0.3752	
58.2524	35.4166	-0.0821	0.0	-0.384	
58.2524	35.4166	-0.0821	0.0	-0.3927	
58.2524	35.4166	-0.0821	0.0	-0.4014	
58.2524	35.4166	-0.0821	0.0	-0.4102	
58.2524	35.4166	-0.0821	0.0	-0.4189	
58.2524	35.4166	-0.0821	0.0	-0.4276	
58.2524	35.4166	-0.0821	0.0	-0.4363	
58.2611	35.4117	-0.0838	0.1	-0.4276	
58.2786	35.4021	-0.087	0.2	-0.4189	
58.305	35.3878	-0.0918	0.3	-0.4102	
58.3402	35.3689	-0.0981	0.4	-0.4014	
58.3843	35.3453	-0.1057	0.5	-0.3927	
58.4373	35.3171	-0.1147	0.6	-0.384	
58.499	35.2841	-0.125	0.7	-0.3752	
58.5696	35.2464	-0.1364	0.8	-0.3665	
58.6488	35.2037	-0.149	0.9	-0.3578	
58.7366	35.1559	-0.1627	1.0	-0.3491	
58.8408	35.0962	-0.1795	1.2	-0.3578	
58.9604	35.0235	-0.1996	1.4	-0.3665	
59.0947	34.9365	-0.223	1.6	-0.3752	
59.2425	34.8339	-0.25	1.8	-0.384	
59.4026	34.714	-0.2806	2.0	-0.3927	
59.5734	34.5753	-0.315	2.2	-0.4014	
59.753	34.4161	-0.3533	2.4	-0.4102	
59.9393	34.2347	-0.3956	2.6	-0.4189	
60.1281	34.031	-0.4417	2.7778	-0.4276	
60.3055	33.8173	-0.4886	2.7778	-0.4363	
60.4529	33.6181	-0.5313	2.4778	-0.4451	
60.5733	33.4366	-0.5695	2.1778	-0.4538	
60.6697	33.2754	-0.603	1.8778	-0.4625	
60.7448	33.1367	-0.6317	1.5778	-0.4712	
60.8015	33.0222	-0.6553	1.2778	-0.48	
60.8419	32.9332	-0.6736	0.9778	-0.4887	
60.8683	32.8707	-0.6866	0.6778	-0.4974	
60.8823	32.8356	-0.6939	0.3778	-0.5061	
60.885	32.8284	-0.6954	0.0778	-0.5149	
60.885	32.8284	-0.6954	0.0	-0.5236	
60.8918	32.8095	-0.6995	0.2	-0.5323	
60.9047	32.7717	-0.7077	0.4	-0.5411	
60.9232	32.7146	-0.7203	0.6	-0.5498	
60.9462	32.638	-0.7372	0.8	-0.5585	
60.9726	32.5415	-0.7587	1.0	-0.5672	
61.0006	32.4249	-0.7848	1.2	-0.576	
61.0286	32.2877	-0.8158	1.4	-0.5847	
61.0544	32.1298	-0.8515	1.6	-0.5934	
61.0754	31.951	-0.8923	1.8	-0.6021	
61.0889	31.7515	-0.9382	2.0	-0.6109	
61.0944	31.5015	-0.9956	2.5	-0.6109	
61.0845	31.2239	-1.0593	2.7778	-0.6109	
61.0569	30.9475	-1.123	2.7778	-0.6109	
61.0118	30.6734	-1.1868	2.7778	-0.6109	
60.9493	30.4028	-1.2505	2.7778	-0.6109	
60.8697	30.1366	-1.3142	2.7778	-0.6109	
60.7734	29.8761	-1.378	2.7778	-0.6109	
60.6606	29.6222	-1.4417	2.7778	-0.6109	
60.5319	29.3761	-1.5054	2.7778	-0.6109	
60.3878	29.1386	-1.5691	2.7778	-0.6109	
60.2288	28.9108	-1.6329	2.7778	-0.6109	
60.0557	28.6936	-1.6966	2.7778	-0.6109	
59.8691	28.4878	-1.7603	2.7778	-0.6109	
59.6697	28.2944	-1.8241	2.7778	-0.6109	
59.4585	28.114	-1.8878	2.7778	-0.6109	
59.2362	27.9475	-1.9515	2.7778	-0.6109	
59.0037	27.7954	-2.0153	2.7778	-0.6109	
58.762	27.6585	-2.079	2.7778	-0.6109	
58.5121	27.5372	-2.1427	2.7778	-0.6109	
58.255	27.4322	-2.2065	2.7778	-0.6109	
57.9909	27.3459	-2.271	2.7778	-0.6196	
57.7212	27.2793	-2.3363	2.7778	-0.6283	
57.4474	27.2328	-2.4024	2.7778	-0.637	
57.1708	27.2069	-2.4692	2.7778	-0.6458	
56.8931	27.2019	-2.5369	2.7778	-0.6545	
56.6158	27.2181	-2.6053	2.7778	-0.6632	
56.3406	27.2557	-2.6745	2.7778	-0.672	
56.0691	27.3146	-2.7444	2.7778	-0.6807	
55.8031	27.3946	-2.8151	2.7778	-0.6894	
55.5443	27.4955	-2.8865	2.7778	-0.6981	
55.3393	27.5949	-2.9457	2.2778	-0.7069	
55.185	27.6832	-2.9923	1.7778	-0.7156	
55.0778	27.7527	-3.0262	1.2778	-0.7243	
55.0144	27.7977	-3.047	0.7778	-0.733	
54.9922	27.8144	-3.0545	0.2778	-0.7418	
54.9922	27.8144	-3.0545	0.0	-0.7505	
54.9922	27.8144	-3.0545	0.0	-0.7592	
54.9922	27.8144	-3.0545	0.0	-0.7679	
54.9922	27.8144	-3.0545	0.0	-0.7767	
54.9922	27.8144	-3.0545	0.0	-0.7854	
54.9922	27.8144	-3.0545	0.0	-0.7854	
54.9922	27.8144	-3.0545	0.0	-0.7854	
54.9922	27.8144	-3.0545	0.0	-0.7854	
54.9922	27.8144	-3.0545	0.0	-0.7854	
54.9922	27.8144	-3.0545	0.0	-0.7854	
54.9922	27.8144	-3.0545	0.0	-0.7854	
54.9922	27.8144	-3.0545	0.0	-0.7854	
54.9922	27.8144	-3.0545	0.0	-0.7854	
54.9922	27.8144	-3.0545	0.0	-0.7854	
54.9922	27.8144	-3.0545	0.0	-0.7854	
54.9922	27.8144	-3.0545	0.0	-0.7767	
54.9922	27.8144	-3.0545	0.0	-0.7679	
54.9922	27.8144	-3.0545	0.0	-0.7592	
54.9922	27.8144	-3.0545	0.0	-0.7505	
54.9922	27.8144	-3.0545	0.0	-0.7418	
54.9922	27.8144	-3.0545	0.0	-0.733	
54.9922	27.8144	-3.0545	0.0	-0.7243	
54.9922	27.8144	-3.0545	0.0	-0.7156	
54.9922	27.8144	-3.0545	0.0	-0.7069	
54.9922	27.8144	-3.0545	0.0	-0.6981	
54.9922	27.8144	-3.0545	0.0	-0.6894	
54.9922	27.8144	-3.0545	0.0	-0.6807	
54.9922	27.8144	-3.0545	0.0	-0.672	
54.9922	27.8144	-3.0545	0.0	-0.6632	
54.9922	27.8144	-3.0545	0.0	-0.6545	
54.9922	27.8144	-3.0545	0.0	-0.6458	
54.9922	27.8144	-3.0545	0.0	-0.637	
54.9922	27.8144	-3.0545	0.0	-0.6283	
54.9922	27.8144	-3.0545	0.0	-0.6196	
54.9922	27.8144	-3.0545	0.0	-0.6109	
54.9922	27.8144	-3.0545	0.0	-0.6021	
54.9922	27.8144	-3.0545	0.0	-0.5934	
54.9922	27.8144	-3.0545	0.0	-0.5847	
54.9922	27.8144	-3.0545	0.0	-0.576	
54.9922	27.8144	-3.0545	0.0	-0.5672	
54.9922	27.8144	-3.0545	0.0	-0.5585	
54.9922	27.8144	-3.0545	0.0	-0.5498	
54.9922	27.8144	-3.0545	0.0	-0.5411	
54.9922	27.8144	-3.0545	0.0	-0.5323	
54.9922	27.8144	-3.0545	0.0	-0.5236	
54.9922	27.8144	-3.0545	0.0	-0.5236	
54.9922	27.8144	-3.0545	0.0	-0.5236	
54.9922	27.8144	-3.0545	0.0	-0.5236	
54.9922	27.8144	-3.0545	0.0	-0.5236	
54.9922	27.8144	-3.0545	0.0	-0.5236	
54.9922	27.8144	-3.0545	0.0	-0.5236	
54.9922	27.8144	-3.0545	0.0	-0.5236	
54.9922	27.8144	-3.0545	0.0	-0.5236	
54.9922	27.8144	-3.0545	0.0	-0.5236	
54.9922	27.8144	-3.0545	0.0	-0.5236	
54.9922	27.8144	-3.0545	0.0	-0.5149	
54.9922	27.8144	-3.0545	0.0	-0.5061	
54.9922	27.8144	-3.0545	0.0	-0.4974	
54.9922	27.8144	-3.0545	0.0	-0.4887	
54.9922	27.8144	-3.0545	0.0	-0.48	
54.9922	27.8144	-3.0545	0.0	-0.4712	
54.9922	27.8144	-3.0545	0.0	-0.4625	
54.9922	27.8144	-3.0545	0.0	-0.4538	
54.9922	27.8144	-3.0545	0.0	-0.4451	
54.9922	27.8144	-3.0545	0.0	-0.4363	
54.9922	27.8144	-3.0545	0.0	-0.4451	
54.9922	27.8144	-3.0545	0.0	-0.4538	
54.9922	27.8144	-3.0545	0.0	-0.4625	
54.9922	27.8144	-3.0545	0.0	-0.4712	
54.9922	27.8144	-3.0545	0.0	-0.48	
54.9922	27.8144	-3.0545	0.0	-0.4887	
54.9922	27.8144	-3.0545	0.0	-0.4974	
54.9922	27.8144	-3.0545	0.0	-0.5061	
54.9922	27.8144	-3.0545	0.0	-0.5149	
54.9922	27.8144	-3.0545	0.0	-0.5236	
54.9831	27.8186	-3.0565	0.1	-0.5149	
54.9649	27.8268	-3.0603	0.2	-0.5061	
54.9374	27.8389	-3.0661	0.3	-0.4974	
54.9008	27.855	-3.0736	0.4	-0.4887	
54.855	27.875	-3.0828	0.5	-0.48	
54.8	27.899	-3.0937	0.6	-0.4712	
54.7359	27.9272	-3.1062	0.7	-0.4625	
54.6628	27.9597	-3.1202	0.8	-0.4538	
54.5808	27.9967	-3.1357	0.9	-0.4451	
54.4899	28.0385	3.1305	1.0	-0.4363	
54.4447	28.0597	3.1223	0.5	-0.4276	
54.4447	28.0597	3.1223	0.0	-0.4189	
54.4447	28.0597	3.1223	0.0	-0.4102	
54.4447	28.0597	3.1223	0.0	-0.4014	
54.4447	28.0597	3.1223	0.0	-0.3927	
54.4447	28.0597	3.1223	0.0	-0.384	
54.4447	28.0597	3.1223	0.0	-0.3752	
54.4447	28.0597	3.1223	0.0	-0.3665	
54.4447	28.0597	3.1223	0.0	-0.3578	
54.4447	28.0597	3.1223	0.0	-0.3491	
54.4167	28.0705	3.1182	0.3	-0.3491	
54.3608	28.0923	3.1099	0.6	-0.3491	
54.2772	28.1258	3.0976	0.9	-0.3491	
54.1664	28.1717	3.0812	1.2	-0.3491	
54.0288	28.2315	3.0607	1.5	-0.3491	
53.8652	28.3065	3.0361	1.8	-0.3491	
53.6765	28.3987	3.0073	2.1	-0.3491	
53.464	28.5102	2.9745	2.4	-0.3491	
53.2292	28.6435	2.9376	2.7	-0.3491	
52.9928	28.7894	2.8996	2.7778	-0.3491	
52.7635	28.9462	2.8607	2.7778	-0.3578	
52.5419	29.1138	2.8208	2.7778	-0.3665	
52.3288	29.2919	2.7801	2.7778	-0.3752	
52.1247	29.4803	2.7385	2.7778	-0.384	
51.9303	29.6787	2.696	2.7778	-0.3927	
51.7464	29.8869	2.6526	2.7778	-0.4014	
51.5735	30.1043	2.6082	2.7778	-0.4102	
51.4124	30.3306	2.5631	2.7778	-0.4189	
51.2638	30.5653	2.517	2.7778	-0.4276	
51.1282	30.8077	2.47	2.7778	-0.4363	
51.002	31.0552	2.4239	2.7778	-0.4276	
50.8852	31.3072	2.3787	2.7778	-0.4189	
50.7776	31.5633	2.3344	2.7778	-0.4102	
50.6791	31.823	2.291	2.7778	-0.4014	
50.5898	32.0861	2.2485	2.7778	-0.3927	
50.5093	32.3519	2.2069	2.7778	-0.384	
50.4377	32.6203	2.1662	2.7778	-0.3752	
50.3747	32.8908	2.1263	2.7778	-0.3665	
50.3201	33.1632	2.0874	2.7778	-0.3578	
50.2738	33.4371	2.0494	2.7778	-0.3491	
50.2382	33.6924	2.015	2.5778	-0.3403	
50.2115	33.9287	1.984	2.3778	-0.3316	
50.1919	34.1456	1.9564	2.1778	-0.3229	
50.1777	34.3428	1.932	1.9778	-0.3142	
50.1678	34.5204	1.9106	1.7778	-0.3054	
50.1611	34.678	1.8921	1.5778	-0.2967	
50.1565	34.8157	1.8765	1.3778	-0.288	
50.1533	34.9334	1.8635	1.1778	-0.2793	
50.1512	35.0312	1.853	0.9778	-0.2705	
50.1496	35.1089	1.845	0.7778	-0.2618	
50.1488	35.1467	1.8412	0.3778	-0.2531	
50.1488	35.1467	1.8412	0.0	-0.2443	
50.1488	35.1467	1.8412	0.0	-0.2356	
50.1488	35.1467	1.8412	0.0	-0.2269	
50.1488	35.1467	1.8412	0.0	-0.2182	
50.1488	35.1467	1.8412	0.0	-0.2094	
50.1488	35.1467	1.8412	0.0	-0.2007	
50.1488	35.1467	1.8412	0.0	-0.192	
50.1488	35.1467	1.8412	0.0	-0.1833	
50.1488	35.1467	1.8412	0.0	-0.1745	
-1
65	9	0.0	1.2333	-0.0087	
65.1633	8.9971	-0.0011	1.6333	-0.0175	
65.3666	8.9916	-0.0033	2.0333	-0.0262	
65.6097	8.9823	-0.0067	2.4333	-0.0349	
65.8871	8.9683	-0.0115	2.7778	-0.0436	
66.1644	8.9506	-0.0173	2.7778	-0.0524	
66.4413	8.9289	-0.0241	2.7778	-0.0611	
66.7178	8.9028	-0.0319	2.7778	-0.0698	
66.9939	8.8722	-0.0406	2.7778	-0.0785	
67.2694	8.8368	-0.0503	2.7778	-0.0873	
67.5449	8.8011	-0.059	2.7778	-0.0785	
67.8204	8.7654	-0.0667	2.7778	-0.0698	
68.0959	8.73	-0.0735	2.7778	-0.0611	
68.3715	8.6951	-0.0793	2.7778	-0.0524	
68.6472	8.6611	-0.0842	2.7778	-0.0436	
68.923	8.6281	-0.0881	2.7778	-0.0349	
69.1989	8.5964	-0.091	2.7778	-0.0262	
69.4751	8.5664	-0.0929	2.7778	-0.0175	
69.7514	8.5382	-0.0939	2.7778	-0.0087	
70.028	8.5121	-0.0939	2.7778	0.0	
70.3045	8.4861	-0.0939	2.7778	0.0	
70.5811	8.4601	-0.0939	2.7778	0.0	
70.8576	8.434	-0.0939	2.7778	0.0	
71.1342	8.408	-0.0939	2.7778	0.0	
71.4108	8.3819	-0.0939	2.7778	0.0	
71.6873	8.3559	-0.0939	2.7778	0.0	
71.9639	8.3299	-0.0939	2.7778	0.0	
72.2404	8.3038	-0.0939	2.7778	0.0	
72.517	8.2778	-0.0939	2.7778	0.0	
72.7935	8.2518	-0.0939	2.7778	0.0	
73.0703	8.2281	-0.0929	2.7778	0.0087	
73.3473	8.2072	-0.091	2.7778	0.0175	
73.6245	8.1892	-0.0881	2.7778	0.0262	
73.9019	8.1745	-0.0842	2.7778	0.0349	
74.1794	8.1632	-0.0793	2.7778	0.0436	
74.4571	8.1557	-0.0735	2.7778	0.0524	
74.7349	8.1523	-0.0667	2.7778	0.0611	
75.0126	8.1531	-0.059	2.7778	0.0698	
75.2904	8.1585	-0.0503	2.7778	0.0785	
75.5679	8.1688	-0.0406	2.7778	0.0873	
75.7955	8.1795	-0.0326	2.2778	0.0873	
75.973	8.1892	-0.0264	1.7778	0.0873	
76.1005	8.1969	-0.022	1.2778	0.0873	
76.1781	8.202	-0.0193	0.7778	0.0873	
76.2059	8.2039	-0.0183	0.2778	0.0873	
76.2059	8.2039	-0.0183	0.0	0.0873	
76.2059	8.2039	-0.0183	0.0	0.0873	
76.2059	8.2039	-0.0183	0.0	0.0873	
76.2059	8.2039	-0.0183	0.0	0.0873	
76.2059	8.2039	-0.0183	0.0	0.0873	
76.2358	8.206	-0.0173	0.3	0.0873	
76.2956	8.2102	-0.0152	0.6	0.0873	
76.3854	8.2166	-0.012	0.9	0.0873	
76.5051	8.2257	-0.0078	1.2	0.0873	
76.6546	8.2376	-0.0026	1.5	0.0873	
76.8339	8.2528	0.0037	1.8	0.0873	
77.0431	8.2718	0.011	2.1	0.0873	
77.2819	8.2954	0.0193	2.4	0.0873	
77.5504	8.3241	0.0288	2.7	0.0873	
77.8263	8.3563	0.0384	2.7778	0.0873	
78.0823	8.3864	0.0465	2.5778	0.0785	
78.3185	8.414	0.0532	2.3778	0.0698	
78.5348	8.4388	0.0585	2.1778	0.0611	
78.7314	8.4607	0.0626	1.9778	0.0524	
78.9082	8.4795	0.0657	1.7778	0.0436	
79.0652	8.4954	0.0679	1.5778	0.0349	
79.2023	8.5083	0.0694	1.3778	0.0262	
79.3197	8.5185	0.0702	1.1778	0.0175	
79.4171	8.5262	0.0705	0.9778	0.0087	
79.4947	8.5317	0.0705	0.7778	0.0	
79.5224	8.5337	0.0705	0.2778	0.0	
79.5224	8.5337	0.0705	0.0	0.0	
79.5224	8.5337	0.0705	0.0	0.0	
79.5224	8.5337	0.0705	0.0	0.0	
79.5224	8.5337	0.0705	0.0	0.0	
79.5224	8.5337	0.0705	0.0	0.0	
79.5224	8.5337	0.0705	0.0	0.0	
79.5224	8.5337	0.0705	0.0	0.0	
79.5224	8.5337	0.0705	0.0	0.0	
79.5224	8.5337	0.0705	0.0	0.0	
79.5624	8.5361	0.0704	0.4	-0.0087	
79.6422	8.5404	0.0698	0.8	-0.0175	
79.7621	8.5456	0.0686	1.2	-0.0262	
79.922	8.551	0.0663	1.6	-0.0349	
80.122	8.5555	0.0629	2.0	-0.0436	
80.362	8.5581	0.0578	2.4	-0.0524	
80.6397	8.5572	0.0511	2.7778	-0.0611	
80.9175	8.552	0.0433	2.7778	-0.0698	
81.1951	8.5422	0.0346	2.7778	-0.0785	
81.4725	8.5275	0.0249	2.7778	-0.0873	
81.6997	8.5114	0.0162	2.2778	-0.096	
81.8768	8.4956	0.0087	1.7778	-0.1047	
82.0038	8.4823	0.0029	1.2778	-0.1134	
82.0811	8.473	-0.0008	0.7778	-0.1222	
82.1086	8.4694	-0.0023	0.2778	-0.1309	
82.1086	8.4694	-0.0023	0.0	-0.1396	
82.1086	8.4694	-0.0023	0.0	-0.1484	
82.1086	8.4694	-0.0023	0.0	-0.1571	
82.1086	8.4694	-0.0023	0.0	-0.1658	
82.1086	8.4694	-0.0023	0.0	-0.1745	
82.1086	8.4694	-0.0023	0.0	-0.1745	
82.1086	8.4694	-0.0023	0.0	-0.1745	
82.1086	8.4694	-0.0023	0.0	-0.1745	
82.1086	8.4694	-0.0023	0.0	-0.1745	
82.1086	8.4694	-0.0023	0.0	-0.1745	
82.1086	8.4694	-0.0023	0.0	-0.1745	
82.1086	8.4694	-0.0023	0.0	-0.1745	
82.1086	8.4694	-0.0023	0.0	-0.1745	
82.1086	8.4694	-0.0023	0.0	-0.1745	
82.1086	8.4694	-0.0023	0.0	-0.1745	
82.1086	8.4694	-0.0023	0.0	-0.1745	
82.1086	8.4694	-0.0023	0.0	-0.1745	
82.1086	8.4694	-0.0023	0.0	-0.1745	
82.1086	8.4694	-0.0023	0.0	-0.1745	
82.1086	8.4694	-0.0023	0.0	-0.1745	
82.1086	8.4694	-0.0023	0.0	-0.1745	
82.1086	8.4694	-0.0023	0.0	-0.1745	
82.1086	8.4694	-0.0023	0.0	-0.1745	
82.1086	8.4694	-0.0023	0.0	-0.1745	
82.1086	8.4694	-0.0023	0.0	-0.1745	
82.1086	8.4694	-0.0023	0.0	-0.1833	
82.1086	8.4694	-0.0023	0.0	-0.192	
82.1086	8.4694	-0.0023	0.0	-0.2007	
82.1086	8.4694	-0.0023	0.0	-0.2094	
82.1086	8.4694	-0.0023	0.0	-0.2182	
82.1086	8.4694	-0.0023	0.0	-0.2269	
82.1086	8.4694	-0.0023	0.0	-0.2356	
82.1086	8.4694	-0.0023	0.0	-0.2443	
82.1086	8.4694	-0.0023	0.0	-0.2531	
82.1086	8.4694	-0.0023	0.0	-0.2618	
82.1086	8.4694	-0.0023	0.0	-0.2531	
82.1086	8.4694	-0.0023	0.0	-0.2443	
82.1086	8.4694	-0.0023	0.0	-0.2356	
82.1086	8.4694	-0.0023	0.0	-0.2269	
82.1086	8.4694	-0.0023	0.0	-0.2182	
82.1086	8.4694	-0.0023	0.0	-0.2094	
82.1086	8.4694	-0.0023	0.0	-0.2007	
82.1086	8.4694	-0.0023	0.0	-0.192	
82.1086	8.4694	-0.0023	0.0	-0.1833	
82.1086	8.4694	-0.0023	0.0	-0.1745	
82.1086	8.4694	-0.0023	0.0	-0.1658	
82.1086	8.4694	-0.0023	0.0	-0.1571	
82.1086	8.4694	-0.0023	0.0	-0.1484	
82.1086	8.4694	-0.0023	0.0	-0.1396	
82.1086	8.4694	-0.0023	0.0	-0.1309	
82.1086	8.4694	-0.0023	0.0	-0.1222	
82.1086	8.4694	-0.0023	0.0	-0.1134	
82.1086	8.4694	-0.0023	0.0	-0.1047	
82.1086	8.4694	-0.0023	0.0	-0.096	
82.1086	8.4694	-0.0023	0.0	-0.0873	
82.1484	8.4655	-0.0038	0.4	-0.096	
82.2279	8.4568	-0.0072	0.8	-0.1047	
82.3471	8.4423	-0.0126	1.2	-0.1134	
82.5056	8.4208	-0.0204	1.6	-0.1222	
82.7033	8.3907	-0.0308	2.0	-0.1309	
82.9398	8.35	-0.0442	2.4	-0.1396	
83.2125	8.2968	-0.0606	2.7778	-0.1484	
83.4837	8.2368	-0.078	2.7778	-0.1571	
83.7533	8.1698	-0.0964	2.7778	-0.1658	
84.0209	8.0954	-0.1156	2.7778	-0.1745	
84.2878	8.0183	-0.134	2.7778	-0.1658	
84.5539	7.9386	-0.1514	2.7778	-0.1571	
84.8193	7.8566	-0.1678	2.7778	-0.1484	
85.084	7.7725	-0.1833	2.7778	-0.1396	
85.3482	7.6867	-0.1978	2.7778	-0.1309	
85.6119	7.5993	-0.2113	2.7778	-0.1222	
85.8751	7.5107	-0.2239	2.7778	-0.1134	
86.1381	7.421	-0.2355	2.7778	-0.1047	
86.4007	7.3306	-0.2461	2.7778	-0.096	
86.6632	7.2397	-0.2558	2.7778	-0.0873	
86.9059	7.153	-0.2648	2.5778	-0.0873	
87.1291	7.071	-0.2731	2.3778	-0.0873	
87.3329	6.9942	-0.2807	2.1778	-0.0873	
87.5175	6.9231	-0.2876	1.9778	-0.0873	
87.6829	6.858	-0.2938	1.7778	-0.0873	
87.8294	6.7993	-0.2993	1.5778	-0.0873	
87.957	6.7474	-0.3041	1.3778	-0.0873	
88.0658	6.7024	-0.3082	1.1778	-0.0873	
88.1561	6.6648	-0.3116	0.9778	-0.0873	
88.2277	6.6346	-0.3143	0.7778	-0.0873	
88.2532	6.6235	-0.3154	0.2778	-0.096	
88.2532	6.6235	-0.3154	0.0	-0.1047	
88.2532	6.6235	-0.3154	0.0	-0.1134	
88.2532	6.6235	-0.3154	0.0	-0.1222	
88.2532	6.6235	-0.3154	0.0	-0.1309	
88.2532	6.6235	-0.3154	0.0	-0.1396	
88.2532	6.6235	-0.3154	0.0	-0.1484	
88.2532	6.6235	-0.3154	0.0	-0.1571	
88.2532	6.6235	-0.3154	0.0	-0.1658	
88.2532	6.6235	-0.3154	0.0	-0.1745	
88.2709	6.6141	-0.3168	0.2	-0.1745	
88.3061	6.5952	-0.3195	0.4	-0.1745	
88.359	6.5667	-0.3237	0.6	-0.1745	
88.4292	6.5285	-0.3293	0.8	-0.1745	
88.5168	6.4802	-0.3362	1.0	-0.1745	
88.6215	6.4216	-0.3446	1.2	-0.1745	
88.743	6.3521	-0.3543	1.4	-0.1745	
88.8812	6.2714	-0.3654	1.6	-0.1745	
89.0356	6.1789	-0.3779	1.8	-0.1745	
89.2058	6.0739	-0.3918	2.0	-0.1745	
89.3324	5.9934	-0.4022	1.5	-0.1745	
89.4162	5.9389	-0.4092	1.0	-0.1745	
89.458	5.9114	-0.4126	0.5	-0.1745	
89.458	5.9114	-0.4126	0.0	-0.1745	
89.458	5.9114	-0.4126	0.0	-0.1745	
89.458	5.9114	-0.4126	0.0	-0.1745	
89.458	5.9114	-0.4126	0.0	-0.1745	
89.458	5.9114	-0.4126	0.0	-0.1745	
89.458	5.9114	-0.4126	0.0	-0.1745	
89.458	5.9114	-0.4126	0.0	-0.1745	
89.458	5.9114	-0.4126	0.0	-0.1745	
89.458	5.9114	-0.4126	0.0	-0.1745	
89.458	5.9114	-0.4126	0.0	-0.1745	
89.458	5.9114	-0.4126	0.0	-0.1745	
89.458	5.9114	-0.4126	0.0	-0.1745	
89.458	5.9114	-0.4126	0.0	-0.1745	
89.458	5.9114	-0.4126	0.0	-0.1745	
89.458	5.9114	-0.4126	0.0	-0.1745	
89.458	5.9114	-0.4126	0.0	-0.1745	
89.458	5.9114	-0.4126	0.0	-0.1745	
89.4998	5.884	-0.4159	0.5	-0.1658	
89.5839	5.8298	-0.4222	1.0	-0.1571	
89.7101	5.7488	-0.4311	1.5	-0.1484	
89.8784	5.6407	-0.4422	2.0	-0.1396	
90.0885	5.5052	-0.4552	2.5	-0.1309	
90.3212	5.3536	-0.4688	2.7778	-0.1222	
90.5532	5.2008	-0.4814	2.7778	-0.1134	
90.7846	5.0472	-0.493	2.7778	-0.1047	
91.0156	4.8929	-0.5036	2.7778	-0.096	
91.2463	4.7381	-0.5133	2.7778	-0.0873	
91.4755	4.5812	-0.523	2.7778	-0.0873	
91.7031	4.422	-0.5327	2.7778	-0.0873	
91.9292	4.2606	-0.5424	2.7778	-0.0873	
92.1537	4.097	-0.552	2.7778	-0.0873	
75	10	4.7124	2.7778	-0.0873	
74.9758	9.7233	-1.5805	2.7778	-0.0873	
74.9489	9.4468	-1.5902	2.7778	-0.0873	
74.9193	9.1706	-1.5998	2.7778	-0.0873	
74.8871	8.8947	-1.6095	2.7778	-0.0873	
74.8522	8.6191	-1.6192	2.7778	-0.0873	
74.8151	8.364	-1.6291	2.5778	-0.096	
74.7765	8.1294	-1.639	2.3778	-0.1047	
74.7372	7.9152	-1.6489	2.1778	-0.1134	
74.6978	7.7214	-1.6585	1.9778	-0.1222	
74.6592	7.5478	-1.6678	1.7778	-0.1309	
74.6223	7.3945	-1.6766	1.5778	-0.1396	
74.5876	7.2611	-1.6848	1.3778	-0.1484	
74.5561	7.1476	-1.6921	1.1778	-0.1571	
74.5284	7.0539	-1.6986	0.9778	-0.1658	
74.5052	6.9796	-1.704	0.7778	-0.1745	
74.4794	6.8957	-1.7098	0.8778	-0.1658	
74.4508	6.8022	-1.7159	0.9778	-0.1571	
74.4197	6.699	-1.7223	1.0778	-0.1484	
74.3859	6.5862	-1.7288	1.1778	-0.1396	
74.3495	6.4637	-1.7355	1.2778	-0.1309	
74.3105	6.3316	-1.7422	1.3778	-0.1222	
74.2689	6.1898	-1.7489	1.4778	-0.1134	
74.2249	6.0383	-1.7555	1.5778	-0.1047	
74.1784	5.877	-1.7619	1.6778	-0.096	
74.1296	5.7061	-1.7681	1.7778	-0.0873	
74.0684	5.4971	-1.7757	2.1778	-0.0873	
73.9942	5.2502	-1.7847	2.5778	-0.0873	
73.9118	4.985	-1.7944	2.7778	-0.0873	
73.8268	4.7205	-1.8041	2.7778	-0.0873	
73.7393	4.4569	-1.8138	2.7778	-0.0873	
73.6492	4.1941	-1.8234	2.7778	-0.0873	
5	42	0.0	2.7778	-0.0873	
5.2767	41.9758	-0.0097	2.7778	-0.0873	
5.5532	41.9489	-0.0194	2.7778	-0.0873	
5.8294	41.9193	-0.0291	2.7778	-0.0873	
6.0556	41.8929	-0.037	2.2778	-0.0873	
6.232	41.8709	-0.0432	1.7778	-0.0873	
6.3587	41.8542	-0.0476	1.2778	-0.0873	
6.4358	41.8438	-0.0504	0.7778	-0.0873	
6.4633	41.84	-0.0513	0.2778	-0.0873	
6.4633	41.84	-0.0513	0.0	-0.0873	
6.4633	41.84	-0.0513	0.0	-0.0873	
6.4633	41.84	-0.0513	0.0	-0.0873	
6.4633	41.84	-0.0513	0.0	-0.0873	
6.4633	41.84	-0.0513	0.0	-0.0873	
6.4633	41.84	-0.0513	0.0	-0.0785	
6.4633	41.84	-0.0513	0.0	-0.0698	
6.4633	41.84	-0.0513	0.0	-0.0611	
6.4633	41.84	-0.0513	0.0	-0.0524	
6.4633	41.84	-0.0513	0.0	-0.0436	
6.4633	41.84	-0.0513	0.0	-0.0349	
6.4633	41.84	-0.0513	0.0	-0.0262	
6.4633	41.84	-0.0513	0.0	-0.0175	
6.4633	41.84	-0.0513	0.0	-0.0087	
6.4633	41.84	-0.0513	0.0	0.0	
6.4633	41.84	-0.0513	0.0	0.0	
6.4633	41.84	-0.0513	0.0	0.0	
6.4633	41.84	-0.0513	0.0	0.0	
6.4633	41.84	-0.0513	0.0	0.0	
6.4633	41.84	-0.0513	0.0	0.0	
6.4633	41.84	-0.0513	0.0	0.0	
6.4633	41.84	-0.0513	0.0	0.0	
6.4633	41.84	-0.0513	0.0	0.0	
6.4633	41.84	-0.0513	0.0	0.0	
6.4633	41.84	-0.0513	0.0	0.0	
6.4733	41.8395	-0.0513	0.1	0.0087	
6.4933	41.8389	-0.0512	0.2	0.0175	
6.5233	41.8381	-0.0508	0.3	0.0262	
6.5633	41.8375	-0.0503	0.4	0.0349	
6.6133	41.8372	-0.0494	0.5	0.0436	
6.6733	41.8373	-0.0481	0.6	0.0524	
6.7433	41.8382	-0.0464	0.7	0.0611	
6.8233	41.8401	-0.0442	0.8	0.0698	
6.9132	41.8432	-0.0414	0.9	0.0785	
7.0131	41.8478	-0.0379	1.0	0.0873	
7.1529	41.8547	-0.033	1.4	0.0873	
7.3327	41.8645	-0.0267	1.8	0.0873	
7.5523	41.8778	-0.0191	2.2	0.0873	
7.8117	41.8955	-0.01	2.6	0.0873	
8.0886	41.9169	-0.0003	2.7778	0.0873	
8.3653	41.941	0.0094	2.7778	0.0873	
8.6418	41.9678	0.019	2.7778	0.0873	
8.918	41.9973	0.0287	2.7778	0.0873	
9.1939	42.0295	0.0384	2.7778	0.0873	
9.4695	42.0643	0.0481	2.7778	0.0873	
9.7451	42.0994	0.0568	2.7778	0.0785	
10.0206	42.1344	0.0646	2.7778	0.0698	
10.2962	42.1693	0.0713	2.7778	0.0611	
10.5719	42.2035	0.0772	2.7778	0.0524	
10.8476	42.237	0.082	2.7778	0.0436	
11.1235	42.2694	0.0859	2.7778	0.0349	
11.3995	42.3005	0.0888	2.7778	0.0262	
11.6758	42.3299	0.0907	2.7778	0.0175	
11.9522	42.3575	0.0917	2.7778	0.0087	
12.2288	42.3829	0.0917	2.7778	0.0	
12.5056	42.406	0.0907	2.7778	-0.0087	
12.7826	42.4263	0.0888	2.7778	-0.0175	
13.0599	42.4437	0.0859	2.7778	-0.0262	
13.3373	42.4578	0.082	2.7778	-0.0349	
13.6148	42.4685	0.0772	2.7778	-0.0436	
13.8925	42.4754	0.0713	2.7778	-0.0524	
14.1703	42.4782	0.0646	2.7778	-0.0611	
14.4481	42.4768	0.0568	2.7778	-0.0698	
14.7258	42.4707	0.0481	2.7778	-0.0785	
15.0034	42.4599	0.0384	2.7778	-0.0873	
15.2709	42.4491	0.03	2.6778	-0.0785	
15.5285	42.4389	0.0228	2.5778	-0.0698	
15.7761	42.4294	0.0168	2.4778	-0.0611	
16.0137	42.4209	0.0118	2.3778	-0.0524	
16.2414	42.4137	0.0078	2.2778	-0.0436	
16.4591	42.4078	0.0048	2.1778	-0.0349	
16.6668	42.4033	0.0026	2.0778	-0.0262	
16.8646	42.4004	0.0012	1.9778	-0.0175	
17.0523	42.399	0.0006	1.8778	-0.0087	
17.2301	42.3991	0.0006	1.7778	0.0	
17.3679	42.398	0.0001	1.3778	-0.0087	
17.4656	42.3963	-0.0006	0.9778	-0.0175	
17.5234	42.3947	-0.0012	0.5778	-0.0262	
17.5412	42.3941	-0.0015	0.1778	-0.0349	
17.5412	42.3941	-0.0015	0.0	-0.0436	
17.5412	42.3941	-0.0015	0.0	-0.0524	
17.5412	42.3941	-0.0015	0.0	-0.0611	
17.5412	42.3941	-0.0015	0.0	-0.0698	
17.5412	42.3941	-0.0015	0.0	-0.0785	
17.5412	42.3941	-0.0015	0.0	-0.0873	
17.5412	42.3941	-0.0015	0.0	-0.0785	
17.5412	42.3941	-0.0015	0.0	-0.0698	
17.5412	42.3941	-0.0015	0.0	-0.0611	
17.5412	42.3941	-0.0015	0.0	-0.0524	
17.5412	42.3941	-0.0015	0.0	-0.0436	
17.5412	42.3941	-0.0015	0.0	-0.0349	
17.5412	42.3941	-0.0015	0.0	-0.0262	
17.5412	42.3941	-0.0015	0.0	-0.0175	
17.5412	42.3941	-0.0015	0.0	-0.0087	
17.5412	42.3941	-0.0015	0.0	0.0	
17.5912	42.3936	-0.0016	0.5	-0.0087	
17.6911	42.3917	-0.0023	1.0	-0.0175	
17.8411	42.3874	-0.0039	1.5	-0.0262	
18.0409	42.3796	-0.0067	2.0	-0.0349	
18.2906	42.367	-0.0111	2.5	-0.0436	
18.5678	42.3494	-0.0169	2.7778	-0.0524	
18.8448	42.3278	-0.0237	2.7778	-0.0611	
19.1213	42.3019	-0.0314	2.7778	-0.0698	
19.3974	42.2714	-0.0401	2.7778	-0.0785	
19.673	42.2361	-0.0498	2.7778	-0.0873	
19.9379	42.1972	-0.0601	2.6778	-0.096	
20.1922	42.1549	-0.0708	2.5778	-0.1047	
20.4358	42.1095	-0.0821	2.4778	-0.1134	
20.6686	42.0613	-0.0937	2.3778	-0.1222	
20.8907	42.0106	-0.1056	2.2778	-0.1309	
21.1019	41.9577	-0.1177	2.1778	-0.1396	
21.3024	41.9031	-0.13	2.0778	-0.1484	
21.4921	41.8471	-0.1423	1.9778	-0.1571	
21.671	41.7901	-0.1547	1.8778	-0.1658	
21.8392	41.7327	-0.1671	1.7778	-0.1745	
22.0167	41.6713	-0.1795	1.8778	-0.1658	
22.2034	41.606	-0.1919	1.9778	-0.1571	
22.3993	41.5367	-0.2041	2.0778	-0.1484	
22.6043	41.4633	-0.2163	2.1778	-0.1396	
22.8185	41.3858	-0.2282	2.2778	-0.1309	
23.0418	41.3042	-0.2397	2.3778	-0.1222	
23.2743	41.2184	-0.251	2.4778	-0.1134	
23.516	41.1287	-0.2617	2.5778	-0.1047	
23.7668	41.0349	-0.272	2.6778	-0.096	
24.0268	40.9373	-0.2817	2.7778	-0.0873	
-1
10.0	15.0478	1.5708	0.4778	0.0	
10.0	15.1156	1.5708	0.6778	0.0	
10.0	15.2033	1.5708	0.8778	0.0	
10.0	15.3111	1.5708	1.0778	0.0	
10.0	15.4389	1.5708	1.2778	0.0	
10.0	15.5867	1.5708	1.4778	0.0	
10.0	15.7544	1.5708	1.6778	0.0	
10.0	15.9422	1.5708	1.8778	0.0	
10.0	16.15	1.5708	2.0778	0.0	
10.0	16.3778	1.5708	2.2778	0.0	
9.9984	16.5555	1.5714	1.7778	0.0087	
9.9961	16.6833	1.5723	1.2778	0.0175	
9.994	16.7611	1.5731	0.7778	0.0262	
9.993	16.7888	1.5735	0.2778	0.0349	
9.993	16.7888	1.5735	0.0	0.0436	
9.993	16.7888	1.5735	0.0	0.0524	
9.993	16.7888	1.5735	0.0	0.0611	
9.993	16.7888	1.5735	0.0	0.0698	
9.993	16.7888	1.5735	0.0	0.0785	
9.993	16.7888	1.5735	0.0	0.0873	
9.993	16.7888	1.5735	0.0	0.0785	
9.993	16.7888	1.5735	0.0	0.0698	
9.993	16.7888	1.5735	0.0	0.0611	
9.993	16.7888	1.5735	0.0	0.0524	
9.993	16.7888	1.5735	0.0	0.0436	
9.993	16.7888	1.5735	0.0	0.0349	
9.993	16.7888	1.5735	0.0	0.0262	
9.993	16.7888	1.5735	0.0	0.0175	
9.993	16.7888	1.5735	0.0	0.0087	
9.993	16.7888	1.5735	0.0	0.0	
9.993	16.7888	1.5735	0.0	0.0087	
9.993	16.7888	1.5735	0.0	0.0175	
9.993	16.7888	1.5735	0.0	0.0262	
9.993	16.7888	1.5735	0.0	0.0349	
9.993	16.7888	1.5735	0.0	0.0436	
9.993	16.7888	1.5735	0.0	0.0524	
9.993	16.7888	1.5735	0.0	0.0611	
9.993	16.7888	1.5735	0.0	0.0698	
9.993	16.7888	1.5735	0.0	0.0785	
9.993	16.7888	1.5735	0.0	0.0873	
9.9894	16.8287	1.5749	0.4	0.0873	
9.9821	16.9083	1.5777	0.8	0.0873	
9.9708	17.0278	1.5819	1.2	0.0873	
9.9551	17.187	1.5875	1.6	0.0873	
9.9343	17.3859	1.5944	2.0	0.0873	
9.9078	17.6245	1.6028	2.4	0.0873	
9.8747	17.9003	1.6125	2.7778	0.0873	
9.839	18.1757	1.6222	2.7778	0.0873	
9.8006	18.4508	1.6318	2.7778	0.0873	
9.7595	18.7256	1.6415	2.7778	0.0873	
9.7182	19.0003	1.6502	2.7778	0.0785	
9.6769	19.275	1.658	2.7778	0.0698	
9.6359	19.5497	1.6648	2.7778	0.0611	
9.5954	19.8245	1.6706	2.7778	0.0524	
9.5557	20.0994	1.6754	2.7778	0.0436	
9.517	20.3745	1.6793	2.7778	0.0349	
9.4797	20.6498	1.6822	2.7778	0.0262	
9.444	20.9252	1.6842	2.7778	0.0175	
9.4102	21.2009	1.6851	2.7778	0.0087	
9.3785	21.4769	1.6851	2.7778	0.0	
9.3444	21.7526	1.6861	2.7778	0.0087	
9.3076	22.0279	1.688	2.7778	0.0175	
9.2679	22.3028	1.691	2.7778	0.0262	
9.225	22.5773	1.6948	2.7778	0.0349	
9.1787	22.8512	1.6997	2.7778	0.0436	
9.1286	23.1244	1.7055	2.7778	0.0524	
9.0746	23.3969	1.7123	2.7778	0.0611	
9.0163	23.6685	1.72	2.7778	0.0698	
8.9536	23.9391	1.7287	2.7778	0.0785	
8.8861	24.2085	1.7384	2.7778	0.0873	
8.8242	24.4381	1.7475	2.3778	0.096	
8.7692	24.6281	1.7558	1.9778	0.1047	
8.7228	24.7789	1.763	1.5778	0.1134	
8.6864	24.8909	1.7687	1.1778	0.1222	
8.6613	24.9645	1.7728	0.7778	0.1309	
8.6487	25.0001	1.7749	0.3778	0.1396	
8.6487	25.0001	1.7749	0.0	0.1484	
8.6487	25.0001	1.7749	0.0	0.1571	
8.6487	25.0001	1.7749	0.0	0.1658	
8.6487	25.0001	1.7749	0.0	0.1745	
8.6306	25.0467	1.7782	0.5	0.1658	
8.5949	25.1402	1.7844	1.0	0.1571	
8.5418	25.2804	1.7933	1.5	0.1484	
8.471	25.4675	1.8044	2.0	0.1396	
8.3818	25.701	1.8175	2.5	0.1309	
8.2817	25.9601	1.831	2.7778	0.1222	
8.1803	26.2187	1.8436	2.7778	0.1134	
8.0779	26.477	1.8552	2.7778	0.1047	
7.9748	26.7349	1.8659	2.7778	0.096	
7.8711	26.9926	1.8755	2.7778	0.0873	
7.7628	27.2484	1.8862	2.7778	0.096	
7.6495	27.502	1.8978	2.7778	0.1047	
7.531	27.7533	1.9104	2.7778	0.1134	
7.4073	28.0019	1.9239	2.7778	0.1222	
7.278	28.2478	1.9384	2.7778	0.1309	
7.1431	28.4906	1.9539	2.7778	0.1396	
7.0023	28.7301	1.9703	2.7778	0.1484	
6.8555	28.9659	1.9877	2.7778	0.1571	
6.7027	29.1979	2.006	2.7778	0.1658	
6.5436	29.4256	2.0253	2.7778	0.1745	
6.3821	29.6516	2.0437	2.7778	0.1658	
6.2185	29.8761	2.0611	2.7778	0.1571	
6.0529	30.0991	2.0775	2.7778	0.1484	
5.8856	30.3208	2.0929	2.7778	0.1396	
5.7168	30.5415	2.1074	2.7778	0.1309	
5.5468	30.7611	2.121	2.7778	0.1222	
5.3757	30.9799	2.1336	2.7778	0.1134	
5.2037	31.1981	2.1452	2.7778	0.1047	
5.0312	31.4158	2.1558	2.7778	0.096	
4.8582	31.6331	2.1655	2.7778	0.0873	
4.6974	31.8346	2.1736	2.5778	0.0785	
4.5493	32.0206	2.1802	2.3778	0.0698	
4.414	32.1912	2.1856	2.1778	0.0611	
4.2916	32.3466	2.1897	1.9778	0.0524	
4.1822	32.4868	2.1928	1.7778	0.0436	
4.0859	32.6117	2.195	1.5778	0.0349	
4.0025	32.7214	2.1964	1.3778	0.0262	
9	23	1.5708	1.1778	0.0175	
8.9991	23.0978	1.5711	0.9778	0.0087	
8.9991	23.1756	1.5711	0.7778	0.0	
8.9983	23.2633	1.5714	0.8778	0.0087	
8.9966	23.3611	1.5721	0.9778	0.0175	
8.9936	23.4688	1.5733	1.0778	0.0262	
8.9892	23.5865	1.5749	1.1778	0.0349	
8.9831	23.7142	1.5771	1.2778	0.0436	
8.975	23.8517	1.58	1.3778	0.0524	
8.9646	23.9991	1.5836	1.4778	0.0611	
8.9516	24.1563	1.588	1.5778	0.0698	
8.9356	24.3234	1.5933	1.6778	0.0785	
8.9161	24.5001	1.5995	1.7778	0.0873	
8.896	24.6868	1.6054	1.8778	0.0785	
8.8754	24.8835	1.6109	1.9778	0.0698	
8.8544	25.0902	1.616	2.0778	0.0611	
8.8332	25.3069	1.6205	2.1778	0.0524	
8.8119	25.5337	1.6245	2.2778	0.0436	
8.7909	25.7706	1.6278	2.3778	0.0349	
8.7703	26.0175	1.6304	2.4778	0.0262	
8.7505	26.2745	1.6322	2.5778	0.0175	
8.7317	26.5416	1.6332	2.6778	0.0087	
8.7144	26.8188	1.6332	2.7778	0.0	
8.6989	27.0661	1.6332	2.4778	0.0	
8.6854	27.2835	1.6332	2.1778	0.0	
8.6737	27.4709	1.6332	1.8778	0.0	
8.6638	27.6284	1.6332	1.5778	0.0	
8.6559	27.7559	1.6332	1.2778	0.0	
8.6498	27.8535	1.6332	0.9778	0.0	
8.6456	27.9211	1.6332	0.6778	0.0	
8.6432	27.9588	1.6332	0.3778	0.0	
8.6427	27.9666	1.6332	0.0778	0.0	
8.6427	27.9666	1.6332	0.0	0.0	
8.6427	27.9666	1.6332	0.0	-0.0087	
8.6427	27.9666	1.6332	0.0	-0.0175	
8.6427	27.9666	1.6332	0.0	-0.0262	
8.6427	27.9666	1.6332	0.0	-0.0349	
8.6427	27.9666	1.6332	0.0	-0.0436	
8.6427	27.9666	1.6332	0.0	-0.0524	
8.6427	27.9666	1.6332	0.0	-0.0611	
8.6427	27.9666	1.6332	0.0	-0.0698	
8.6427	27.9666	1.6332	0.0	-0.0785	
8.6427	27.9666	1.6332	0.0	-0.0873	
8.644	28.0166	1.6314	0.5	-0.0873	
8.6466	28.1166	1.6279	1.0	-0.0873	
8.6511	28.2665	1.6227	1.5	-0.0873	
8.6582	28.4664	1.6157	2.0	-0.0873	
8.6688	28.7161	1.607	2.5	-0.0873	
8.683	28.9936	1.5973	2.7778	-0.0873	
8.6998	29.2708	1.5876	2.7778	-0.0873	
8.7194	29.5479	1.578	2.7778	-0.0873	
8.7416	29.8248	1.5683	2.7778	-0.0873	
8.7665	30.1015	1.5586	2.7778	-0.0873	
8.7941	30.3779	1.5489	2.7778	-0.0873	
8.8244	30.654	1.5392	2.7778	-0.0873	
8.8573	30.9298	1.5295	2.7778	-0.0873	
8.8929	31.2053	1.5199	2.7778	-0.0873	
8.9312	31.4804	1.5102	2.7778	-0.0873	
8.9721	31.7552	1.5005	2.7778	-0.0873	
9.0157	32.0295	1.4908	2.7778	-0.0873	
9.0619	32.3034	1.4811	2.7778	-0.0873	
9.1108	32.5768	1.4714	2.7778	-0.0873	
9.1624	32.8498	1.4617	2.7778	-0.0873	
9.2189	33.1218	1.4511	2.7778	-0.096	
9.2808	33.3926	1.4395	2.7778	-0.1047	
9.3481	33.6621	1.4269	2.7778	-0.1134	
9.4211	33.9301	1.4134	2.7778	-0.1222	
9.5001	34.1964	1.3989	2.7778	-0.1309	
9.5852	34.4608	1.3834	2.7778	-0.1396	
9.6768	34.7231	1.367	2.7778	-0.1484	
9.7749	34.9829	1.3496	2.7778	-0.1571	
9.8797	35.2402	1.3313	2.7778	-0.1658	
9.9915	35.4945	1.312	2.7778	-0.1745	
10.1103	35.7455	1.2917	2.7778	-0.1833	
10.2364	35.9931	1.2705	2.7778	-0.192	
10.3698	36.2367	1.2484	2.7778	-0.2007	
10.5107	36.4761	1.2253	2.7778	-0.2094	
10.6591	36.7109	1.2012	2.7778	-0.2182	
10.8151	36.9407	1.1762	2.7778	-0.2269	
10.9788	37.1651	1.1503	2.7778	-0.2356	
11.1502	37.3837	1.1234	2.7778	-0.2443	
11.3292	37.5961	1.0956	2.7778	-0.2531	
11.5159	37.8018	1.0668	2.7778	-0.2618	
11.6861	37.9819	1.042	2.4778	-0.2531	
11.8382	38.1378	1.0209	2.1778	-0.2443	
11.971	38.2705	1.0034	1.8778	-0.2356	
12.0835	38.3811	0.9892	1.5778	-0.2269	
12.1752	38.4702	0.9781	1.2778	-0.2182	
12.2455	38.5381	0.97	0.9778	-0.2094	
12.2942	38.5853	0.9646	0.6778	-0.2007	
12.3212	38.6117	0.9617	0.3778	-0.192	
12.3267	38.6171	0.9611	0.0778	-0.1833	
12.3267	38.6171	0.9611	0.0	-0.1745	
12.3338	38.6242	0.9605	0.1	-0.1745	
12.3479	38.6383	0.9591	0.2	-0.1745	
12.3692	38.6595	0.957	0.3	-0.1745	
12.3975	38.6877	0.9542	0.4	-0.1745	
12.4331	38.7229	0.9507	0.5	-0.1745	
12.4759	38.7649	0.9466	0.6	-0.1745	
12.5261	38.8138	0.9417	0.7	-0.1745	
12.5837	38.8693	0.9361	0.8	-0.1745	
12.6488	38.9314	0.9299	0.9	-0.1745	
12.7216	38.9999	0.9229	1.0	-0.1745	
12.8315	39.102	0.9125	1.5	-0.1745	
12.9795	39.2366	0.8986	2.0	-0.1745	
13.1668	39.4022	0.8813	2.5	-0.1745	
13.378	39.5826	0.862	2.7778	-0.1745	
13.5927	39.7588	0.8427	2.7778	-0.1745	
13.8107	39.9309	0.8234	2.7778	-0.1745	
14.0321	40.0988	0.8041	2.7778	-0.1745	
14.2566	40.2623	0.7848	2.7778	-0.1745	
14.4842	40.4215	0.7655	2.7778	-0.1745	
14.7149	40.5763	0.7462	2.7778	-0.1745	
14.9498	40.7245	0.726	2.7778	-0.1833	
15.1889	40.8659	0.7048	2.7778	-0.192	
15.4321	41.0001	0.6826	2.7778	-0.2007	
15.6794	41.1267	0.6595	2.7778	-0.2094	
15.9306	41.2453	0.6355	2.7778	-0.2182	
16.1855	41.3557	0.6105	2.7778	-0.2269	
16.444	41.4574	0.5845	2.7778	-0.2356	
16.7058	41.5501	0.5576	2.7778	-0.2443	
16.9708	41.6334	0.5298	2.7778	-0.2531	
17.2387	41.7069	0.5011	2.7778	-0.2618	
17.5085	41.7728	0.4723	2.7778	-0.2618	
17.7802	41.8308	0.4436	2.7778	-0.2618	
18.0534	41.881	0.4148	2.7778	-0.2618	
18.3279	41.9233	0.386	2.7778	-0.2618	
18.6036	41.9578	0.3573	2.7778	-0.2618	
18.8801	41.9842	0.3285	2.7778	-0.2618	
19.1572	42.0028	0.2998	2.7778	-0.2618	
19.4348	42.0133	0.271	2.7778	-0.2618	
19.7126	42.0159	0.2422	2.7778	-0.2618	
19.9903	42.0104	0.2135	2.7778	-0.2618	
20.2676	41.9946	0.1838	2.7778	-0.2705	
20.5441	41.9681	0.1532	2.7778	-0.2793	
20.8194	41.9308	0.1216	2.7778	-0.288	
21.0929	41.8824	0.0891	2.7778	-0.2967	
21.3642	41.8228	0.0557	2.7778	-0.3054	
21.6328	41.7518	0.0214	2.7778	-0.3142	
21.898	41.6693	-0.0139	2.7778	-0.3229	
22.1594	41.5752	-0.05	2.7778	-0.3316	
22.4163	41.4695	-0.0871	2.7778	-0.3403	
22.668	41.3522	-0.1251	2.7778	-0.3491	
22.8984	41.2365	-0.1596	2.5778	-0.3403	
23.1081	41.1243	-0.1905	2.3778	-0.3316	
23.2978	41.0174	-0.2182	2.1778	-0.3229	
23.4682	40.917	-0.2426	1.9778	-0.3142	
23.6199	40.8243	-0.264	1.7778	-0.3054	
23.7535	40.7404	-0.2824	1.5778	-0.2967	
23.8695	40.666	-0.2981	1.3778	-0.288	
23.9682	40.6018	-0.3111	1.1778	-0.2793	
24.0499	40.548	-0.3215	0.9778	-0.2705	
24.1148	40.5052	-0.3296	0.7778	-0.2618	
24.1794	40.4618	-0.3376	0.7778	-0.2618	
24.2436	40.418	-0.3457	0.7778	-0.2618	
24.3074	40.3736	-0.3537	0.7778	-0.2618	
24.371	40.3287	-0.3618	0.7778	-0.2618	
24.4341	40.2832	-0.3699	0.7778	-0.2618	
24.4969	40.2373	-0.3779	0.7778	-0.2618	
24.5593	40.1909	-0.386	0.7778	-0.2618	
24.6213	40.1439	-0.394	0.7778	-0.2618	
24.6829	40.0965	-0.4021	0.7778	-0.2618	
24.7442	40.0486	-0.4101	0.7778	-0.2618	
24.8449	39.9699	-0.4229	1.2778	-0.2531	
24.9845	39.8599	-0.4401	1.7778	-0.2443	
25.1623	39.7174	-0.4614	2.2778	-0.2356	
25.3768	39.541	-0.4864	2.7778	-0.2269	
25.5884	39.3611	-0.5104	2.7778	-0.2182	
25.7973	39.178	-0.5335	2.7778	-0.2094	
26.0035	38.9918	-0.5557	2.7778	-0.2007	
26.2072	38.803	-0.5769	2.7778	-0.192	
26.4085	38.6116	-0.5971	2.7778	-0.1833	
26.6076	38.4179	-0.6164	2.7778	-0.1745	
26.8029	38.2204	-0.6357	2.7778	-0.1745	
26.9944	38.0191	-0.655	2.7778	-0.1745	
27.182	37.8142	-0.6743	2.7778	-0.1745	
27.3655	37.6058	-0.6936	2.7778	-0.1745	
27.545	37.3938	-0.7129	2.7778	-0.1745	
27.7204	37.1784	-0.7322	2.7778	-0.1745	
27.8916	36.9596	-0.7515	2.7778	-0.1745	
28.0586	36.7376	-0.7708	2.7778	-0.1745	
28.2212	36.5124	-0.7901	2.7778	-0.1745	
28.3795	36.2841	-0.8094	2.7778	-0.1745	
28.5353	36.0542	-0.8277	2.7778	-0.1658	
28.689	35.8228	-0.8451	2.7778	-0.1571	
28.8406	35.59	-0.8615	2.7778	-0.1484	
28.9904	35.3561	-0.877	2.7778	-0.1396	
29.1386	35.1212	-0.8915	2.7778	-0.1309	
29.2855	34.8854	-0.905	2.7778	-0.1222	
29.4313	34.649	-0.9176	2.7778	-0.1134	
29.5761	34.4119	-0.9292	2.7778	-0.1047	
29.7202	34.1745	-0.9399	2.7778	-0.096	
29.8639	33.9367	-0.9495	2.7778	-0.0873	
30.0032	33.6964	-0.9602	2.7778	-0.096	
30.1378	33.4534	-0.9718	2.7778	-0.1047	
30.2675	33.2078	-0.9844	2.7778	-0.1134	
30.3918	32.9594	-0.9979	2.7778	-0.1222	
30.5106	32.7083	-1.0124	2.7778	-0.1309	
30.6236	32.4545	-1.0279	2.7778	-0.1396	
30.7304	32.1981	-1.0443	2.7778	-0.1484	
30.8307	31.939	-1.0617	2.7778	-0.1571	
30.9242	31.6775	-1.08	2.7778	-0.1658	
31.0105	31.4135	-1.0993	2.7778	-0.1745	
31.0941	31.1486	-1.1177	2.7778	-0.1658	
31.1752	30.8829	-1.135	2.7778	-0.1571	
31.2539	30.6165	-1.1515	2.7778	-0.1484	
31.3306	30.3495	-1.1669	2.7778	-0.1396	
31.4055	30.082	-1.1814	2.7778	-0.1309	
31.4788	29.8141	-1.195	2.7778	-0.1222	
31.5509	29.5458	-1.2076	2.7778	-0.1134	
31.6219	29.2773	-1.2192	2.7778	-0.1047	
31.6921	29.0085	-1.2298	2.7778	-0.096	
31.7618	28.7396	-1.2395	2.7778	-0.0873	
31.8289	28.4701	-1.2492	2.7778	-0.0873	
31.8934	28.1999	-1.2589	2.7778	-0.0873	
31.9553	27.9291	-1.2686	2.7778	-0.0873	
32.0146	27.6577	-1.2782	2.7778	-0.0873	
32.0712	27.3858	-1.2879	2.7778	-0.0873	
32.1252	27.1133	-1.2976	2.7778	-0.0873	
32.1765	26.8403	-1.3073	2.7778	-0.0873	
32.2252	26.5668	-1.317	2.7778	-0.0873	
32.2713	26.2929	-1.3267	2.7778	-0.0873	
32.3147	26.0185	-1.3363	2.7778	-0.0873	
32.353	25.7434	-1.347	2.7778	-0.096	
32.386	25.4676	-1.3586	2.7778	-0.1047	
32.4134	25.1912	-1.3712	2.7778	-0.1134	
32.4349	24.9142	-1.3847	2.7778	-0.1222	
32.4502	24.6369	-1.3992	2.7778	-0.1309	
32.4591	24.3592	-1.4147	2.7778	-0.1396	
32.4612	24.0815	-1.4311	2.7778	-0.1484	
32.4564	23.8037	-1.4485	2.7778	-0.1571	
32.4443	23.5262	-1.4668	2.7778	-0.1658	
32.4247	23.2491	-1.4861	2.7778	-0.1745	
32.3974	22.9727	-1.5064	2.7778	-0.1833	
32.3621	22.6972	-1.5276	2.7778	-0.192	
32.3185	22.4228	-1.5497	2.7778	-0.2007	
32.2665	22.15	-1.5728	2.7778	-0.2094	
32.2058	21.8789	-1.5969	2.7778	-0.2182	
32.1363	21.61	-1.6219	2.7778	-0.2269	
32.0577	21.3435	-1.6478	2.7778	-0.2356	
31.97	21.08	-1.6747	2.7778	-0.2443	
31.8729	20.8197	-1.7025	2.7778	-0.2531	
31.7664	20.5632	-1.7313	2.7778	-0.2618	
31.6525	20.3098	-1.76	2.7778	-0.2618	
31.5315	20.0598	-1.7888	2.7778	-0.2618	
31.4032	19.8134	-1.8175	2.7778	-0.2618	
31.268	19.5707	-1.8463	2.7778	-0.2618	
31.1258	19.3321	-1.8751	2.7778	-0.2618	
30.9768	19.0977	-1.9038	2.7778	-0.2618	
30.8212	18.8676	-1.9326	2.7778	-0.2618	
30.659	18.6421	-1.9613	2.7778	-0.2618	
30.4904	18.4213	-1.9901	2.7778	-0.2618	
30.3155	18.2055	-2.0189	2.7778	-0.2618	
30.1326	17.9965	-2.0485	2.7778	-0.2705	
29.9418	17.7945	-2.0792	2.7778	-0.2793	
29.7433	17.6003	-2.1107	2.7778	-0.288	
29.537	17.4142	-2.1432	2.7778	-0.2967	
29.3233	17.2367	-2.1766	2.7778	-0.3054	
29.1023	17.0684	-2.211	2.7778	-0.3142	
28.8743	16.9098	-2.2462	2.7778	-0.3229	
28.6395	16.7614	-2.2824	2.7778	-0.3316	
28.3983	16.6236	-2.3195	2.7778	-0.3403	
28.151	16.4971	-2.3575	2.7778	-0.3491	
27.9254	16.3946	-2.3922	2.4778	-0.3578	
27.7234	16.3133	-2.4234	2.1778	-0.3665	
27.5466	16.2501	-2.4509	1.8778	-0.3752	
27.3961	16.2025	-2.4746	1.5778	-0.384	
27.2731	16.1679	-2.4941	1.2778	-0.3927	
27.1783	16.1441	-2.5094	0.9778	-0.4014	
27.1122	16.1291	-2.5202	0.6778	-0.4102	
27.0752	16.1216	-2.5264	0.3778	-0.4189	
27.0675	16.1201	-2.5277	0.0778	-0.4276	
27.0675	16.1201	-2.5277	0.0	-0.4363	
27.0675	16.1201	-2.5277	0.0	-0.4451	
27.0675	16.1201	-2.5277	0.0	-0.4538	
27.0675	16.1201	-2.5277	0.0	-0.4625	
27.0675	16.1201	-2.5277	0.0	-0.4712	
27.0675	16.1201	-2.5277	0.0	-0.48	
27.0675	16.1201	-2.5277	0.0	-0.4887	
27.0675	16.1201	-2.5277	0.0	-0.4974	
27.0675	16.1201	-2.5277	0.0	-0.5061	
27.0675	16.1201	-2.5277	0.0	-0.5149	
27.0675	16.1201	-2.5277	0.0	-0.5236	
-1
