53.0	45.0	0.0	0.0	-0.05235987755982988	50.0	6.0	-3.141592653589793	2.2222222222222223	0.0	6
48.98	7.0	-3.1416	0.2	0.0	
48.94	7.0	-3.1416	0.4	0.0	
48.88	7.0	-3.1416	0.6	0.0	
48.8	7.0	-3.1416	0.8	0.0	
48.7	7.0	-3.1416	1.0	0.0	
48.58	7.0	-3.1416	1.2	0.0	
48.44	7.0	-3.1416	1.4	0.0	
48.28	7.0	-3.1416	1.6	0.0	
48.1	7.0	-3.1416	1.8	0.0	
47.9	7.0	-3.1416	2.0	0.0	
47.69	7.0	-3.1416	2.1	0.0	
47.47	7.0	-3.1416	2.2	0.0	
47.24	7.0	-3.1416	2.3	0.0	
47.0	7.0	-3.1416	2.4	0.0	
46.75	7.0	-3.1416	2.5	0.0	
46.49	7.0	-3.1416	2.6	0.0	
46.22	7.0	-3.1416	2.7	0.0	
45.9422	7.0	-3.1416	2.7778	0.0	
45.6644	7.0	-3.1416	2.7778	0.0	
45.3867	7.0	-3.1416	2.7778	0.0	
45.1289	6.9978	-3.1407	2.5778	0.0087	
44.8912	6.9934	-3.139	2.3778	0.0175	
44.6735	6.9871	-3.1368	2.1778	0.0262	
44.4759	6.9793	-3.134	1.9778	0.0349	
44.2983	6.9702	-3.1309	1.7778	0.0436	
44.1408	6.9602	-3.1276	1.5778	0.0524	
44.0035	6.9499	-3.1242	1.3778	0.0611	
43.8861	6.9396	-3.1209	1.1778	0.0698	
43.7888	6.9299	-3.1179	0.9778	0.0785	
43.7115	6.9213	-3.1152	0.7778	0.0873	
43.5944	6.909	-3.1115	1.1778	0.0785	
43.4374	6.8932	-3.1071	1.5778	0.0698	
43.2405	6.8744	-3.1022	1.9778	0.0611	
43.0038	6.8526	-3.0972	2.3778	0.0524	
42.7271	6.8282	-3.0924	2.7778	0.0436	
42.4503	6.8048	-3.0885	2.7778	0.0349	
42.1733	6.7829	-3.0856	2.7778	0.0262	
41.8963	6.7625	-3.0837	2.7778	0.0175	
41.6192	6.744	-3.0827	2.7778	0.0087	
41.3419	6.7276	-3.0827	2.7778	0.0	
41.0747	6.7095	-3.0818	2.6778	0.0087	
40.8177	6.6896	-3.08	2.5778	0.0175	
40.5709	6.6679	-3.0774	2.4778	0.0262	
40.3343	6.6444	-3.0741	2.3778	0.0349	
40.1079	6.6191	-3.0701	2.2778	0.0436	
39.8918	6.5922	-3.0655	2.1778	0.0524	
39.6859	6.5638	-3.0605	2.0778	0.0611	
39.4904	6.5341	-3.0549	1.9778	0.0698	
39.3052	6.5032	-3.049	1.8778	0.0785	
39.1303	6.4714	-3.0428	1.7778	0.0873	
38.9853	6.4428	-3.0372	1.4778	0.096	
38.8701	6.4183	-3.0323	1.1778	0.1047	
38.7845	6.3989	-3.0283	0.8778	0.1134	
38.7283	6.3855	-3.0255	0.5778	0.1222	
38.7014	6.3787	-3.024	0.2778	0.1309	
38.7014	6.3787	-3.024	0.0	0.1396	
38.7014	6.3787	-3.024	0.0	0.1484	
38.7014	6.3787	-3.024	0.0	0.1571	
38.7014	6.3787	-3.024	0.0	0.1658	
38.7014	6.3787	-3.024	0.0	0.1745	
38.7014	6.3787	-3.024	0.0	0.1745	
38.7014	6.3787	-3.024	0.0	0.1745	
38.7014	6.3787	-3.024	0.0	0.1745	
38.7014	6.3787	-3.024	0.0	0.1745	
38.7014	6.3787	-3.024	0.0	0.1745	
38.7014	6.3787	-3.024	0.0	0.1745	
38.7014	6.3787	-3.024	0.0	0.1745	
38.7014	6.3787	-3.024	0.0	0.1745	
38.7014	6.3787	-3.024	0.0	0.1745	
38.7014	6.3787	-3.024	0.0	0.1745	
38.7014	6.3787	-3.024	0.0	0.1745	
38.7014	6.3787	-3.024	0.0	0.1745	
38.7014	6.3787	-3.024	0.0	0.1745	
38.7014	6.3787	-3.024	0.0	0.1745	
38.7014	6.3787	-3.024	0.0	0.1745	
38.7014	6.3787	-3.024	0.0	0.1745	
38.7014	6.3787	-3.024	0.0	0.1745	
38.7014	6.3787	-3.024	0.0	0.1745	
38.7014	6.3787	-3.024	0.0	0.1745	
38.7014	6.3787	-3.024	0.0	0.1745	
38.7014	6.3787	-3.024	0.0	0.1658	
38.7014	6.3787	-3.024	0.0	0.1571	
38.7014	6.3787	-3.024	0.0	0.1484	
38.7014	6.3787	-3.024	0.0	0.1396	
38.7014	6.3787	-3.024	0.0	0.1309	
38.7014	6.3787	-3.024	0.0	0.1222	
38.7014	6.3787	-3.024	0.0	0.1134	
38.7014	6.3787	-3.024	0.0	0.1047	
38.7014	6.3787	-3.024	0.0	0.096	
38.7014	6.3787	-3.024	0.0	0.0873	
38.7014	6.3787	-3.024	0.0	0.0873	
38.7014	6.3787	-3.024	0.0	0.0873	
38.7014	6.3787	-3.024	0.0	0.0873	
38.7014	6.3787	-3.024	0.0	0.0873	
38.7014	6.3787	-3.024	0.0	0.0873	
38.7014	6.3787	-3.024	0.0	0.0873	
38.7014	6.3787	-3.024	0.0	0.0873	
38.7014	6.3787	-3.024	0.0	0.0873	
38.7014	6.3787	-3.024	0.0	0.0873	
38.7014	6.3787	-3.024	0.0	0.0873	
38.7014	6.3787	-3.024	0.0	0.0785	
38.7014	6.3787	-3.024	0.0	0.0698	
38.7014	6.3787	-3.024	0.0	0.0611	
38.7014	6.3787	-3.024	0.0	0.0524	
38.7014	6.3787	-3.024	0.0	0.0436	
38.7014	6.3787	-3.024	0.0	0.0349	
38.7014	6.3787	-3.024	0.0	0.0262	
38.7014	6.3787	-3.024	0.0	0.0175	
38.7014	6.3787	-3.024	0.0	0.0087	
38.7014	6.3787	-3.024	0.0	0.0	
38.7014	6.3787	-3.024	0.0	-0.0087	
38.7014	6.3787	-3.024	0.0	-0.0175	
38.7014	6.3787	-3.024	0.0	-0.0262	
38.7014	6.3787	-3.024	0.0	-0.0349	
38.7014	6.3787	-3.024	0.0	-0.0436	
38.7014	6.3787	-3.024	0.0	-0.0524	
38.7014	6.3787	-3.024	0.0	-0.0611	
38.7014	6.3787	-3.024	0.0	-0.0698	
38.7014	6.3787	-3.024	0.0	-0.0785	
38.7014	6.3787	-3.024	0.0	-0.0873	
38.6714	6.378	-3.0252	0.3	-0.096	
38.6114	6.3773	-3.0277	0.6	-0.1047	
38.5214	6.3773	-3.0317	0.9	-0.1134	
38.4014	6.3788	-3.0376	1.2	-0.1222	
38.2514	6.3828	-3.0454	1.5	-0.1309	
38.0716	6.3906	-3.0554	1.8	-0.1396	
37.862	6.4037	-3.0679	2.1	-0.1484	
37.6228	6.4236	-3.0829	2.4	-0.1571	
37.3544	6.4525	-3.1007	2.7	-0.1658	
37.0791	6.4895	-3.12	2.7778	-0.1745	
36.8046	6.5318	-3.1393	2.7778	-0.1745	
36.5309	6.5794	3.1246	2.7778	-0.1745	
36.2582	6.6323	3.1053	2.7778	-0.1745	
35.9866	6.6905	3.086	2.7778	-0.1745	
35.7161	6.7538	3.0667	2.7778	-0.1745	
35.4469	6.8224	3.0474	2.7778	-0.1745	
35.1791	6.8961	3.0281	2.7778	-0.1745	
34.9128	6.975	3.0088	2.7778	-0.1745	
34.648	7.059	2.9895	2.7778	-0.1745	
34.3849	7.1482	2.9702	2.7778	-0.1745	
34.1236	7.2423	2.9509	2.7778	-0.1745	
33.8641	7.3415	2.9317	2.7778	-0.1745	
33.6066	7.4457	2.9124	2.7778	-0.1745	
33.3512	7.5549	2.8931	2.7778	-0.1745	
33.0979	7.6689	2.8738	2.7778	-0.1745	
32.8469	7.7878	2.8545	2.7778	-0.1745	
32.5982	7.9115	2.8352	2.7778	-0.1745	
32.3519	8.04	2.8159	2.7778	-0.1745	
32.1082	8.1733	2.7966	2.7778	-0.1745	
31.867	8.3112	2.7773	2.7778	-0.1745	
31.6726	8.4298	2.7607	2.2778	-0.1833	
31.5232	8.5261	2.7471	1.7778	-0.192	
31.4174	8.5978	2.7369	1.2778	-0.2007	
31.3538	8.6426	2.7305	0.7778	-0.2094	
31.3313	8.6589	2.7281	0.2778	-0.2182	
31.3313	8.6589	2.7281	0.0	-0.2269	
31.3313	8.6589	2.7281	0.0	-0.2356	
31.3313	8.6589	2.7281	0.0	-0.2443	
31.3313	8.6589	2.7281	0.0	-0.2531	
31.3313	8.6589	2.7281	0.0	-0.2618	
31.292	8.6899	2.7231	0.5	-0.2531	
31.2132	8.7514	2.7134	1.0	-0.2443	
31.0951	8.8438	2.6994	1.5	-0.2356	
30.9382	8.9679	2.6814	2.0	-0.2269	
30.7435	9.1248	2.6597	2.5	-0.2182	
30.5295	9.3018	2.6366	2.7778	-0.2094	
30.3181	9.482	2.6145	2.7778	-0.2007	
30.1091	9.665	2.5933	2.7778	-0.192	
29.9024	9.8505	2.573	2.7778	-0.1833	
29.6978	10.0385	2.5537	2.7778	-0.1745	
29.497	10.2303	2.5344	2.7778	-0.1745	
29.2998	10.426	2.5151	2.7778	-0.1745	
29.1065	10.6255	2.4959	2.7778	-0.1745	
28.917	10.8286	2.4766	2.7778	-0.1745	
28.7315	11.0354	2.4573	2.7778	-0.1745	
28.5501	11.2457	2.438	2.7778	-0.1745	
28.3727	11.4595	2.4187	2.7778	-0.1745	
28.1995	11.6766	2.3994	2.7778	-0.1745	
28.0305	11.8971	2.3801	2.7778	-0.1745	
27.8657	12.1207	2.3608	2.7778	-0.1745	
27.7342	12.3067	2.345	2.2778	-0.1745	
27.6339	12.4535	2.3326	1.7778	-0.1745	
27.5631	12.5598	2.3237	1.2778	-0.1745	
27.5206	12.625	2.3183	0.7778	-0.1745	
27.5055	12.6483	2.3164	0.2778	-0.1745	
27.5055	12.6483	2.3164	0.0	-0.1745	
27.5055	12.6483	2.3164	0.0	-0.1745	
27.5055	12.6483	2.3164	0.0	-0.1745	
27.5055	12.6483	2.3164	0.0	-0.1745	
27.5055	12.6483	2.3164	0.0	-0.1745	
27.5055	12.6483	2.3164	0.0	-0.1658	
27.5055	12.6483	2.3164	0.0	-0.1571	
27.5055	12.6483	2.3164	0.0	-0.1484	
27.5055	12.6483	2.3164	0.0	-0.1396	
27.5055	12.6483	2.3164	0.0	-0.1309	
27.5055	12.6483	2.3164	0.0	-0.1222	
27.5055	12.6483	2.3164	0.0	-0.1134	
27.5055	12.6483	2.3164	0.0	-0.1047	
27.5055	12.6483	2.3164	0.0	-0.096	
27.5055	12.6483	2.3164	0.0	-0.0873	
27.5055	12.6483	2.3164	0.0	-0.0785	
27.5055	12.6483	2.3164	0.0	-0.0698	
27.5055	12.6483	2.3164	0.0	-0.0611	
27.5055	12.6483	2.3164	0.0	-0.0524	
27.5055	12.6483	2.3164	0.0	-0.0436	
27.5055	12.6483	2.3164	0.0	-0.0349	
27.5055	12.6483	2.3164	0.0	-0.0262	
27.5055	12.6483	2.3164	0.0	-0.0175	
27.5055	12.6483	2.3164	0.0	-0.0087	
27.5055	12.6483	2.3164	0.0	0.0	
27.5055	12.6483	2.3164	0.0	-0.0087	
27.5055	12.6483	2.3164	0.0	-0.0175	
27.5055	12.6483	2.3164	0.0	-0.0262	
27.5055	12.6483	2.3164	0.0	-0.0349	
27.5055	12.6483	2.3164	0.0	-0.0436	
27.5055	12.6483	2.3164	0.0	-0.0524	
27.5055	12.6483	2.3164	0.0	-0.0611	
27.5055	12.6483	2.3164	0.0	-0.0698	
27.5055	12.6483	2.3164	0.0	-0.0785	
27.5055	12.6483	2.3164	0.0	-0.0873	
27.4753	12.6881	2.3145	0.5	-0.096	
27.4156	12.7684	2.3103	1.0	-0.1047	
27.3277	12.8899	2.3035	1.5	-0.1134	
27.2131	13.0538	2.2938	2.0	-0.1222	
27.0736	13.2613	2.2807	2.5	-0.1309	
26.9236	13.4951	2.2653	2.7778	-0.1396	
26.7793	13.7324	2.2488	2.7778	-0.1484	
26.6411	13.9734	2.2315	2.7778	-0.1571	
26.5092	14.2178	2.2131	2.7778	-0.1658	
26.3839	14.4658	2.1938	2.7778	-0.1745	
26.2656	14.7171	2.1736	2.7778	-0.1833	
26.1547	14.9718	2.1524	2.7778	-0.192	
26.0515	15.2296	2.1302	2.7778	-0.2007	
25.9562	15.4906	2.1071	2.7778	-0.2094	
25.8693	15.7544	2.0831	2.7778	-0.2182	
25.7911	16.021	2.0581	2.7778	-0.2269	
25.7219	16.29	2.0321	2.7778	-0.2356	
25.6621	16.5613	2.0053	2.7778	-0.2443	
25.612	16.8345	1.9774	2.7778	-0.2531	
25.5719	17.1093	1.9487	2.7778	-0.2618	
25.5475	17.3358	1.9243	2.2778	-0.2705	
25.5343	17.5131	1.9047	1.7778	-0.2793	
25.5285	17.6407	1.8902	1.2778	-0.288	
25.5267	17.7185	1.8811	0.7778	-0.2967	
25.5266	17.7463	1.8778	0.2778	-0.3054	
25.5266	17.7463	1.8778	0.0	-0.3142	
25.5266	17.7463	1.8778	0.0	-0.3229	
25.5266	17.7463	1.8778	0.0	-0.3316	
25.5266	17.7463	1.8778	0.0	-0.3403	
25.5266	17.7463	1.8778	0.0	-0.3491	
25.5266	17.7463	1.8778	0.0	-0.3491	
25.5266	17.7463	1.8778	0.0	-0.3491	
25.5266	17.7463	1.8778	0.0	-0.3491	
25.5266	17.7463	1.8778	0.0	-0.3491	
25.5266	17.7463	1.8778	0.0	-0.3491	
25.5266	17.7463	1.8778	0.0	-0.3491	
25.5266	17.7463	1.8778	0.0	-0.3491	
25.5266	17.7463	1.8778	0.0	-0.3491	
25.5266	17.7463	1.8778	0.0	-0.3491	
25.5266	17.7463	1.8778	0.0	-0.3491	
25.5266	17.7463	1.8778	0.0	-0.3491	
25.5266	17.7463	1.8778	0.0	-0.3491	
25.5266	17.7463	1.8778	0.0	-0.3491	
25.5266	17.7463	1.8778	0.0	-0.3491	
25.5266	17.7463	1.8778	0.0	-0.3491	
25.5266	17.7463	1.8778	0.0	-0.3491	
25.5266	17.7463	1.8778	0.0	-0.3491	
25.5266	17.7463	1.8778	0.0	-0.3491	
25.5266	17.7463	1.8778	0.0	-0.3491	
25.5266	17.7463	1.8778	0.0	-0.3491	
25.5281	17.7762	1.8736	0.3	-0.3578	
25.5319	17.8361	1.865	0.6	-0.3665	
25.5392	17.9258	1.8518	0.9	-0.3752	
25.5515	18.0452	1.8338	1.2	-0.384	
25.5709	18.1939	1.8108	1.5	-0.3927	
25.5999	18.3716	1.7827	1.8	-0.4014	
25.6412	18.5775	1.7492	2.1	-0.4102	
25.6984	18.8106	1.7102	2.4	-0.4189	
25.7751	19.0694	1.6654	2.7	-0.4276	
25.8682	19.3311	1.6184	2.7778	-0.4363	
25.9601	19.5613	1.5773	2.4778	-0.4276	
26.0474	19.7608	1.5419	2.1778	-0.4189	
26.1272	19.9307	1.5119	1.8778	-0.4102	
26.1973	20.0721	1.4873	1.5778	-0.4014	
26.2559	20.1857	1.4677	1.2778	-0.3927	
26.3016	20.2721	1.4531	0.9778	-0.384	
26.3337	20.3318	1.4431	0.6778	-0.3752	
26.3516	20.365	1.4377	0.3778	-0.3665	
26.3553	20.3719	1.4366	0.0778	-0.3578	
26.3553	20.3719	1.4366	0.0	-0.3491	
26.3553	20.3719	1.4366	0.0	-0.3578	
26.3553	20.3719	1.4366	0.0	-0.3665	
26.3553	20.3719	1.4366	0.0	-0.3752	
26.3553	20.3719	1.4366	0.0	-0.384	
26.3553	20.3719	1.4366	0.0	-0.3927	
26.3553	20.3719	1.4366	0.0	-0.4014	
26.3553	20.3719	1.4366	0.0	-0.4102	
26.3553	20.3719	1.4366	0.0	-0.4189	
26.3553	20.3719	1.4366	0.0	-0.4276	
26.3553	20.3719	1.4366	0.0	-0.4363	
26.3606	20.3804	1.435	0.1	-0.4276	
26.3712	20.3974	1.4317	0.2	-0.4189	
26.3868	20.4229	1.4269	0.3	-0.4102	
26.4076	20.4571	1.4207	0.4	-0.4014	
26.4334	20.5	1.413	0.5	-0.3927	
26.4643	20.5514	1.404	0.6	-0.384	
26.5005	20.6113	1.3938	0.7	-0.3752	
26.5418	20.6798	1.3823	0.8	-0.3665	
26.5886	20.7567	1.3697	0.9	-0.3578	
26.6409	20.8419	1.356	1.0	-0.3491	
26.6672	20.8844	1.3493	0.5	-0.3403	
26.6672	20.8844	1.3493	0.0	-0.3316	
26.6672	20.8844	1.3493	0.0	-0.3229	
26.6672	20.8844	1.3493	0.0	-0.3142	
26.6672	20.8844	1.3493	0.0	-0.3054	
26.6672	20.8844	1.3493	0.0	-0.2967	
26.6672	20.8844	1.3493	0.0	-0.288	
26.6672	20.8844	1.3493	0.0	-0.2793	
26.6672	20.8844	1.3493	0.0	-0.2705	
26.6672	20.8844	1.3493	0.0	-0.2618	
26.6908	20.9285	1.344	0.5	-0.2705	
26.7393	21.016	1.333	1.0	-0.2793	
26.8146	21.1457	1.3159	1.5	-0.288	
26.9194	21.3161	1.2925	2.0	-0.2967	
27.0572	21.5247	1.2625	2.5	-0.3054	
27.2191	21.7503	1.2281	2.7778	-0.3142	
27.3907	21.9688	1.1929	2.7778	-0.3229	
27.5716	22.1796	1.1567	2.7778	-0.3316	
27.7619	22.382	1.1196	2.7778	-0.3403	
27.9612	22.5755	1.0816	2.7778	-0.3491	
28.1693	22.7594	1.0427	2.7778	-0.3578	
28.386	22.9332	1.0029	2.7778	-0.3665	
28.6108	23.0964	0.9622	2.7778	-0.3752	
28.8434	23.2482	0.9205	2.7778	-0.384	
29.0834	23.3881	0.878	2.7778	-0.3927	
29.3302	23.5155	0.8346	2.7778	-0.4014	
29.5834	23.6299	0.7903	2.7778	-0.4102	
29.8422	23.7307	0.7451	2.7778	-0.4189	
30.1061	23.8174	0.699	2.7778	-0.4276	
30.3744	23.8896	0.6521	2.7778	-0.4363	
30.6262	23.9448	0.6085	2.5778	-0.4363	
30.8604	23.9855	0.5683	2.3778	-0.4363	
31.0763	24.0141	0.5315	2.1778	-0.4363	
31.2732	24.0329	0.498	1.9778	-0.4363	
31.4506	24.0439	0.468	1.7778	-0.4363	
31.6083	24.0489	0.4413	1.5778	-0.4363	
31.7461	24.0496	0.418	1.3778	-0.4363	
31.8639	24.0474	0.3981	1.1778	-0.4363	
31.9616	24.0437	0.3816	0.9778	-0.4363	
32.0392	24.0394	0.3684	0.7778	-0.4363	
32.0669	24.0373	0.3637	0.2778	-0.4451	
32.0669	24.0373	0.3637	0.0	-0.4538	
32.0669	24.0373	0.3637	0.0	-0.4625	
32.0669	24.0373	0.3637	0.0	-0.4712	
32.0669	24.0373	0.3637	0.0	-0.48	
32.0669	24.0373	0.3637	0.0	-0.4887	
32.0669	24.0373	0.3637	0.0	-0.4974	
32.0669	24.0373	0.3637	0.0	-0.5061	
32.0669	24.0373	0.3637	0.0	-0.5149	
32.0669	24.0373	0.3637	0.0	-0.5236	
32.0768	24.0358	0.3617	0.1	-0.5149	
32.0966	24.0329	0.3578	0.2	-0.5061	
32.1263	24.0287	0.3521	0.3	-0.4974	
32.1659	24.0233	0.3446	0.4	-0.4887	
32.2155	24.0165	0.3353	0.5	-0.48	
32.2749	24.0084	0.3244	0.6	-0.4712	
32.3443	23.9988	0.3119	0.7	-0.4625	
32.4235	23.9875	0.2979	0.8	-0.4538	
32.5125	23.9743	0.2824	0.9	-0.4451	
32.6113	23.9589	0.2655	1.0	-0.4363	
32.6606	23.9504	0.2571	0.5	-0.4363	
32.6606	23.9504	0.2571	0.0	-0.4363	
32.6606	23.9504	0.2571	0.0	-0.4363	
32.6606	23.9504	0.2571	0.0	-0.4363	
32.6606	23.9504	0.2571	0.0	-0.4363	
32.6606	23.9504	0.2571	0.0	-0.4363	
32.6606	23.9504	0.2571	0.0	-0.4363	
32.6606	23.9504	0.2571	0.0	-0.4363	
32.6606	23.9504	0.2571	0.0	-0.4363	
32.6606	23.9504	0.2571	0.0	-0.4363	
32.6606	23.9504	0.2571	0.0	-0.4276	
32.6606	23.9504	0.2571	0.0	-0.4189	
32.6606	23.9504	0.2571	0.0	-0.4102	
32.6606	23.9504	0.2571	0.0	-0.4014	
32.6606	23.9504	0.2571	0.0	-0.3927	
32.6606	23.9504	0.2571	0.0	-0.384	
32.6606	23.9504	0.2571	0.0	-0.3752	
32.6606	23.9504	0.2571	0.0	-0.3665	
32.6606	23.9504	0.2571	0.0	-0.3578	
32.6606	23.9504	0.2571	0.0	-0.3491	
32.6606	23.9504	0.2571	0.0	-0.3578	
32.6606	23.9504	0.2571	0.0	-0.3665	
32.6606	23.9504	0.2571	0.0	-0.3752	
32.6606	23.9504	0.2571	0.0	-0.384	
32.6606	23.9504	0.2571	0.0	-0.3927	
32.6606	23.9504	0.2571	0.0	-0.4014	
32.6606	23.9504	0.2571	0.0	-0.4102	
32.6606	23.9504	0.2571	0.0	-0.4189	
32.6606	23.9504	0.2571	0.0	-0.4276	
32.6606	23.9504	0.2571	0.0	-0.4363	
-1
48.9987	31.1444	1.5713	1.4444	0.0087	
48.997	31.2389	1.572	0.9444	0.0175	
48.9958	31.2833	1.5724	0.4444	0.0262	
48.9958	31.2833	1.5724	0.0	0.0349	
48.9958	31.2833	1.5724	0.0	0.0436	
48.9958	31.2833	1.5724	0.0	0.0524	
48.9958	31.2833	1.5724	0.0	0.0611	
48.9958	31.2833	1.5724	0.0	0.0698	
48.9958	31.2833	1.5724	0.0	0.0785	
48.9958	31.2833	1.5724	0.0	0.0873	
48.9958	31.2833	1.5724	0.0	0.0785	
48.9958	31.2833	1.5724	0.0	0.0698	
48.9958	31.2833	1.5724	0.0	0.0611	
48.9958	31.2833	1.5724	0.0	0.0524	
48.9958	31.2833	1.5724	0.0	0.0436	
48.9958	31.2833	1.5724	0.0	0.0349	
48.9958	31.2833	1.5724	0.0	0.0262	
48.9958	31.2833	1.5724	0.0	0.0175	
48.9958	31.2833	1.5724	0.0	0.0087	
48.9958	31.2833	1.5724	0.0	0.0	
48.9958	31.2833	1.5724	0.0	0.0087	
48.9958	31.2833	1.5724	0.0	0.0175	
48.9958	31.2833	1.5724	0.0	0.0262	
48.9958	31.2833	1.5724	0.0	0.0349	
48.9958	31.2833	1.5724	0.0	0.0436	
48.9958	31.2833	1.5724	0.0	0.0524	
48.9958	31.2833	1.5724	0.0	0.0611	
48.9958	31.2833	1.5724	0.0	0.0698	
48.9958	31.2833	1.5724	0.0	0.0785	
48.9958	31.2833	1.5724	0.0	0.0873	
48.991	31.3331	1.5743	0.5	0.096	
48.9801	31.4325	1.5785	1.0	0.1047	
48.962	31.5814	1.5853	1.5	0.1134	
48.9348	31.7795	1.5951	2.0	0.1222	
48.8961	32.0265	1.6081	2.5	0.1309	
48.8472	32.2999	1.6236	2.7778	0.1396	
48.7917	32.5721	1.64	2.7778	0.1484	
48.7294	32.8428	1.6574	2.7778	0.1571	
48.66	33.1118	1.6757	2.7778	0.1658	
48.5834	33.3788	1.695	2.7778	0.1745	
48.504	33.645	1.7134	2.7778	0.1658	
48.422	33.9104	1.7307	2.7778	0.1571	
48.3377	34.1751	1.7472	2.7778	0.1484	
48.2514	34.4391	1.7626	2.7778	0.1396	
48.1633	34.7025	1.7771	2.7778	0.1309	
48.0737	34.9654	1.7907	2.7778	0.1222	
47.9828	35.2279	1.8032	2.7778	0.1134	
47.8909	35.4901	1.8149	2.7778	0.1047	
47.7982	35.7519	1.8255	2.7778	0.096	
47.7051	36.0136	1.8352	2.7778	0.0873	
47.6071	36.2736	1.8458	2.7778	0.096	
47.5042	36.5315	1.8575	2.7778	0.1047	
47.396	36.7874	1.87	2.7778	0.1134	
47.2823	37.0409	1.8836	2.7778	0.1222	
47.1631	37.2917	1.8981	2.7778	0.1309	
47.038	37.5398	1.9135	2.7778	0.1396	
46.907	37.7847	1.93	2.7778	0.1484	
46.7699	38.0263	1.9474	2.7778	0.1571	
46.6266	38.2642	1.9657	2.7778	0.1658	
46.4768	38.4982	1.985	2.7778	0.1745	
46.3246	38.7305	2.0033	2.7778	0.1658	
46.1701	38.9614	2.0207	2.7778	0.1571	
46.0137	39.1909	2.0371	2.7778	0.1484	
45.8555	39.4193	2.0526	2.7778	0.1396	
45.6957	39.6465	2.0671	2.7778	0.1309	
45.5347	39.8728	2.0806	2.7778	0.1222	
45.3725	40.0984	2.0932	2.7778	0.1134	
45.2095	40.3233	2.1048	2.7778	0.1047	
45.0459	40.5477	2.1155	2.7778	0.096	
44.8818	40.7719	2.1252	2.7778	0.0873	
44.7411	40.9636	2.1326	2.3778	0.0785	
44.6243	41.1232	2.1381	1.9778	0.0698	
44.5316	41.2509	2.142	1.5778	0.0611	
44.4628	41.3465	2.1445	1.1778	0.0524	
44.4178	41.4099	2.1458	0.7778	0.0436	
44.3962	41.4409	2.1463	0.3778	0.0349	
44.3962	41.4409	2.1463	0.0	0.0262	
44.3962	41.4409	2.1463	0.0	0.0175	
44.3962	41.4409	2.1463	0.0	0.0087	
44.3962	41.4409	2.1463	0.0	0.0	
44.3962	41.4409	2.1463	0.0	0.0	
44.3962	41.4409	2.1463	0.0	0.0	
44.3962	41.4409	2.1463	0.0	0.0	
44.3962	41.4409	2.1463	0.0	0.0	
44.3962	41.4409	2.1463	0.0	0.0	
44.3962	41.4409	2.1463	0.0	0.0	
44.3962	41.4409	2.1463	0.0	0.0	
44.3962	41.4409	2.1463	0.0	0.0	
44.3962	41.4409	2.1463	0.0	0.0	
44.3962	41.4409	2.1463	0.0	0.0	
44.3962	41.4409	2.1463	0.0	0.0087	
44.3962	41.4409	2.1463	0.0	0.0175	
44.3962	41.4409	2.1463	0.0	0.0262	
44.3962	41.4409	2.1463	0.0	0.0349	
44.3962	41.4409	2.1463	0.0	0.0436	
44.3962	41.4409	2.1463	0.0	0.0524	
44.3962	41.4409	2.1463	0.0	0.0611	
44.3962	41.4409	2.1463	0.0	0.0698	
44.3962	41.4409	2.1463	0.0	0.0785	
44.3962	41.4409	2.1463	0.0	0.0873	
44.3962	41.4409	2.1463	0.0	0.096	
44.3962	41.4409	2.1463	0.0	0.1047	
44.3962	41.4409	2.1463	0.0	0.1134	
44.3962	41.4409	2.1463	0.0	0.1222	
44.3962	41.4409	2.1463	0.0	0.1309	
44.3962	41.4409	2.1463	0.0	0.1396	
44.3962	41.4409	2.1463	0.0	0.1484	
44.3962	41.4409	2.1463	0.0	0.1571	
44.3962	41.4409	2.1463	0.0	0.1658	
44.3962	41.4409	2.1463	0.0	0.1745	
44.3893	41.4481	2.1471	0.1	0.1833	
44.3754	41.4625	2.1486	0.2	0.192	
44.3543	41.4839	2.151	0.3	0.2007	
44.3259	41.512	2.1543	0.4	0.2094	
44.29	41.5468	2.1586	0.5	0.2182	
44.2463	41.588	2.164	0.6	0.2269	
44.1947	41.6353	2.1706	0.7	0.2356	
44.1349	41.6884	2.1783	0.8	0.2443	
44.0667	41.7471	2.1873	0.9	0.2531	
43.9897	41.8109	2.1977	1.0	0.2618	
43.9199	41.8677	2.207	0.9	0.2618	
43.8573	41.9175	2.2153	0.8	0.2618	
43.8022	41.9607	2.2225	0.7	0.2618	
43.7547	41.9973	2.2287	0.6	0.2618	
43.7149	42.0276	2.2339	0.5	0.2618	
43.683	42.0517	2.2381	0.4	0.2618	
43.6589	42.0697	2.2412	0.3	0.2618	
43.6429	42.0816	2.2432	0.2	0.2618	
43.6348	42.0875	2.2443	0.1	0.2618	
43.6348	42.0875	2.2443	0.0	0.2618	
43.6107	42.1054	2.2474	0.3	0.2618	
43.5623	42.1408	2.2536	0.6	0.2618	
43.4894	42.1936	2.2629	0.9	0.2618	
43.3915	42.263	2.2753	1.2	0.2618	
43.2681	42.3482	2.2909	1.5	0.2618	
43.1184	42.4482	2.3095	1.8	0.2618	
42.9416	42.5616	2.3312	2.1	0.2618	
42.7368	42.6867	2.3561	2.4	0.2618	
42.503	42.8218	2.384	2.7	0.2618	
42.2587	42.9539	2.4128	2.7778	0.2618	
42.0384	43.0674	2.4376	2.4778	0.2531	
41.8433	43.164	2.4587	2.1778	0.2443	
41.6739	43.2452	2.4762	1.8778	0.2356	
41.5311	43.3122	2.4904	1.5778	0.2269	
41.4151	43.3658	2.5015	1.2778	0.2182	
41.3263	43.4066	2.5096	0.9778	0.2094	
41.2647	43.435	2.515	0.6778	0.2007	
41.2304	43.4509	2.5179	0.3778	0.192	
41.2234	43.4542	2.5185	0.0778	0.1833	
41.2234	43.4542	2.5185	0.0	0.1745	
41.2234	43.4542	2.5185	0.0	0.1745	
41.2234	43.4542	2.5185	0.0	0.1745	
41.2234	43.4542	2.5185	0.0	0.1745	
41.2234	43.4542	2.5185	0.0	0.1745	
41.2234	43.4542	2.5185	0.0	0.1745	
41.2234	43.4542	2.5185	0.0	0.1745	
41.2234	43.4542	2.5185	0.0	0.1745	
41.2234	43.4542	2.5185	0.0	0.1745	
41.2234	43.4542	2.5185	0.0	0.1745	
41.2234	43.4542	2.5185	0.0	0.1745	
41.2054	43.463	2.5198	0.2	0.1658	
41.1697	43.4809	2.5223	0.4	0.1571	
41.1162	43.5082	2.5258	0.6	0.1484	
41.0451	43.5448	2.5303	0.8	0.1396	
40.9564	43.591	2.5355	1.0	0.1309	
40.8502	43.6469	2.5414	1.2	0.1222	
40.7265	43.7124	2.5477	1.4	0.1134	
40.5852	43.7875	2.5544	1.6	0.1047	
40.4265	43.8725	2.5613	1.8	0.096	
40.2503	43.9671	2.5683	2.0	0.0873	
40.0479	44.0763	2.5755	2.3	0.0785	
39.8193	44.2001	2.5827	2.6	0.0698	
39.5752	44.3328	2.5895	2.7778	0.0611	
39.3314	44.4659	2.5953	2.7778	0.0524	
39.088	44.5997	2.6002	2.7778	0.0436	
38.8451	44.7344	2.6041	2.7778	0.0349	
38.6028	44.8704	2.607	2.7778	0.0262	
38.3614	45.0077	2.6089	2.7778	0.0175	
38.1209	45.1467	2.6099	2.7778	0.0087	
37.8815	45.2875	2.6099	2.7778	0.0	
37.6408	45.4263	2.6108	2.7778	0.0087	
37.3988	45.5627	2.6128	2.7778	0.0175	
37.1554	45.6965	2.6157	2.7778	0.0262	
36.9104	45.8274	2.6196	2.7778	0.0349	
36.6638	45.9553	2.6244	2.7778	0.0436	
36.4155	46.0798	2.6302	2.7778	0.0524	
36.1654	46.2007	2.637	2.7778	0.0611	
35.9135	46.3177	2.6448	2.7778	0.0698	
35.6597	46.4306	2.6535	2.7778	0.0785	
35.4039	46.5389	2.6632	2.7778	0.0873	
35.1481	46.6471	2.6719	2.7778	0.0785	
34.8922	46.7552	2.6796	2.7778	0.0698	
34.6364	46.8636	2.6864	2.7778	0.0611	
34.3809	46.9725	2.6922	2.7778	0.0524	
34.1257	47.0821	2.6971	2.7778	0.0436	
33.8709	47.1928	2.701	2.7778	0.0349	
33.6166	47.3046	2.7039	2.7778	0.0262	
33.363	47.418	2.7058	2.7778	0.0175	
33.1102	47.533	2.7068	2.7778	0.0087	
32.8582	47.65	2.7068	2.7778	0.0	
32.6426	47.7502	2.7068	2.3778	0.0	
32.4632	47.8335	2.7068	1.9778	0.0	
32.3201	47.9	2.7068	1.5778	0.0	
32.2133	47.9496	2.7068	1.1778	0.0	
32.1428	47.9823	2.7068	0.7778	0.0	
32.1085	47.9983	2.7068	0.3778	0.0	
32.1085	47.9983	2.7068	0.0	0.0	
32.1085	47.9983	2.7068	0.0	0.0	
32.1085	47.9983	2.7068	0.0	0.0	
32.1085	47.9983	2.7068	0.0	0.0	
32.0994	48.0024	2.7068	0.1	0.0087	
32.0811	48.0105	2.707	0.2	0.0175	
32.0536	48.0224	2.7073	0.3	0.0262	
32.0167	48.038	2.7078	0.4	0.0349	
31.9705	48.057	2.7087	0.5	0.0436	
31.9148	48.0793	2.71	0.6	0.0524	
31.8495	48.1046	2.7117	0.7	0.0611	
31.7747	48.1328	2.7139	0.8	0.0698	
31.6901	48.1636	2.7167	0.9	0.0785	
31.5957	48.1967	2.7202	1.0	0.0873	
31.5392	48.2169	2.7221	0.6	0.0785	
31.5204	48.2237	2.7226	0.2	0.0698	
31.5204	48.2237	2.7226	0.0	0.0611	
31.5204	48.2237	2.7226	0.0	0.0524	
31.5204	48.2237	2.7226	0.0	0.0436	
31.5204	48.2237	2.7226	0.0	0.0349	
31.5204	48.2237	2.7226	0.0	0.0262	
31.5204	48.2237	2.7226	0.0	0.0175	
31.5204	48.2237	2.7226	0.0	0.0087	
31.5204	48.2237	2.7226	0.0	0.0	
31.5204	48.2237	2.7226	0.0	-0.0087	
31.5204	48.2237	2.7226	0.0	-0.0175	
31.5204	48.2237	2.7226	0.0	-0.0262	
31.5204	48.2237	2.7226	0.0	-0.0349	
31.5204	48.2237	2.7226	0.0	-0.0436	
31.5204	48.2237	2.7226	0.0	-0.0524	
31.5204	48.2237	2.7226	0.0	-0.0611	
31.5204	48.2237	2.7226	0.0	-0.0698	
31.5204	48.2237	2.7226	0.0	-0.0785	
31.5204	48.2237	2.7226	0.0	-0.0873	
31.5204	48.2237	2.7226	0.0	-0.096	
31.5204	48.2237	2.7226	0.0	-0.1047	
31.5204	48.2237	2.7226	0.0	-0.1134	
31.5204	48.2237	2.7226	0.0	-0.1222	
31.5204	48.2237	2.7226	0.0	-0.1309	
31.5204	48.2237	2.7226	0.0	-0.1396	
31.5204	48.2237	2.7226	0.0	-0.1484	
31.5204	48.2237	2.7226	0.0	-0.1571	
31.5204	48.2237	2.7226	0.0	-0.1658	
31.5204	48.2237	2.7226	0.0	-0.1745	
31.5204	48.2237	2.7226	0.0	-0.1658	
31.5204	48.2237	2.7226	0.0	-0.1571	
31.5204	48.2237	2.7226	0.0	-0.1484	
31.5204	48.2237	2.7226	0.0	-0.1396	
31.5204	48.2237	2.7226	0.0	-0.1309	
31.5204	48.2237	2.7226	0.0	-0.1222	
31.5204	48.2237	2.7226	0.0	-0.1134	
31.5204	48.2237	2.7226	0.0	-0.1047	
31.5204	48.2237	2.7226	0.0	-0.096	
31.5204	48.2237	2.7226	0.0	-0.0873	
31.5204	48.2237	2.7226	0.0	-0.096	
31.5204	48.2237	2.7226	0.0	-0.1047	
31.5204	48.2237	2.7226	0.0	-0.1134	
31.5204	48.2237	2.7226	0.0	-0.1222	
31.5204	48.2237	2.7226	0.0	-0.1309	
31.5204	48.2237	2.7226	0.0	-0.1396	
31.5204	48.2237	2.7226	0.0	-0.1484	
31.5204	48.2237	2.7226	0.0	-0.1571	
31.5204	48.2237	2.7226	0.0	-0.1658	
31.5204	48.2237	2.7226	0.0	-0.1745	
31.5204	48.2237	2.7226	0.0	-0.1745	
31.5204	48.2237	2.7226	0.0	-0.1745	
31.5204	48.2237	2.7226	0.0	-0.1745	
31.5204	48.2237	2.7226	0.0	-0.1745	
31.5204	48.2237	2.7226	0.0	-0.1745	
31.5204	48.2237	2.7226	0.0	-0.1745	
31.5204	48.2237	2.7226	0.0	-0.1745	
31.5204	48.2237	2.7226	0.0	-0.1745	
31.5204	48.2237	2.7226	0.0	-0.1745	
31.5204	48.2237	2.7226	0.0	-0.1745	
31.479	48.2517	2.7192	0.5	-0.1745	
31.3963	48.3079	2.7122	1.0	-0.1745	
31.2728	48.3931	2.7018	1.5	-0.1745	
31.1094	48.5084	2.6879	2.0	-0.1745	
30.9071	48.6553	2.6706	2.5	-0.1745	
30.6852	48.8224	2.6513	2.7778	-0.1745	
30.4666	48.9938	2.632	2.7778	-0.1745	
30.2514	49.1694	2.6127	2.7778	-0.1745	
30.0395	49.349	2.5934	2.7778	-0.1745	
29.8312	49.5328	2.5741	2.7778	-0.1745	
29.6646	49.6882	2.5575	2.2778	-0.1833	
29.5378	49.8127	2.5439	1.7778	-0.192	
29.4486	49.9042	2.5337	1.2778	-0.2007	
29.3954	49.9609	2.5273	0.7778	-0.2094	
29.3767	49.9815	2.5248	0.2778	-0.2182	
29.3767	49.9815	2.5248	0.0	-0.2269	
29.3767	49.9815	2.5248	0.0	-0.2356	
29.3767	49.9815	2.5248	0.0	-0.2443	
29.3767	49.9815	2.5248	0.0	-0.2531	
29.3767	49.9815	2.5248	0.0	-0.2618	
29.3448	50.02	2.5197	0.5	-0.2618	
29.2813	50.0973	2.5093	1.0	-0.2618	
29.1874	50.2142	2.4938	1.5	-0.2618	
29.0646	50.3721	2.4731	2.0	-0.2618	
28.9152	50.5725	2.4472	2.5	-0.2618	
28.755	50.7995	2.4184	2.7778	-0.2618	
28.6014	51.0309	2.3897	2.7778	-0.2618	
28.4546	51.2667	2.3609	2.7778	-0.2618	
28.3145	51.5066	2.3322	2.7778	-0.2618	
28.1815	51.7504	2.3034	2.7778	-0.2618	
28.0533	51.9969	2.2756	2.7778	-0.2531	
27.9299	52.2457	2.2487	2.7778	-0.2443	
27.811	52.4968	2.2228	2.7778	-0.2356	
27.6964	52.7498	2.1978	2.7778	-0.2269	
27.586	53.0047	2.1737	2.7778	-0.2182	
27.4795	53.2613	2.1506	2.7778	-0.2094	
27.3767	53.5193	2.1285	2.7778	-0.2007	
27.2774	53.7787	2.1073	2.7778	-0.192	
27.1813	54.0394	2.087	2.7778	-0.1833	
27.0882	54.3011	2.0677	2.7778	-0.1745	
27.0025	54.5653	2.0475	2.7778	-0.1833	
26.9245	54.8319	2.0263	2.7778	-0.192	
26.8545	55.1007	2.0041	2.7778	-0.2007	
26.7928	55.3716	1.981	2.7778	-0.2094	
26.7398	55.6442	1.957	2.7778	-0.2182	
26.6957	55.9185	1.932	2.7778	-0.2269	
6	47	4.7124	2.7778	-0.2356	
5.9328	46.7305	-1.5977	2.7778	-0.2443	
5.856	46.4635	-1.6255	2.7778	-0.2531	
5.7696	46.1995	-1.6543	2.7778	-0.2618	
5.6733	45.939	-1.6839	2.7778	-0.2705	
5.5671	45.6823	-1.7146	2.7778	-0.2793	
5.4508	45.43	-1.7461	2.7778	-0.288	
5.3245	45.1826	-1.7786	2.7778	-0.2967	
5.1881	44.9406	-1.812	2.7778	-0.3054	
5.0417	44.7046	-1.8464	2.7778	-0.3142	
4.8852	44.4751	-1.8816	2.7778	-0.3229	
4.7188	44.2527	-1.9178	2.7778	-0.3316	
4.5425	44.038	-1.9549	2.7778	-0.3403	
4.3566	43.8316	-1.9929	2.7778	-0.3491	
4.1683	43.6412	-2.0304	2.6778	-0.3578	
92	47	4.7124	2.5778	-0.3665	
91.9092	46.7695	-1.6071	2.4778	-0.3752	
91.8122	46.5524	-1.6427	2.3778	-0.384	
91.7101	46.3488	-1.6776	2.2778	-0.3927	
91.6041	46.1585	-1.7117	2.1778	-0.4014	
91.4953	45.9815	-1.7448	2.0778	-0.4102	
91.3848	45.8175	-1.777	1.9778	-0.4189	
91.2736	45.6661	-1.8081	1.8778	-0.4276	
91.1627	45.5272	-1.8382	1.7778	-0.4363	
91.0489	45.3907	-1.8677	1.7778	-0.4276	
90.9322	45.2565	-1.8966	1.7778	-0.4189	
90.8129	45.1247	-1.9249	1.7778	-0.4102	
90.691	44.9953	-1.9527	1.7778	-0.4014	
90.5666	44.8683	-1.9799	1.7778	-0.3927	
90.44	44.7435	-2.0066	1.7778	-0.384	
90.3111	44.6211	-2.0326	1.7778	-0.3752	
90.1801	44.5009	-2.0581	1.7778	-0.3665	
90.0471	44.3829	-2.083	1.7778	-0.3578	
89.9122	44.2671	-2.1073	1.7778	-0.3491	
89.7909	44.1662	-2.1284	1.5778	-0.3403	
89.6839	44.0794	-2.1464	1.3778	-0.3316	
89.5918	44.006	-2.1613	1.1778	-0.3229	
89.5149	43.9456	-2.1734	0.9778	-0.3142	
89.4536	43.8978	-2.1827	0.7778	-0.3054	
89.408	43.8622	-2.1895	0.5778	-0.2967	
89.3783	43.839	-2.1938	0.3778	-0.288	
89.3643	43.8279	-2.1958	0.1778	-0.2793	
89.3643	43.8279	-2.1958	0.0	-0.2705	
89.3643	43.8279	-2.1958	0.0	-0.2618	
89.3411	43.809	-2.1989	0.3	-0.2618	
89.2945	43.7712	-2.2051	0.6	-0.2618	
89.2242	43.715	-2.2144	0.9	-0.2618	
89.1298	43.6409	-2.2268	1.2	-0.2618	
89.0106	43.5498	-2.2423	1.5	-0.2618	
88.866	43.4427	-2.261	1.8	-0.2618	
88.6949	43.3208	-2.2827	2.1	-0.2618	
88.4964	43.1859	-2.3076	2.4	-0.2618	
88.2695	43.0397	-2.3355	2.7	-0.2618	
88.0318	42.8959	-2.3643	2.7778	-0.2618	
87.8327	42.7853	-2.3886	2.2778	-0.2705	
87.6745	42.7042	-2.4082	1.7778	-0.2793	
87.5592	42.6492	-2.4227	1.2778	-0.288	
87.4882	42.6173	-2.4318	0.7778	-0.2967	
87.4627	42.6064	-2.4352	0.2778	-0.3054	
87.4627	42.6064	-2.4352	0.0	-0.3142	
87.4627	42.6064	-2.4352	0.0	-0.3229	
87.4627	42.6064	-2.4352	0.0	-0.3316	
87.4627	42.6064	-2.4352	0.0	-0.3403	
87.4627	42.6064	-2.4352	0.0	-0.3491	
87.4627	42.6064	-2.4352	0.0	-0.3491	
87.4627	42.6064	-2.4352	0.0	-0.3491	
87.4627	42.6064	-2.4352	0.0	-0.3491	
87.4627	42.6064	-2.4352	0.0	-0.3491	
87.4627	42.6064	-2.4352	0.0	-0.3491	
87.4627	42.6064	-2.4352	0.0	-0.3491	
87.4627	42.6064	-2.4352	0.0	-0.3491	
87.4627	42.6064	-2.4352	0.0	-0.3491	
87.4627	42.6064	-2.4352	0.0	-0.3491	
87.4627	42.6064	-2.4352	0.0	-0.3491	
-1
45.9111	38.0008	3.1413	0.8889	-0.0087	
45.8722	38.0015	3.141	0.3889	-0.0175	
45.8722	38.0015	3.141	0.0	-0.0262	
45.8722	38.0015	3.141	0.0	-0.0349	
45.8722	38.0015	3.141	0.0	-0.0436	
45.8722	38.0015	3.141	0.0	-0.0524	
45.8722	38.0015	3.141	0.0	-0.0611	
45.8722	38.0015	3.141	0.0	-0.0698	
45.8722	38.0015	3.141	0.0	-0.0785	
45.8722	38.0015	3.141	0.0	-0.0873	
45.8423	38.0041	3.14	0.3	-0.0873	
45.7826	38.0094	3.1379	0.6	-0.0873	
45.693	38.0176	3.1347	0.9	-0.0873	
45.5735	38.0289	3.1306	1.2	-0.0873	
45.4242	38.0436	3.1253	1.5	-0.0873	
45.2452	38.0622	3.119	1.8	-0.0873	
45.0364	38.0852	3.1117	2.1	-0.0873	
44.7981	38.1133	3.1034	2.4	-0.0873	
44.5302	38.1471	3.0939	2.7	-0.0873	
44.255	38.1844	3.0843	2.7778	-0.0873	
43.9797	38.2221	3.0755	2.7778	-0.0785	
43.7045	38.2597	3.0678	2.7778	-0.0698	
43.4293	38.297	3.061	2.7778	-0.0611	
43.1539	38.3338	3.0552	2.7778	-0.0524	
42.8785	38.3699	3.0503	2.7778	-0.0436	
42.6029	38.4048	3.0465	2.7778	-0.0349	
42.3272	38.4384	3.0436	2.7778	-0.0262	
42.0513	38.4704	3.0416	2.7778	-0.0175	
41.7751	38.5006	3.0407	2.7778	-0.0087	
41.4988	38.5286	3.0407	2.7778	0.0	
41.2724	38.5535	3.0399	2.2778	-0.0087	
41.0958	38.5746	3.0386	1.7778	-0.0175	
40.9691	38.5911	3.0373	1.2778	-0.0262	
40.8921	38.6019	3.0362	0.7778	-0.0349	
40.8646	38.606	3.0357	0.2778	-0.0436	
40.8646	38.606	3.0357	0.0	-0.0524	
40.8646	38.606	3.0357	0.0	-0.0611	
40.8646	38.606	3.0357	0.0	-0.0698	
40.8646	38.606	3.0357	0.0	-0.0785	
40.8646	38.606	3.0357	0.0	-0.0873	
40.8646	38.606	3.0357	0.0	-0.0873	
40.8646	38.606	3.0357	0.0	-0.0873	
40.8646	38.606	3.0357	0.0	-0.0873	
40.8646	38.606	3.0357	0.0	-0.0873	
40.8646	38.606	3.0357	0.0	-0.0873	
40.8646	38.606	3.0357	0.0	-0.0873	
40.8646	38.606	3.0357	0.0	-0.0873	
40.8646	38.606	3.0357	0.0	-0.0873	
40.8646	38.606	3.0357	0.0	-0.0873	
40.8646	38.606	3.0357	0.0	-0.0873	
40.8646	38.606	3.0357	0.0	-0.0873	
40.8646	38.606	3.0357	0.0	-0.0873	
40.8646	38.606	3.0357	0.0	-0.0873	
40.8646	38.606	3.0357	0.0	-0.0873	
40.8646	38.606	3.0357	0.0	-0.0873	
40.8646	38.606	3.0357	0.0	-0.0873	
40.8646	38.606	3.0357	0.0	-0.0873	
40.8646	38.606	3.0357	0.0	-0.0873	
40.8646	38.606	3.0357	0.0	-0.0873	
40.8646	38.606	3.0357	0.0	-0.0873	
40.8646	38.606	3.0357	0.0	-0.096	
40.8646	38.606	3.0357	0.0	-0.1047	
40.8646	38.606	3.0357	0.0	-0.1134	
40.8646	38.606	3.0357	0.0	-0.1222	
40.8646	38.606	3.0357	0.0	-0.1309	
40.8646	38.606	3.0357	0.0	-0.1396	
40.8646	38.606	3.0357	0.0	-0.1484	
40.8646	38.606	3.0357	0.0	-0.1571	
40.8646	38.606	3.0357	0.0	-0.1658	
40.8646	38.606	3.0357	0.0	-0.1745	
40.8263	38.6174	3.0328	0.4	-0.1833	
40.7499	38.6411	3.0267	0.8	-0.192	
40.6358	38.6784	3.0171	1.2	-0.2007	
40.4847	38.7308	3.0038	1.6	-0.2094	
40.2972	38.8005	2.9865	2.0	-0.2182	
40.0745	38.89	2.9649	2.4	-0.2269	
39.82	39.0013	2.939	2.7778	-0.2356	
39.5695	39.1213	2.9121	2.7778	-0.2443	
39.3234	39.2502	2.8843	2.7778	-0.2531	
39.0823	39.3881	2.8555	2.7778	-0.2618	
38.8451	39.5327	2.8267	2.7778	-0.2618	
38.6123	39.6842	2.798	2.7778	-0.2618	
38.3839	39.8423	2.7692	2.7778	-0.2618	
38.1601	40.0069	2.7405	2.7778	-0.2618	
37.9412	40.1778	2.7117	2.7778	-0.2618	
37.7272	40.355	2.683	2.7778	-0.2618	
37.5185	40.5382	2.6542	2.7778	-0.2618	
37.3151	40.7274	2.6254	2.7778	-0.2618	
37.1172	40.9224	2.5967	2.7778	-0.2618	
36.925	41.1229	2.5679	2.7778	-0.2618	
36.7572	41.3052	2.5431	2.4778	-0.2531	
36.6123	41.4678	2.522	2.1778	-0.2443	
36.4891	41.6095	2.5045	1.8778	-0.2356	
36.3866	41.7295	2.4903	1.5778	-0.2269	
36.3042	41.8271	2.4792	1.2778	-0.2182	
36.2413	41.902	2.4711	0.9778	-0.2094	
36.1976	41.9538	2.4657	0.6778	-0.2007	
36.1732	41.9826	2.4628	0.3778	-0.192	
36.1681	41.9885	2.4623	0.0778	-0.1833	
36.1681	41.9885	2.4623	0.0	-0.1745	
36.1681	41.9885	2.4623	0.0	-0.1658	
36.1681	41.9885	2.4623	0.0	-0.1571	
36.1681	41.9885	2.4623	0.0	-0.1484	
36.1681	41.9885	2.4623	0.0	-0.1396	
36.1681	41.9885	2.4623	0.0	-0.1309	
36.1681	41.9885	2.4623	0.0	-0.1222	
36.1681	41.9885	2.4623	0.0	-0.1134	
36.1681	41.9885	2.4623	0.0	-0.1047	
36.1681	41.9885	2.4623	0.0	-0.096	
36.1681	41.9885	2.4623	0.0	-0.0873	
36.1681	41.9885	2.4623	0.0	-0.096	
36.1681	41.9885	2.4623	0.0	-0.1047	
36.1681	41.9885	2.4623	0.0	-0.1134	
36.1681	41.9885	2.4623	0.0	-0.1222	
36.1681	41.9885	2.4623	0.0	-0.1309	
36.1681	41.9885	2.4623	0.0	-0.1396	
36.1681	41.9885	2.4623	0.0	-0.1484	
36.1681	41.9885	2.4623	0.0	-0.1571	
36.1681	41.9885	2.4623	0.0	-0.1658	
36.1681	41.9885	2.4623	0.0	-0.1745	
36.1616	41.9961	2.4616	0.1	-0.1745	
36.1484	42.0112	2.4602	0.2	-0.1745	
36.1288	42.0338	2.4581	0.3	-0.1745	
36.1026	42.0641	2.4553	0.4	-0.1745	
36.07	42.102	2.4518	0.5	-0.1745	
36.0311	42.1476	2.4477	0.6	-0.1745	
35.9858	42.2011	2.4428	0.7	-0.1745	
35.9345	42.2624	2.4373	0.8	-0.1745	
35.877	42.3317	2.431	0.9	-0.1745	
35.8137	42.4091	2.4241	1.0	-0.1745	
35.782	42.4477	2.4208	0.5	-0.1658	
35.782	42.4477	2.4208	0.0	-0.1571	
35.782	42.4477	2.4208	0.0	-0.1484	
35.782	42.4477	2.4208	0.0	-0.1396	
35.782	42.4477	2.4208	0.0	-0.1309	
35.782	42.4477	2.4208	0.0	-0.1222	
35.782	42.4477	2.4208	0.0	-0.1134	
35.782	42.4477	2.4208	0.0	-0.1047	
35.782	42.4477	2.4208	0.0	-0.096	
35.782	42.4477	2.4208	0.0	-0.0873	
35.782	42.4477	2.4208	0.0	-0.0785	
35.782	42.4477	2.4208	0.0	-0.0698	
35.782	42.4477	2.4208	0.0	-0.0611	
35.782	42.4477	2.4208	0.0	-0.0524	
35.782	42.4477	2.4208	0.0	-0.0436	
35.782	42.4477	2.4208	0.0	-0.0349	
35.782	42.4477	2.4208	0.0	-0.0262	
35.782	42.4477	2.4208	0.0	-0.0175	
35.782	42.4477	2.4208	0.0	-0.0087	
35.782	42.4477	2.4208	0.0	0.0	
35.782	42.4477	2.4208	0.0	0.0087	
35.782	42.4477	2.4208	0.0	0.0175	
35.782	42.4477	2.4208	0.0	0.0262	
35.782	42.4477	2.4208	0.0	0.0349	
35.782	42.4477	2.4208	0.0	0.0436	
35.782	42.4477	2.4208	0.0	0.0524	
35.782	42.4477	2.4208	0.0	0.0611	
35.782	42.4477	2.4208	0.0	0.0698	
35.782	42.4477	2.4208	0.0	0.0785	
35.782	42.4477	2.4208	0.0	0.0873	
35.758	42.4657	2.4217	0.3	0.0785	
35.7102	42.502	2.4234	0.6	0.0698	
35.6389	42.557	2.4256	0.9	0.0611	
35.5444	42.6309	2.4281	1.2	0.0524	
35.4268	42.724	2.4307	1.5	0.0436	
35.2864	42.8367	2.4332	1.8	0.0349	
35.1234	42.9691	2.4354	2.1	0.0262	
34.9381	43.1216	2.4371	2.4	0.0175	
34.7309	43.2947	2.438	2.7	0.0087	
34.5191	43.4744	2.438	2.7778	0.0	
34.3057	43.6522	2.439	2.7778	0.0087	
34.0906	43.828	2.4409	2.7778	0.0175	
33.8736	44.0015	2.4438	2.7778	0.0262	
33.6547	44.1724	2.4477	2.7778	0.0349	
33.4336	44.3406	2.4526	2.7778	0.0436	
33.2102	44.5057	2.4584	2.7778	0.0524	
32.9845	44.6676	2.4652	2.7778	0.0611	
32.7563	44.8259	2.4729	2.7778	0.0698	
32.5255	44.9805	2.4816	2.7778	0.0785	
32.292	45.131	2.4913	2.7778	0.0873	
32.0656	45.274	2.5007	2.6778	0.0873	
31.8463	45.4095	2.5096	2.5778	0.0873	
31.6344	45.5379	2.5183	2.4778	0.0873	
31.43	45.6593	2.5266	2.3778	0.0873	
31.2332	45.774	2.5345	2.2778	0.0873	
31.0442	45.8822	2.5421	2.1778	0.0873	
30.8631	45.9841	2.5493	2.0778	0.0873	
30.69	46.0797	2.5562	1.9778	0.0873	
30.525	46.1695	2.5628	1.8778	0.0873	
30.3683	46.2534	2.569	1.7778	0.0873	
30.2206	46.3329	2.5743	1.6778	0.0785	
30.0819	46.4082	2.5787	1.5778	0.0698	
29.9524	46.4793	2.5823	1.4778	0.0611	
29.8319	46.5462	2.5851	1.3778	0.0524	
29.7206	46.6089	2.5874	1.2778	0.0436	
29.6183	46.6673	2.589	1.1778	0.0349	
29.5251	46.7215	2.5901	1.0778	0.0262	
29.441	46.7713	2.5908	0.9778	0.0175	
29.3658	46.8165	2.5911	0.8778	0.0087	
29.2995	46.8572	2.5911	0.7778	0.0	
29.2166	46.9091	2.5908	0.9778	-0.0087	
29.1173	46.9725	2.59	1.1778	-0.0175	
29.0019	47.0477	2.5885	1.3778	-0.0262	
28.8706	47.1353	2.5863	1.5778	-0.0349	
28.7238	47.2355	2.5832	1.7778	-0.0436	
28.5618	47.3489	2.5791	1.9778	-0.0524	
28.385	47.4761	2.5738	2.1778	-0.0611	
28.1939	47.6176	2.5671	2.3778	-0.0698	
27.9892	47.7742	2.559	2.5778	-0.0785	
27.7714	47.9467	2.5494	2.7778	-0.0873	
27.5569	48.1231	2.5387	2.7778	-0.096	
27.3458	48.3037	2.5271	2.7778	-0.1047	
27.1384	48.4885	2.5145	2.7778	-0.1134	
26.935	48.6777	2.501	2.7778	-0.1222	
26.7359	48.8714	2.4865	2.7778	-0.1309	
26.5413	49.0696	2.471	2.7778	-0.1396	
26.3516	49.2725	2.4546	2.7778	-0.1484	
26.167	49.4801	2.4372	2.7778	-0.1571	
25.988	49.6924	2.4189	2.7778	-0.1658	
25.8147	49.9096	2.3996	2.7778	-0.1745	
25.6656	50.1075	2.3815	2.4778	-0.1833	
25.5393	50.2849	2.3649	2.1778	-0.192	
25.4343	50.4406	2.3499	1.8778	-0.2007	
25.3492	50.5734	2.3368	1.5778	-0.2094	
25.2827	50.6825	2.3257	1.2778	-0.2182	
25.2334	50.767	2.3169	0.9778	-0.2269	
25.2003	50.8261	2.3106	0.6778	-0.2356	
25.1823	50.8593	2.3069	0.3778	-0.2443	
25.1787	50.8662	2.3062	0.0778	-0.2531	
25.1787	50.8662	2.3062	0.0	-0.2618	
25.165	50.8929	2.3031	0.3	-0.2618	
25.1378	50.9464	2.2969	0.6	-0.2618	
25.0975	51.0269	2.2875	0.9	-0.2618	
25.0448	51.1347	2.2751	1.2	-0.2618	
24.9806	51.2702	2.2596	1.5	-0.2618	
24.906	51.4341	2.2409	1.8	-0.2618	
24.8226	51.6268	2.2192	2.1	-0.2618	
24.7322	51.8491	2.1944	2.4	-0.2618	
24.6366	52.1016	2.1664	2.7	-0.2618	
24.5456	52.3641	2.1376	2.7778	-0.2618	
24.4645	52.6297	2.108	2.7778	-0.2705	
24.3936	52.8983	2.0773	2.7778	-0.2793	
24.3334	53.1695	2.0458	2.7778	-0.288	
24.2841	53.4429	2.0133	2.7778	-0.2967	
24.2462	53.718	1.9799	2.7778	-0.3054	
24.2199	53.9946	1.9455	2.7778	-0.3142	
24.2055	54.272	1.9103	2.7778	-0.3229	
24.2033	54.5497	1.8741	2.7778	-0.3316	
24.2136	54.8273	1.837	2.7778	-0.3403	
24.2365	55.1041	1.799	2.7778	-0.3491	
24.2724	55.3796	1.7601	2.7778	-0.3578	
24.3214	55.653	1.7203	2.7778	-0.3665	
24.3836	55.9238	1.6796	2.7778	-0.3752	
5	32	3.1416	2.7778	-0.384	
4.7434	32.1063	3.0991	2.7778	-0.3927	
4.4925	32.2256	3.0557	2.7778	-0.4014	
4.2482	32.3578	3.0114	2.7778	-0.4102	
4.0113	32.5028	2.9662	2.7778	-0.4189	
88	48	4.7124	2.7778	-0.4276	
87.8826	47.7482	-1.6178	2.7778	-0.4363	
87.7514	47.5034	-1.6656	2.7778	-0.4451	
87.6065	47.2664	-1.7143	2.7778	-0.4538	
87.4483	47.0381	-1.7639	2.7778	-0.4625	
87.2771	46.8194	-1.8143	2.7778	-0.4712	
87.0932	46.6112	-1.8656	2.7778	-0.48	
86.8971	46.4144	-1.9178	2.7778	-0.4887	
86.6895	46.2299	-1.9708	2.7778	-0.4974	
86.4708	46.0586	-2.0247	2.7778	-0.5061	
86.2419	45.9013	-2.0794	2.7778	-0.5149	
86.0034	45.7588	-2.1349	2.7778	-0.5236	
85.7652	45.6365	-2.1893	2.6778	-0.5323	
85.5289	45.5334	-2.2424	2.5778	-0.5411	
85.2961	45.4486	-2.2942	2.4778	-0.5498	
85.0682	45.3809	-2.3446	2.3778	-0.5585	
84.8464	45.329	-2.3936	2.2778	-0.5672	
84.6318	45.2917	-2.441	2.1778	-0.576	
84.4254	45.2677	-2.4869	2.0778	-0.5847	
84.228	45.2556	-2.5311	1.9778	-0.5934	
84.0403	45.254	-2.5736	1.8778	-0.6021	
83.8627	45.2616	-2.6144	1.7778	-0.6109	
83.7053	45.2734	-2.6502	1.5778	-0.6021	
83.5683	45.2875	-2.681	1.3778	-0.5934	
83.4514	45.302	-2.707	1.1778	-0.5847	
83.3546	45.3158	-2.7283	0.9778	-0.576	
83.2777	45.3277	-2.745	0.7778	-0.5672	
83.2207	45.3371	-2.7573	0.5778	-0.5585	
83.1834	45.3433	-2.7652	0.3778	-0.5498	
83.1659	45.3462	-2.7688	0.1778	-0.5411	
83.1659	45.3462	-2.7688	0.0	-0.5323	
83.1659	45.3462	-2.7688	0.0	-0.5236	
83.1659	45.3462	-2.7688	0.0	-0.5236	
83.1659	45.3462	-2.7688	0.0	-0.5236	
83.1659	45.3462	-2.7688	0.0	-0.5236	
83.1659	45.3462	-2.7688	0.0	-0.5236	
83.1659	45.3462	-2.7688	0.0	-0.5236	
83.1659	45.3462	-2.7688	0.0	-0.5236	
83.1659	45.3462	-2.7688	0.0	-0.5236	
83.1659	45.3462	-2.7688	0.0	-0.5236	
83.1659	45.3462	-2.7688	0.0	-0.5236	
83.1659	45.3462	-2.7688	0.0	-0.5236	
83.1659	45.3462	-2.7688	0.0	-0.5323	
83.1659	45.3462	-2.7688	0.0	-0.5411	
83.1659	45.3462	-2.7688	0.0	-0.5498	
83.1659	45.3462	-2.7688	0.0	-0.5585	
83.1659	45.3462	-2.7688	0.0	-0.5672	
83.1659	45.3462	-2.7688	0.0	-0.576	
83.1659	45.3462	-2.7688	0.0	-0.5847	
83.1659	45.3462	-2.7688	0.0	-0.5934	
83.1659	45.3462	-2.7688	0.0	-0.6021	
83.1659	45.3462	-2.7688	0.0	-0.6109	
83.1659	45.3462	-2.7688	0.0	-0.6021	
83.1659	45.3462	-2.7688	0.0	-0.5934	
83.1659	45.3462	-2.7688	0.0	-0.5847	
83.1659	45.3462	-2.7688	0.0	-0.576	
83.1659	45.3462	-2.7688	0.0	-0.5672	
83.1659	45.3462	-2.7688	0.0	-0.5585	
83.1659	45.3462	-2.7688	0.0	-0.5498	
83.1659	45.3462	-2.7688	0.0	-0.5411	
83.1659	45.3462	-2.7688	0.0	-0.5323	
83.1659	45.3462	-2.7688	0.0	-0.5236	
83.1659	45.3462	-2.7688	0.0	-0.5236	
83.1659	45.3462	-2.7688	0.0	-0.5236	
83.1659	45.3462	-2.7688	0.0	-0.5236	
83.1659	45.3462	-2.7688	0.0	-0.5236	
83.1659	45.3462	-2.7688	0.0	-0.5236	
83.1659	45.3462	-2.7688	0.0	-0.5236	
83.1659	45.3462	-2.7688	0.0	-0.5236	
83.1659	45.3462	-2.7688	0.0	-0.5236	
83.1659	45.3462	-2.7688	0.0	-0.5236	
83.1659	45.3462	-2.7688	0.0	-0.5236	
83.1461	45.3492	-2.7728	0.2	-0.5236	
83.1066	45.3554	-2.7808	0.4	-0.5236	
83.0474	45.3651	-2.7928	0.6	-0.5236	
82.9686	45.379	-2.8088	0.8	-0.5236	
82.8704	45.398	-2.8288	1.0	-0.5236	
82.7531	45.4231	-2.8528	1.2	-0.5236	
82.6169	45.4557	-2.8808	1.4	-0.5236	
82.4624	45.4972	-2.9128	1.6	-0.5236	
82.2902	45.5495	-2.9488	1.8	-0.5236	
82.101	45.6145	-2.9888	2.0	-0.5236	
81.9153	45.6886	-3.0294	2.0	-0.5323	
81.7334	45.7718	-3.0706	2.0	-0.5411	
81.5559	45.8639	-3.1124	2.0	-0.5498	
81.3833	45.9649	3.1284	2.0	-0.5585	
81.216	46.0746	3.0854	2.0	-0.5672	
81.0547	46.1928	3.0418	2.0	-0.576	
80.8997	46.3192	2.9977	2.0	-0.5847	
80.7517	46.4537	2.9529	2.0	-0.5934	
80.611	46.5959	2.9076	2.0	-0.6021	
80.4782	46.7455	2.8617	2.0	-0.6109	
80.3227	46.9412	2.8036	2.5	-0.6196	
80.1649	47.1698	2.7383	2.7778	-0.6283	
80.0243	47.4094	2.6722	2.7778	-0.637	
79.9021	47.6588	2.6054	2.7778	-0.6458	
79.799	47.9167	2.5377	2.7778	-0.6545	
79.7159	48.1818	2.4693	2.7778	-0.6632	
79.6535	48.4525	2.4002	2.7778	-0.672	
79.6124	48.7272	2.3302	2.7778	-0.6807	
79.593	49.0043	2.2596	2.7778	-0.6894	
79.5956	49.2821	2.1881	2.7778	-0.6981	
79.6204	49.5587	2.116	2.7778	-0.7069	
79.6675	49.8325	2.0431	2.7778	-0.7156	
79.7368	50.1015	1.9695	2.7778	-0.7243	
79.8279	50.3639	1.8951	2.7778	-0.733	
79.9405	50.6178	1.82	2.7778	-0.7418	
80.074	50.8614	1.7443	2.7778	-0.7505	
80.2276	51.0929	1.6678	2.7778	-0.7592	
80.4003	51.3104	1.5906	2.7778	-0.7679	
80.591	51.5124	1.5127	2.7778	-0.7767	
80.7985	51.6971	1.4342	2.7778	-0.7854	
81.0198	51.8649	1.3556	2.7778	-0.7854	
81.2537	52.0148	1.277	2.7778	-0.7854	
81.4986	52.146	1.1985	2.7778	-0.7854	
81.753	52.2575	1.1199	2.7778	-0.7854	
82.0154	52.3487	1.0413	2.7778	-0.7854	
82.2841	52.419	0.9628	2.7778	-0.7854	
82.5575	52.468	0.8842	2.7778	-0.7854	
82.8339	52.4954	0.8056	2.7778	-0.7854	
83.1117	52.501	0.727	2.7778	-0.7854	
83.389	52.4848	0.6485	2.7778	-0.7854	
83.6446	52.4518	0.5762	2.5778	-0.7767	
83.878	52.4065	0.5101	2.3778	-0.7679	
84.0891	52.3528	0.4502	2.1778	-0.7592	
84.278	52.2943	0.3962	1.9778	-0.7505	
84.4453	52.2341	0.3482	1.7778	-0.7418	
84.5915	52.1749	0.306	1.5778	-0.733	
84.7174	52.1189	0.2694	1.3778	-0.7243	
84.8237	52.0681	0.2385	1.1778	-0.7156	
84.9109	52.024	0.2131	0.9778	-0.7069	
84.9797	51.9877	0.1931	0.7778	-0.6981	
85.0921	51.9269	0.1606	1.2778	-0.6894	
85.2464	51.8385	0.1159	1.7778	-0.6807	
85.4398	51.7183	0.0591	2.2778	-0.672	
85.6684	51.5605	-0.0093	2.7778	-0.6632	
85.8872	51.3894	-0.0769	2.7778	-0.6545	
86.0956	51.2056	-0.1438	2.7778	-0.6458	
86.2929	51.0101	-0.2099	2.7778	-0.637	
86.4787	50.8036	-0.2752	2.7778	-0.6283	
86.6525	50.5869	-0.3397	2.7778	-0.6196	
86.814	50.3609	-0.4034	2.7778	-0.6109	
-1
51.8833	7.999	-3.1412	1.1667	0.0087	
51.8167	7.9978	-3.1407	0.6667	0.0175	
51.8	7.9973	-3.1405	0.1667	0.0262	
51.8	7.9973	-3.1405	0.0	0.0349	
51.8	7.9973	-3.1405	0.0	0.0436	
51.8	7.9973	-3.1405	0.0	0.0524	
51.8	7.9973	-3.1405	0.0	0.0611	
51.8	7.9973	-3.1405	0.0	0.0698	
51.8	7.9973	-3.1405	0.0	0.0785	
51.8	7.9973	-3.1405	0.0	0.0873	
51.8	7.9973	-3.1405	0.0	0.096	
51.8	7.9973	-3.1405	0.0	0.1047	
51.8	7.9973	-3.1405	0.0	0.1134	
51.8	7.9973	-3.1405	0.0	0.1222	
51.8	7.9973	-3.1405	0.0	0.1309	
51.8	7.9973	-3.1405	0.0	0.1396	
51.8	7.9973	-3.1405	0.0	0.1484	
51.8	7.9973	-3.1405	0.0	0.1571	
51.8	7.9973	-3.1405	0.0	0.1658	
51.8	7.9973	-3.1405	0.0	0.1745	
51.8	7.9973	-3.1405	0.0	0.1833	
51.8	7.9973	-3.1405	0.0	0.192	
51.8	7.9973	-3.1405	0.0	0.2007	
51.8	7.9973	-3.1405	0.0	0.2094	
51.8	7.9973	-3.1405	0.0	0.2182	
51.8	7.9973	-3.1405	0.0	0.2269	
51.8	7.9973	-3.1405	0.0	0.2356	
51.8	7.9973	-3.1405	0.0	0.2443	
51.8	7.9973	-3.1405	0.0	0.2531	
51.8	7.9973	-3.1405	0.0	0.2618	
51.8	7.9973	-3.1405	0.0	0.2618	
51.8	7.9973	-3.1405	0.0	0.2618	
51.8	7.9973	-3.1405	0.0	0.2618	
51.8	7.9973	-3.1405	0.0	0.2618	
51.8	7.9973	-3.1405	0.0	0.2618	
51.8	7.9973	-3.1405	0.0	0.2618	
51.8	7.9973	-3.1405	0.0	0.2618	
51.8	7.9973	-3.1405	0.0	0.2618	
51.8	7.9973	-3.1405	0.0	0.2618	
51.8	7.9973	-3.1405	0.0	0.2618	
51.7517	7.9843	-3.1354	0.5	0.2618	
51.6553	7.9579	-3.125	1.0	0.2618	
51.5111	7.9166	-3.1095	1.5	0.2618	
51.3197	7.8587	-3.0888	2.0	0.2618	
51.0819	7.7813	-3.0629	2.5	0.2618	
50.8201	7.6886	-3.0341	2.7778	0.2618	
50.561	7.5883	-3.0054	2.7778	0.2618	
50.305	7.4807	-2.9766	2.7778	0.2618	
50.0521	7.3657	-2.9479	2.7778	0.2618	
49.8027	7.2435	-2.9191	2.7778	0.2618	
49.5824	7.13	-2.8943	2.4778	0.2531	
49.3904	7.0272	-2.8732	2.1778	0.2443	
49.226	6.9366	-2.8557	1.8778	0.2356	
49.0885	6.8591	-2.8415	1.5778	0.2269	
48.9775	6.7958	-2.8304	1.2778	0.2182	
48.8927	6.7472	-2.8223	0.9778	0.2094	
48.8338	6.7135	-2.8169	0.6778	0.2007	
48.801	6.6949	-2.814	0.3778	0.192	
48.7942	6.6911	-2.8134	0.0778	0.1833	
48.7942	6.6911	-2.8134	0.0	0.1745	
48.7942	6.6911	-2.8134	0.0	0.1833	
48.7942	6.6911	-2.8134	0.0	0.192	
48.7942	6.6911	-2.8134	0.0	0.2007	
48.7942	6.6911	-2.8134	0.0	0.2094	
48.7942	6.6911	-2.8134	0.0	0.2182	
48.7942	6.6911	-2.8134	0.0	0.2269	
48.7942	6.6911	-2.8134	0.0	0.2356	
48.7942	6.6911	-2.8134	0.0	0.2443	
48.7942	6.6911	-2.8134	0.0	0.2531	
48.7942	6.6911	-2.8134	0.0	0.2618	
48.7942	6.6911	-2.8134	0.0	0.2531	
48.7942	6.6911	-2.8134	0.0	0.2443	
48.7942	6.6911	-2.8134	0.0	0.2356	
48.7942	6.6911	-2.8134	0.0	0.2269	
48.7942	6.6911	-2.8134	0.0	0.2182	
48.7942	6.6911	-2.8134	0.0	0.2094	
48.7942	6.6911	-2.8134	0.0	0.2007	
48.7942	6.6911	-2.8134	0.0	0.192	
48.7942	6.6911	-2.8134	0.0	0.1833	
48.7942	6.6911	-2.8134	0.0	0.1745	
48.7942	6.6911	-2.8134	0.0	0.1745	
48.7942	6.6911	-2.8134	0.0	0.1745	
48.7942	6.6911	-2.8134	0.0	0.1745	
48.7942	6.6911	-2.8134	0.0	0.1745	
48.7942	6.6911	-2.8134	0.0	0.1745	
48.7942	6.6911	-2.8134	0.0	0.1745	
48.7942	6.6911	-2.8134	0.0	0.1745	
48.7942	6.6911	-2.8134	0.0	0.1745	
48.7942	6.6911	-2.8134	0.0	0.1745	
48.7942	6.6911	-2.8134	0.0	0.1745	
48.7504	6.667	-2.81	0.5	0.1745	
48.6629	6.6185	-2.803	1.0	0.1745	
48.5322	6.5449	-2.7926	1.5	0.1745	
48.359	6.4449	-2.7787	2.0	0.1745	
48.1443	6.3169	-2.7613	2.5	0.1745	
47.9082	6.1706	-2.7421	2.7778	0.1745	
47.6749	6.0197	-2.7228	2.7778	0.1745	
47.4446	5.8644	-2.7035	2.7778	0.1745	
47.2174	5.7047	-2.6842	2.7778	0.1745	
46.9932	5.5406	-2.6649	2.7778	0.1745	
46.7869	5.3861	-2.6479	2.5778	0.1658	
46.5977	5.2421	-2.633	2.3778	0.1571	
46.4252	5.1091	-2.6201	2.1778	0.1484	
46.2691	4.9876	-2.6091	1.9778	0.1396	
46.1291	4.8782	-2.5998	1.7778	0.1309	
46.0048	4.7809	-2.5921	1.5778	0.1222	
45.8962	4.6961	-2.5859	1.3778	0.1134	
45.8032	4.6239	-2.581	1.1778	0.1047	
45.7257	4.5642	-2.5772	0.9778	0.096	
45.6639	4.517	-2.5745	0.7778	0.0873	
45.6181	4.4819	-2.5725	0.5778	0.0873	
45.5881	4.4588	-2.5712	0.3778	0.0873	
45.5741	4.4479	-2.5705	0.1778	0.0873	
45.5741	4.4479	-2.5705	0.0	0.0873	
45.5741	4.4479	-2.5705	0.0	0.0873	
45.5741	4.4479	-2.5705	0.0	0.0873	
45.5741	4.4479	-2.5705	0.0	0.0873	
45.5741	4.4479	-2.5705	0.0	0.0873	
45.5741	4.4479	-2.5705	0.0	0.0873	
45.5741	4.4479	-2.5705	0.0	0.0873	
45.5741	4.4479	-2.5705	0.0	0.0873	
45.5741	4.4479	-2.5705	0.0	0.0873	
45.5741	4.4479	-2.5705	0.0	0.0873	
45.5741	4.4479	-2.5705	0.0	0.0873	
45.5741	4.4479	-2.5705	0.0	0.0873	
45.5741	4.4479	-2.5705	0.0	0.0873	
45.5741	4.4479	-2.5705	0.0	0.0873	
45.5741	4.4479	-2.5705	0.0	0.0873	
45.5741	4.4479	-2.5705	0.0	0.0873	
45.5741	4.4479	-2.5705	0.0	0.0873	
45.5741	4.4479	-2.5705	0.0	0.0785	
45.5741	4.4479	-2.5705	0.0	0.0698	
45.5741	4.4479	-2.5705	0.0	0.0611	
45.5741	4.4479	-2.5705	0.0	0.0524	
45.5741	4.4479	-2.5705	0.0	0.0436	
45.5741	4.4479	-2.5705	0.0	0.0349	
45.5741	4.4479	-2.5705	0.0	0.0262	
45.5741	4.4479	-2.5705	0.0	0.0175	
45.5741	4.4479	-2.5705	0.0	0.0087	
45.5741	4.4479	-2.5705	0.0	0.0	
45.5741	4.4479	-2.5705	0.0	0.0	
45.5741	4.4479	-2.5705	0.0	0.0	
45.5741	4.4479	-2.5705	0.0	0.0	
45.5741	4.4479	-2.5705	0.0	0.0	
45.5741	4.4479	-2.5705	0.0	0.0	
45.5741	4.4479	-2.5705	0.0	0.0	
45.5741	4.4479	-2.5705	0.0	0.0	
45.5741	4.4479	-2.5705	0.0	0.0	
45.5741	4.4479	-2.5705	0.0	0.0	
45.5741	4.4479	-2.5705	0.0	0.0	
45.5741	4.4479	-2.5705	0.0	0.0	
45.5741	4.4479	-2.5705	0.0	0.0	
45.5741	4.4479	-2.5705	0.0	0.0	
45.5741	4.4479	-2.5705	0.0	0.0	
45.5741	4.4479	-2.5705	0.0	0.0	
45.5741	4.4479	-2.5705	0.0	0.0	
45.5741	4.4479	-2.5705	0.0	0.0	
45.5741	4.4479	-2.5705	0.0	0.0	
45.5741	4.4479	-2.5705	0.0	0.0	
45.5741	4.4479	-2.5705	0.0	0.0	
45.549	4.4315	-2.5704	0.3	0.0087	
45.4991	4.3982	-2.57	0.6	0.0175	
45.4247	4.3475	-2.5691	0.9	0.0262	
45.3261	4.279	-2.5674	1.2	0.0349	
45.2039	4.1922	-2.5648	1.5	0.0436	
45.0583	4.0862	-2.561	1.8	0.0524	
27	10	4.7124	2.1	0.0611	
27.0167	9.7606	-1.5641	2.4	0.0698	
27.0397	9.4916	-1.5556	2.7	0.0785	
27.0681	9.2152	-1.5459	2.7778	0.0873	
27.1016	8.9395	-1.5353	2.7778	0.096	
27.1404	8.6644	-1.5237	2.7778	0.1047	
27.1849	8.3902	-1.5111	2.7778	0.1134	
27.2351	8.117	-1.4976	2.7778	0.1222	
27.2914	7.845	-1.4831	2.7778	0.1309	
27.354	7.5744	-1.4676	2.7778	0.1396	
27.4232	7.3054	-1.4512	2.7778	0.1484	
27.499	7.0382	-1.4338	2.7778	0.1571	
27.5819	6.773	-1.4154	2.7778	0.1658	
27.6719	6.5102	-1.3962	2.7778	0.1745	
27.7646	6.2484	-1.3778	2.7778	0.1658	
27.8599	5.9874	-1.3604	2.7778	0.1571	
27.9574	5.7274	-1.344	2.7778	0.1484	
28.0569	5.468	-1.3285	2.7778	0.1396	
28.1582	5.2094	-1.314	2.7778	0.1309	
28.2609	4.9513	-1.3005	2.7778	0.1222	
28.3649	4.6937	-1.2879	2.7778	0.1134	
28.4699	4.4365	-1.2763	2.7778	0.1047	
28.5757	4.1797	-1.2657	2.7778	0.096	
19	41	1.5708	2.7778	0.0873	
18.9782	41.2769	1.5795	2.7778	0.0785	
18.9564	41.5538	1.5873	2.7778	0.0698	
18.9349	41.8308	1.594	2.7778	0.0611	
18.9139	42.1078	1.5999	2.7778	0.0524	
18.8937	42.3848	1.6047	2.7778	0.0436	
18.8746	42.6619	1.6086	2.7778	0.0349	
18.8569	42.9391	1.6115	2.7778	0.0262	
18.8407	43.2165	1.6134	2.7778	0.0175	
18.8265	43.4939	1.6144	2.7778	0.0087	
18.8144	43.7714	1.6144	2.7778	0.0	
18.8044	43.9989	1.6144	2.2778	0.0	
18.7967	44.1765	1.6144	1.7778	0.0	
18.7911	44.3042	1.6144	1.2778	0.0	
18.7877	44.3819	1.6144	0.7778	0.0	
18.7865	44.4097	1.6144	0.2778	0.0	
18.7865	44.4097	1.6144	0.0	0.0	
18.7865	44.4097	1.6144	0.0	0.0	
18.7865	44.4097	1.6144	0.0	0.0	
18.7865	44.4097	1.6144	0.0	0.0	
18.7865	44.4097	1.6144	0.0	0.0	
18.7865	44.4097	1.6144	0.0	0.0087	
18.7865	44.4097	1.6144	0.0	0.0175	
18.7865	44.4097	1.6144	0.0	0.0262	
18.7865	44.4097	1.6144	0.0	0.0349	
18.7865	44.4097	1.6144	0.0	0.0436	
18.7865	44.4097	1.6144	0.0	0.0524	
18.7865	44.4097	1.6144	0.0	0.0611	
18.7865	44.4097	1.6144	0.0	0.0698	
18.7865	44.4097	1.6144	0.0	0.0785	
18.7865	44.4097	1.6144	0.0	0.0873	
18.7829	44.4394	1.6153	0.3	0.0785	
18.776	44.499	1.617	0.6	0.0698	
18.7664	44.5885	1.6192	0.9	0.0611	
18.7543	44.7079	1.6217	1.2	0.0524	
18.7401	44.8572	1.6243	1.5	0.0436	
18.7242	45.0365	1.6269	1.8	0.0349	
18.707	45.2458	1.6291	2.1	0.0262	
18.6888	45.4851	1.6307	2.4	0.0175	
18.6703	45.7545	1.6317	2.7	0.0087	
18.6534	46.0318	1.6317	2.7778	0.0	
18.6389	46.3092	1.6307	2.7778	-0.0087	
18.6271	46.5867	1.6288	2.7778	-0.0175	
18.6183	46.8643	1.6259	2.7778	-0.0262	
18.6127	47.1421	1.622	2.7778	-0.0349	
18.6106	47.4198	1.6171	2.7778	-0.0436	
18.6123	47.6976	1.6113	2.7778	-0.0524	
18.618	47.9753	1.6045	2.7778	-0.0611	
18.628	48.2529	1.5968	2.7778	-0.0698	
18.6426	48.5303	1.5881	2.7778	-0.0785	
18.662	48.8074	1.5784	2.7778	-0.0873	
18.6865	49.0841	1.5677	2.7778	-0.096	
18.7164	49.3603	1.5561	2.7778	-0.1047	
18.7519	49.6358	1.5435	2.7778	-0.1134	
18.7933	49.9105	1.53	2.7778	-0.1222	
18.8407	50.1841	1.5155	2.7778	-0.1309	
18.8945	50.4567	1.5	2.7778	-0.1396	
18.9549	50.7278	1.4836	2.7778	-0.1484	
19.0221	50.9973	1.4662	2.7778	-0.1571	
19.0963	51.265	1.4479	2.7778	-0.1658	
19.1777	51.5306	1.4286	2.7778	-0.1745	
19.2633	51.7843	1.4091	2.6778	-0.1833	
19.3526	52.0261	1.3894	2.5778	-0.192	
19.445	52.256	1.3696	2.4778	-0.2007	
19.5399	52.4741	1.3499	2.3778	-0.2094	
19.6367	52.6802	1.3301	2.2778	-0.2182	
19.7349	52.8746	1.3106	2.1778	-0.2269	
19.8337	53.0574	1.2912	2.0778	-0.2356	
19.9327	53.2286	1.272	1.9778	-0.2443	
20.0311	53.3885	1.2532	1.8778	-0.2531	
20.1285	53.5373	1.2348	1.7778	-0.2618	
20.207	53.6505	1.2201	1.3778	-0.2705	
20.2646	53.7295	1.2093	0.9778	-0.2793	
20.2996	53.7755	1.2027	0.5778	-0.288	
20.3105	53.7895	1.2007	0.1778	-0.2967	
20.3105	53.7895	1.2007	0.0	-0.3054	
20.3105	53.7895	1.2007	0.0	-0.3142	
20.3105	53.7895	1.2007	0.0	-0.3229	
20.3105	53.7895	1.2007	0.0	-0.3316	
20.3105	53.7895	1.2007	0.0	-0.3403	
20.3105	53.7895	1.2007	0.0	-0.3491	
20.3431	53.8274	1.194	0.5	-0.3403	
20.4082	53.9034	1.181	1.0	-0.3316	
20.5063	54.0168	1.1619	1.5	-0.3229	
20.6386	54.1668	1.1372	2.0	-0.3142	
20.807	54.3516	1.1071	2.5	-0.3054	
20.9985	54.5529	1.0746	2.7778	-0.2967	
21.1946	54.7495	1.0431	2.7778	-0.288	
21.3952	54.9417	1.0125	2.7778	-0.2793	
21.6	55.1294	0.9828	2.7778	-0.2705	
21.8087	55.3127	0.954	2.7778	-0.2618	
21.9994	55.4709	0.9283	2.4778	-0.2618	
22.1706	55.6055	0.9058	2.1778	-0.2618	
22.3207	55.7182	0.8864	1.8778	-0.2618	
22.4487	55.8105	0.87	1.5778	-0.2618	
22.5536	55.8835	0.8568	1.2778	-0.2618	
22.6346	55.9383	0.8467	0.9778	-0.2618	
22.6911	55.9757	0.8397	0.6778	-0.2618	
22.7227	55.9964	0.8357	0.3778	-0.2618	
57	28	0.0	0.0778	-0.2618	
57.0	28.0	0.0	0.0	-0.2618	
57.0	28.0	0.0	0.0	-0.2531	
57.0	28.0	0.0	0.0	-0.2443	
57.0	28.0	0.0	0.0	-0.2356	
57.0	28.0	0.0	0.0	-0.2269	
57.0	28.0	0.0	0.0	-0.2182	
57.0	28.0	0.0	0.0	-0.2094	
57.0	28.0	0.0	0.0	-0.2007	
57.0	28.0	0.0	0.0	-0.192	
57.0	28.0	0.0	0.0	-0.1833	
57.0	28.0	0.0	0.0	-0.1745	
57.0	28.0	0.0	0.0	-0.1658	
57.0	28.0	0.0	0.0	-0.1571	
57.0	28.0	0.0	0.0	-0.1484	
57.0	28.0	0.0	0.0	-0.1396	
57.0	28.0	0.0	0.0	-0.1309	
57.0	28.0	0.0	0.0	-0.1222	
57.0	28.0	0.0	0.0	-0.1134	
57.0	28.0	0.0	0.0	-0.1047	
57.0	28.0	0.0	0.0	-0.096	
57.0	28.0	0.0	0.0	-0.0873	
57.0	28.0	0.0	0.0	-0.0873	
57.0	28.0	0.0	0.0	-0.0873	
57.0	28.0	0.0	0.0	-0.0873	
57.0	28.0	0.0	0.0	-0.0873	
57.0	28.0	0.0	0.0	-0.0873	
57.0	28.0	0.0	0.0	-0.0873	
57.0	28.0	0.0	0.0	-0.0873	
57.0	28.0	0.0	0.0	-0.0873	
57.0	28.0	0.0	0.0	-0.0873	
57.0	28.0	0.0	0.0	-0.0873	
57.0	28.0	0.0	0.0	-0.096	
57.0	28.0	0.0	0.0	-0.1047	
57.0	28.0	0.0	0.0	-0.1134	
57.0	28.0	0.0	0.0	-0.1222	
57.0	28.0	0.0	0.0	-0.1309	
57.0	28.0	0.0	0.0	-0.1396	
57.0	28.0	0.0	0.0	-0.1484	
57.0	28.0	0.0	0.0	-0.1571	
57.0	28.0	0.0	0.0	-0.1658	
57.0	28.0	0.0	0.0	-0.1745	
57.0	28.0	0.0	0.0	-0.1745	
57.0	28.0	0.0	0.0	-0.1745	
57.0	28.0	0.0	0.0	-0.1745	
57.0	28.0	0.0	0.0	-0.1745	
57.0	28.0	0.0	0.0	-0.1745	
57.0	28.0	0.0	0.0	-0.1745	
57.0	28.0	0.0	0.0	-0.1745	
57.0	28.0	0.0	0.0	-0.1745	
57.0	28.0	0.0	0.0	-0.1745	
57.0	28.0	0.0	0.0	-0.1745	
57.0295	27.9948	-0.0021	0.3	-0.1745	
57.0886	27.9842	-0.0063	0.6	-0.1745	
57.1771	27.9681	-0.0125	0.9	-0.1745	
57.2951	27.9458	-0.0208	1.2	-0.1745	
57.4422	27.9166	-0.0313	1.5	-0.1745	
57.6184	27.8799	-0.0438	1.8	-0.1745	
57.8234	27.8344	-0.0583	2.1	-0.1745	
58.0569	27.779	-0.075	2.4	-0.1745	
58.3186	27.7123	-0.0938	2.7	-0.1745	
58.5864	27.6387	-0.1131	2.7778	-0.1745	
58.8425	27.5605	-0.1326	2.6778	-0.1833	
59.0868	27.4783	-0.1523	2.5778	-0.192	
59.3193	27.3926	-0.172	2.4778	-0.2007	
59.54	27.3041	-0.1918	2.3778	-0.2094	
59.7489	27.2133	-0.2115	2.2778	-0.2182	
59.9461	27.1209	-0.2311	2.1778	-0.2269	
60.1317	27.0274	-0.2505	2.0778	-0.2356	
60.3057	26.9334	-0.2696	1.9778	-0.2443	
60.4684	26.8397	-0.2885	1.8778	-0.2531	
60.62	26.7467	-0.3069	1.7778	-0.2618	
60.7282	26.6789	-0.3197	1.2778	-0.2531	
60.794	26.6373	-0.3272	0.7778	-0.2443	
60.8175	26.6225	-0.3298	0.2778	-0.2356	
60.8175	26.6225	-0.3298	0.0	-0.2269	
60.8175	26.6225	-0.3298	0.0	-0.2182	
60.8175	26.6225	-0.3298	0.0	-0.2094	
60.8175	26.6225	-0.3298	0.0	-0.2007	
60.8175	26.6225	-0.3298	0.0	-0.192	
60.8175	26.6225	-0.3298	0.0	-0.1833	
60.8175	26.6225	-0.3298	0.0	-0.1745	
60.8262	26.6176	-0.3305	0.1	-0.1833	
60.8435	26.6076	-0.332	0.2	-0.192	
60.8693	26.5923	-0.3344	0.3	-0.2007	
60.9036	26.5717	-0.3378	0.4	-0.2094	
60.946	26.5453	-0.3421	0.5	-0.2182	
60.9966	26.5129	-0.3475	0.6	-0.2269	
61.055	26.4744	-0.354	0.7	-0.2356	
61.1211	26.4293	-0.3618	0.8	-0.2443	
61.1946	26.3774	-0.3708	0.9	-0.2531	
61.2753	26.3183	-0.3811	1.0	-0.2618	
61.3881	26.2353	-0.3951	1.4	-0.2531	
61.5325	26.1279	-0.4126	1.8	-0.2443	
61.7079	25.9951	-0.4331	2.2	-0.2356	
61.9133	25.8357	-0.4565	2.6	-0.2269	
62.1302	25.6622	-0.4806	2.7778	-0.2182	
62.3444	25.4854	-0.5037	2.7778	-0.2094	
62.5561	25.3055	-0.5258	2.7778	-0.2007	
62.7653	25.1228	-0.547	2.7778	-0.192	
62.9723	24.9375	-0.5673	2.7778	-0.1833	
63.1771	24.7498	-0.5865	2.7778	-0.1745	
63.3765	24.5565	-0.6068	2.7778	-0.1833	
63.5703	24.3575	-0.628	2.7778	-0.192	
63.758	24.1527	-0.6501	2.7778	-0.2007	
63.9394	23.9423	-0.6733	2.7778	-0.2094	
64.1139	23.7262	-0.6973	2.7778	-0.2182	
64.2812	23.5045	-0.7223	2.7778	-0.2269	
64.441	23.2773	-0.7482	2.7778	-0.2356	
64.5928	23.0446	-0.7751	2.7778	-0.2443	
64.7363	22.8068	-0.8029	2.7778	-0.2531	
64.8709	22.5638	-0.8317	2.7778	-0.2618	
-1
48.0	16.0056	1.5708	0.0556	0.0	
48.0	16.0056	1.5708	0.0	0.0	
48.0	16.0056	1.5708	0.0	0.0	
48.0	16.0056	1.5708	0.0	0.0	
48.0	16.0056	1.5708	0.0	0.0	
48.0	16.0056	1.5708	0.0	0.0	
48.0	16.0056	1.5708	0.0	0.0	
48.0	16.0056	1.5708	0.0	0.0	
48.0	16.0056	1.5708	0.0	0.0	
48.0	16.0056	1.5708	0.0	0.0	
48.0	16.0056	1.5708	0.0	0.0087	
48.0	16.0056	1.5708	0.0	0.0175	
48.0	16.0056	1.5708	0.0	0.0262	
48.0	16.0056	1.5708	0.0	0.0349	
48.0	16.0056	1.5708	0.0	0.0436	
48.0	16.0056	1.5708	0.0	0.0524	
48.0	16.0056	1.5708	0.0	0.0611	
48.0	16.0056	1.5708	0.0	0.0698	
48.0	16.0056	1.5708	0.0	0.0785	
48.0	16.0056	1.5708	0.0	0.0873	
48.0	16.0056	1.5708	0.0	0.0785	
48.0	16.0056	1.5708	0.0	0.0698	
48.0	16.0056	1.5708	0.0	0.0611	
48.0	16.0056	1.5708	0.0	0.0524	
48.0	16.0056	1.5708	0.0	0.0436	
48.0	16.0056	1.5708	0.0	0.0349	
48.0	16.0056	1.5708	0.0	0.0262	
48.0	16.0056	1.5708	0.0	0.0175	
48.0	16.0056	1.5708	0.0	0.0087	
48.0	16.0056	1.5708	0.0	0.0	
48.0	16.0056	1.5708	0.0	0.0087	
48.0	16.0056	1.5708	0.0	0.0175	
48.0	16.0056	1.5708	0.0	0.0262	
48.0	16.0056	1.5708	0.0	0.0349	
48.0	16.0056	1.5708	0.0	0.0436	
48.0	16.0056	1.5708	0.0	0.0524	
48.0	16.0056	1.5708	0.0	0.0611	
48.0	16.0056	1.5708	0.0	0.0698	
48.0	16.0056	1.5708	0.0	0.0785	
48.0	16.0056	1.5708	0.0	0.0873	
47.9969	16.0454	1.5721	0.4	0.0785	
47.9912	16.1252	1.5743	0.8	0.0698	
47.9834	16.245	1.5772	1.2	0.0611	
47.974	16.4047	1.5806	1.6	0.0524	
47.9634	16.6044	1.5841	2.0	0.0436	
47.9518	16.8441	1.5874	2.4	0.0349	
47.9399	17.1217	1.5903	2.7778	0.0262	
47.9297	17.3993	1.5923	2.7778	0.0175	
47.9213	17.6769	1.5932	2.7778	0.0087	
47.915	17.9546	1.5932	2.7778	0.0	
47.9088	18.2323	1.5932	2.7778	0.0	
47.9026	18.51	1.5932	2.7778	0.0	
47.8964	18.7877	1.5932	2.7778	0.0	
47.8901	19.0654	1.5932	2.7778	0.0	
47.8839	19.3432	1.5932	2.7778	0.0	
47.8777	19.6209	1.5932	2.7778	0.0	
47.8714	19.8986	1.5932	2.7778	0.0	
47.8652	20.1763	1.5932	2.7778	0.0	
47.859	20.454	1.5932	2.7778	0.0	
47.8528	20.7317	1.5932	2.7778	0.0	
47.8454	20.9694	1.5941	2.3778	0.0087	
47.8373	21.167	1.5954	1.9778	0.0175	
47.8293	21.3245	1.5971	1.5778	0.0262	
47.8221	21.4421	1.5987	1.1778	0.0349	
47.8165	21.5197	1.6001	0.7778	0.0436	
47.8134	21.5573	1.6009	0.3778	0.0524	
47.8134	21.5573	1.6009	0.0	0.0611	
47.8134	21.5573	1.6009	0.0	0.0698	
47.8134	21.5573	1.6009	0.0	0.0785	
47.8134	21.5573	1.6009	0.0	0.0873	
47.8102	21.5872	1.6018	0.3	0.0785	
47.8042	21.6468	1.6035	0.6	0.0698	
47.7957	21.7365	1.6057	0.9	0.0611	
47.7853	21.856	1.6082	1.2	0.0524	
47.7731	22.0055	1.6108	1.5	0.0436	
47.7597	22.185	1.6133	1.8	0.0349	
47.7452	22.3945	1.6155	2.1	0.0262	
47.7303	22.634	1.6172	2.4	0.0175	
47.7154	22.9036	1.6181	2.7	0.0087	
47.7023	23.1811	1.6181	2.7778	0.0	
47.6878	23.4385	1.619	2.5778	0.0087	
47.6722	23.6757	1.6207	2.3778	0.0175	
47.6557	23.8929	1.623	2.1778	0.0262	
47.6385	24.0899	1.6257	1.9778	0.0349	
47.621	24.2668	1.6289	1.7778	0.0436	
47.6036	24.4236	1.6322	1.5778	0.0524	
47.5868	24.5604	1.6355	1.3778	0.0611	
47.571	24.6771	1.6388	1.1778	0.0698	
47.5567	24.7738	1.6419	0.9778	0.0785	
47.5444	24.8506	1.6446	0.7778	0.0873	
47.5296	24.9473	1.6477	0.9778	0.0785	
47.5124	25.0638	1.6509	1.1778	0.0698	
47.493	25.2002	1.6543	1.3778	0.0611	
47.4716	25.3565	1.6576	1.5778	0.0524	
47.4485	25.5328	1.6607	1.7778	0.0436	
47.4239	25.729	1.6635	1.9778	0.0349	
47.398	25.9453	1.6658	2.1778	0.0262	
47.3714	26.1815	1.6674	2.3778	0.0175	
47.3443	26.4379	1.6683	2.5778	0.0087	
47.3172	26.7144	1.6683	2.7778	0.0	
47.2902	26.9908	1.6683	2.7778	0.0	
47.2631	27.2673	1.6683	2.7778	0.0	
47.2361	27.5437	1.6683	2.7778	0.0	
47.209	27.8202	1.6683	2.7778	0.0	
47.182	28.0966	1.6683	2.7778	0.0	
47.155	28.3731	1.6683	2.7778	0.0	
47.1279	28.6496	1.6683	2.7778	0.0	
47.1009	28.926	1.6683	2.7778	0.0	
47.0738	29.2025	1.6683	2.7778	0.0	
47.0468	29.4789	1.6683	2.7778	0.0	
47.0221	29.7556	1.6673	2.7778	-0.0087	
47.0002	30.0325	1.6654	2.7778	-0.0175	
46.9812	30.3097	1.6625	2.7778	-0.0262	
46.9654	30.587	1.6586	2.7778	-0.0349	
46.9532	30.8645	1.6538	2.7778	-0.0436	
46.9447	31.1421	1.648	2.7778	-0.0524	
46.9402	31.4199	1.6412	2.7778	-0.0611	
46.9401	31.6977	1.6334	2.7778	-0.0698	
46.9445	31.9754	1.6247	2.7778	-0.0785	
46.9537	32.253	1.615	2.7778	-0.0873	
46.9626	32.5107	1.6069	2.5778	-0.0785	
46.9706	32.7483	1.6003	2.3778	-0.0698	
46.9775	32.966	1.595	2.1778	-0.0611	
46.983	33.1637	1.5908	1.9778	-0.0524	
46.9872	33.3414	1.5877	1.7778	-0.0436	
46.9901	33.4991	1.5855	1.5778	-0.0349	
46.9916	33.6369	1.5841	1.3778	-0.0262	
46.9921	33.7547	1.5833	1.1778	-0.0175	
46.9918	33.8525	1.5829	0.9778	-0.0087	
46.9908	33.9302	1.5829	0.7778	0.0	
46.9899	34.008	1.5829	0.7778	0.0	
46.9889	34.0858	1.5829	0.7778	0.0	
46.988	34.1636	1.5829	0.7778	0.0	
46.9871	34.2413	1.5829	0.7778	0.0	
46.9861	34.3191	1.5829	0.7778	0.0	
46.9852	34.3969	1.5829	0.7778	0.0	
46.9842	34.4746	1.5829	0.7778	0.0	
46.9833	34.5524	1.5829	0.7778	0.0	
46.9823	34.6302	1.5829	0.7778	0.0	
46.9814	34.708	1.5829	0.7778	0.0	
46.9801	34.8157	1.5829	1.0778	0.0	
46.9784	34.9535	1.5829	1.3778	0.0	
46.9764	35.1213	1.5829	1.6778	0.0	
46.974	35.319	1.5829	1.9778	0.0	
46.9712	35.5468	1.5829	2.2778	0.0	
46.9681	35.8045	1.5829	2.5778	0.0	
46.9647	36.0823	1.5829	2.7778	0.0	
46.9614	36.3601	1.5829	2.7778	0.0	
46.958	36.6378	1.5829	2.7778	0.0	
46.9546	36.9156	1.5829	2.7778	0.0	
46.9488	37.1933	1.5839	2.7778	0.0087	
46.9403	37.4709	1.5858	2.7778	0.0175	
46.9289	37.7485	1.5887	2.7778	0.0262	
46.9142	38.0259	1.5926	2.7778	0.0349	
46.8961	38.3031	1.5975	2.7778	0.0436	
46.8741	38.58	1.6033	2.7778	0.0524	
46.8482	38.8565	1.6101	2.7778	0.0611	
46.8179	39.1327	1.6178	2.7778	0.0698	
46.7831	39.4082	1.6265	2.7778	0.0785	
46.7436	39.6832	1.6362	2.7778	0.0873	
46.7021	39.9376	1.6461	2.5778	0.096	
46.6596	40.1716	1.656	2.3778	0.1047	
46.6166	40.385	1.6659	2.1778	0.1134	
46.5739	40.5782	1.6755	1.9778	0.1222	
46.5324	40.751	1.6848	1.7778	0.1309	
46.4928	40.9038	1.6936	1.5778	0.1396	
46.4559	41.0365	1.7018	1.3778	0.1484	
46.4225	41.1494	1.7091	1.1778	0.1571	
46.3932	41.2427	1.7156	0.9778	0.1658	
46.3688	41.3166	1.721	0.7778	0.1745	
46.3466	41.3806	1.7259	0.6778	0.1833	
46.3269	41.4349	1.7303	0.5778	0.192	
46.3101	41.4797	1.7341	0.4778	0.2007	
46.2963	41.5148	1.7373	0.3778	0.2094	
46.2859	41.5406	1.7397	0.2778	0.2182	
46.2791	41.557	1.7413	0.1778	0.2269	
46.276	41.5641	1.742	0.0778	0.2356	
46.276	41.5641	1.742	0.0	0.2443	
46.276	41.5641	1.742	0.0	0.2531	
46.276	41.5641	1.742	0.0	0.2618	
46.276	41.5641	1.742	0.0	0.2618	
46.276	41.5641	1.742	0.0	0.2618	
46.276	41.5641	1.742	0.0	0.2618	
46.276	41.5641	1.742	0.0	0.2618	
46.276	41.5641	1.742	0.0	0.2618	
46.276	41.5641	1.742	0.0	0.2618	
46.276	41.5641	1.742	0.0	0.2618	
46.276	41.5641	1.742	0.0	0.2618	
46.276	41.5641	1.742	0.0	0.2618	
46.276	41.5641	1.742	0.0	0.2618	
46.276	41.5641	1.742	0.0	0.2618	
46.276	41.5641	1.742	0.0	0.2618	
46.276	41.5641	1.742	0.0	0.2618	
46.276	41.5641	1.742	0.0	0.2618	
46.276	41.5641	1.742	0.0	0.2618	
46.276	41.5641	1.742	0.0	0.2618	
46.276	41.5641	1.742	0.0	0.2618	
46.276	41.5641	1.742	0.0	0.2618	
46.276	41.5641	1.742	0.0	0.2618	
46.276	41.5641	1.742	0.0	0.2618	
46.276	41.5641	1.742	0.0	0.2618	
46.276	41.5641	1.742	0.0	0.2618	
46.276	41.5641	1.742	0.0	0.2618	
46.276	41.5641	1.742	0.0	0.2618	
46.276	41.5641	1.742	0.0	0.2618	
46.276	41.5641	1.742	0.0	0.2618	
46.276	41.5641	1.742	0.0	0.2618	
46.276	41.5641	1.742	0.0	0.2618	
46.276	41.5641	1.742	0.0	0.2618	
46.276	41.5641	1.742	0.0	0.2618	
46.2632	41.5913	1.7452	0.3	0.2705	
46.2369	41.6452	1.7518	0.6	0.2793	
46.1962	41.7255	1.7621	0.9	0.288	
46.1399	41.8315	1.7761	1.2	0.2967	
46.0666	41.9623	1.7941	1.5	0.3054	
45.9744	42.1169	1.8164	1.8	0.3142	
45.8614	42.2939	1.843	2.1	0.3229	
45.7251	42.4915	1.8743	2.4	0.3316	
45.563	42.7074	1.9103	2.7	0.3403	
45.3865	42.9219	1.9483	2.7778	0.3491	
45.2002	43.1279	1.9873	2.7778	0.3578	
45.0042	43.3248	2.0271	2.7778	0.3665	
44.799	43.5119	2.0678	2.7778	0.3752	
44.5847	43.6887	2.1094	2.7778	0.384	
44.3618	43.8545	2.1519	2.7778	0.3927	
44.1307	44.0086	2.1954	2.7778	0.4014	
43.8919	44.1505	2.2397	2.7778	0.4102	
43.6459	44.2795	2.2849	2.7778	0.4189	
43.3933	44.3951	2.3309	2.7778	0.4276	
43.1348	44.4967	2.3779	2.7778	0.4363	
42.8805	44.5806	2.424	2.6778	0.4451	
42.6316	44.6478	2.4692	2.5778	0.4538	
42.3893	44.6994	2.5134	2.4778	0.4625	
42.1544	44.7366	2.5566	2.3778	0.4712	
41.9279	44.7604	2.5987	2.2778	0.48	
41.7104	44.7722	2.6396	2.1778	0.4887	
41.5027	44.7732	2.6792	2.0778	0.4974	
41.3051	44.7645	2.7176	1.9778	0.5061	
41.1181	44.7475	2.7546	1.8778	0.5149	
40.9419	44.7233	2.7901	1.7778	0.5236	
40.7569	44.6911	2.8277	1.8778	0.5236	
40.5635	44.65	2.8672	1.9778	0.5236	
40.3621	44.5987	2.9088	2.0778	0.5236	
40.1535	44.5363	2.9524	2.1778	0.5236	
39.9383	44.4615	2.9979	2.2778	0.5236	
39.7175	44.3733	3.0455	2.3778	0.5236	
39.492	44.2706	3.095	2.4778	0.5236	
39.263	44.1523	-3.1366	2.5778	0.5236	
39.0318	44.0172	-3.0831	2.6778	0.5236	
38.7998	43.8645	-3.0275	2.7778	0.5236	
38.5752	43.7011	-2.9728	2.7778	0.5149	
38.3583	43.5275	-2.9189	2.7778	0.5061	
38.1495	43.3443	-2.8659	2.7778	0.4974	
37.949	43.1521	-2.8137	2.7778	0.4887	
37.757	42.9513	-2.7624	2.7778	0.48	
37.5738	42.7425	-2.712	2.7778	0.4712	
37.3994	42.5263	-2.6624	2.7778	0.4625	
37.234	42.3032	-2.6137	2.7778	0.4538	
37.0776	42.0736	-2.5659	2.7778	0.4451	
36.9304	41.838	-2.5189	2.7778	0.4363	
36.8109	41.6209	-2.4762	2.4778	0.4451	
36.7159	41.425	-2.4381	2.1778	0.4538	
36.6419	41.2524	-2.4045	1.8778	0.4625	
36.586	41.1049	-2.3759	1.5778	0.4712	
36.5451	40.9838	-2.3523	1.2778	0.48	
36.5169	40.8902	-2.3339	0.9778	0.4887	
36.4991	40.8248	-2.321	0.6778	0.4974	
36.49	40.7881	-2.3137	0.3778	0.5061	
36.4882	40.7805	-2.3121	0.0778	0.5149	
36.4882	40.7805	-2.3121	0.0	0.5236	
36.4796	40.7415	-2.3041	0.4	0.5236	
36.4629	40.6632	-2.2881	0.8	0.5236	
36.4398	40.5455	-2.2641	1.2	0.5236	
36.4128	40.3878	-2.2321	1.6	0.5236	
36.3853	40.1897	-2.1921	2.0	0.5236	
36.3619	39.9508	-2.1441	2.4	0.5236	
36.3481	39.6734	-2.0886	2.7778	0.5236	
36.3497	39.3956	-2.033	2.7778	0.5236	
36.3668	39.1184	-1.9775	2.7778	0.5236	
36.3992	38.8425	-1.9219	2.7778	0.5236	
36.4469	38.5688	-1.8664	2.7778	0.5236	
36.5096	38.2982	-1.8108	2.7778	0.5236	
36.5874	38.0315	-1.7552	2.7778	0.5236	
36.6798	37.7696	-1.6997	2.7778	0.5236	
36.7866	37.5132	-1.6441	2.7778	0.5236	
36.9075	37.2631	-1.5886	2.7778	0.5236	
37.0421	37.0201	-1.533	2.7778	0.5236	
37.19	36.7849	-1.4775	2.7778	0.5236	
37.3507	36.5584	-1.4219	2.7778	0.5236	
37.5237	36.3411	-1.3664	2.7778	0.5236	
37.6886	36.1561	-1.3168	2.4778	0.5236	
37.8414	36.0009	-1.2732	2.1778	0.5236	
37.9788	35.873	-1.2357	1.8778	0.5236	
38.0982	35.7699	-1.2041	1.5778	0.5236	
38.1975	35.6895	-1.1786	1.2778	0.5236	
38.2751	35.6299	-1.159	0.9778	0.5236	
38.3296	35.5897	-1.1455	0.6778	0.5236	
38.3603	35.5677	-1.1379	0.3778	0.5236	
38.3667	35.5632	-1.1364	0.0778	0.5236	
38.3667	35.5632	-1.1364	0.0	0.5236	
38.3996	35.5405	-1.1282	0.4	0.5323	
38.4662	35.4962	-1.1118	0.8	0.5411	
38.5678	35.4322	-1.0867	1.2	0.5498	
38.706	35.3516	-1.0528	1.6	0.5585	
38.8828	35.2582	-1.0098	2.0	0.5672	
39.1006	35.1574	-0.9575	2.4	0.576	
39.3593	35.0562	-0.8962	2.7778	0.5847	
39.6245	34.9734	-0.834	2.7778	0.5934	
39.8948	34.9095	-0.7711	2.7778	0.6021	
40.169	34.8652	-0.7074	2.7778	0.6109	
40.4455	34.8385	-0.6436	2.7778	0.6109	
40.7231	34.8294	-0.5799	2.7778	0.6109	
41.0008	34.8379	-0.5162	2.7778	0.6109	
41.2773	34.8642	-0.4524	2.7778	0.6109	
41.5516	34.908	-0.3887	2.7778	0.6109	
41.8226	34.9692	-0.325	2.7778	0.6109	
42.0891	35.0476	-0.2613	2.7778	0.6109	
42.35	35.1427	-0.1975	2.7778	0.6109	
42.6044	35.2543	-0.1338	2.7778	0.6109	
42.8512	35.3818	-0.0701	2.7778	0.6109	
43.0893	35.5249	-0.0063	2.7778	0.6109	
43.3179	35.6827	0.0574	2.7778	0.6109	
43.5359	35.8549	0.1211	2.7778	0.6109	
43.7425	36.0405	0.1849	2.7778	0.6109	
43.9369	36.2389	0.2486	2.7778	0.6109	
44.1182	36.4494	0.3123	2.7778	0.6109	
44.2858	36.6709	0.3761	2.7778	0.6109	
44.4389	36.9027	0.4398	2.7778	0.6109	
44.577	37.1437	0.5035	2.7778	0.6109	
44.6994	37.393	0.5672	2.7778	0.6109	
44.7884	37.6027	0.6189	2.2778	0.6021	
44.8508	37.7692	0.6586	1.7778	0.5934	
44.8919	37.8902	0.6868	1.2778	0.5847	
44.9155	37.9643	0.7038	0.7778	0.576	
44.9237	37.9908	0.7097	0.2778	0.5672	
44.9237	37.9908	0.7097	0.0	0.5585	
44.9237	37.9908	0.7097	0.0	0.5498	
44.9237	37.9908	0.7097	0.0	0.5411	
44.9237	37.9908	0.7097	0.0	0.5323	
44.9237	37.9908	0.7097	0.0	0.5236	
44.9237	37.9908	0.7097	0.0	0.5323	
44.9237	37.9908	0.7097	0.0	0.5411	
44.9237	37.9908	0.7097	0.0	0.5498	
44.9237	37.9908	0.7097	0.0	0.5585	
44.9237	37.9908	0.7097	0.0	0.5672	
44.9237	37.9908	0.7097	0.0	0.576	
44.9237	37.9908	0.7097	0.0	0.5847	
44.9237	37.9908	0.7097	0.0	0.5934	
44.9237	37.9908	0.7097	0.0	0.6021	
44.9237	37.9908	0.7097	0.0	0.6109	
44.9339	38.0295	0.7188	0.4	0.6021	
44.9544	38.1068	0.7367	0.8	0.5934	
44.984	38.2231	0.7632	1.2	0.5847	
45.0207	38.3788	0.798	1.6	0.576	
45.0616	38.5746	0.841	2.0	0.5672	
45.1025	38.8111	0.8919	2.4	0.5585	
45.1382	39.0866	0.95	2.7778	0.5498	
45.1604	39.3635	1.0072	2.7778	0.5411	
45.1691	39.6411	1.0636	2.7778	0.5323	
45.1645	39.9189	1.1191	2.7778	0.5236	
45.1421	40.1957	1.1755	2.7778	0.5323	
45.1018	40.4706	1.2328	2.7778	0.5411	
45.0434	40.7422	1.2908	2.7778	0.5498	
44.967	41.0092	1.3497	2.7778	0.5585	
44.8728	41.2705	1.4094	2.7778	0.5672	
44.7609	41.5248	1.4699	2.7778	0.576	
44.6317	41.7707	1.5312	2.7778	0.5847	
44.4856	42.0069	1.5934	2.7778	0.5934	
44.3231	42.2322	1.6563	2.7778	0.6021	
44.145	42.4453	1.72	2.7778	0.6109	
43.9826	42.6191	1.7739	2.3778	0.6021	
43.8412	42.7574	1.8181	1.9778	0.5934	
43.7246	42.8636	1.853	1.5778	0.5847	
43.6355	42.9406	1.8786	1.1778	0.576	
43.5758	42.9905	1.8953	0.7778	0.5672	
43.5466	43.0145	1.9034	0.3778	0.5585	
43.5466	43.0145	1.9034	0.0	0.5498	
43.5466	43.0145	1.9034	0.0	0.5411	
43.5466	43.0145	1.9034	0.0	0.5323	
43.5466	43.0145	1.9034	0.0	0.5236	
43.5466	43.0145	1.9034	0.0	0.5323	
43.5466	43.0145	1.9034	0.0	0.5411	
43.5466	43.0145	1.9034	0.0	0.5498	
43.5466	43.0145	1.9034	0.0	0.5585	
43.5466	43.0145	1.9034	0.0	0.5672	
43.5466	43.0145	1.9034	0.0	0.576	
43.5466	43.0145	1.9034	0.0	0.5847	
43.5466	43.0145	1.9034	0.0	0.5934	
43.5466	43.0145	1.9034	0.0	0.6021	
43.5466	43.0145	1.9034	0.0	0.6109	
43.5466	43.0145	1.9034	0.0	0.6196	
43.5466	43.0145	1.9034	0.0	0.6283	
43.5466	43.0145	1.9034	0.0	0.637	
43.5466	43.0145	1.9034	0.0	0.6458	
43.5466	43.0145	1.9034	0.0	0.6545	
43.5466	43.0145	1.9034	0.0	0.6632	
43.5466	43.0145	1.9034	0.0	0.672	
43.5466	43.0145	1.9034	0.0	0.6807	
43.5466	43.0145	1.9034	0.0	0.6894	
43.5466	43.0145	1.9034	0.0	0.6981	
-1
32	51	3.1416	0.3556	-0.0087	
31.9844	51.0003	3.1415	0.1556	-0.0175	
31.9844	51.0003	3.1415	0.0	-0.0262	
31.9844	51.0003	3.1415	0.0	-0.0349	
31.9844	51.0003	3.1415	0.0	-0.0436	
31.9844	51.0003	3.1415	0.0	-0.0524	
31.9844	51.0003	3.1415	0.0	-0.0611	
31.9844	51.0003	3.1415	0.0	-0.0698	
31.9844	51.0003	3.1415	0.0	-0.0785	
31.9844	51.0003	3.1415	0.0	-0.0873	
31.9446	51.0041	3.14	0.4	-0.096	
31.8651	51.0126	3.1366	0.8	-0.1047	
31.7459	51.0268	3.1312	1.2	-0.1134	
31.5873	51.0479	3.1234	1.6	-0.1222	
31.3895	51.0776	3.1129	2.0	-0.1309	
31.1529	51.1178	3.0996	2.4	-0.1396	
30.8802	51.1704	3.0831	2.7778	-0.1484	
30.6088	51.2298	3.0658	2.7778	-0.1571	
30.3391	51.2963	3.0474	2.7778	-0.1658	
30.0713	51.37	3.0281	2.7778	-0.1745	
29.8427	51.4356	3.0124	2.3778	-0.1658	
29.653	51.4914	3.0001	1.9778	-0.1571	
29.5018	51.5365	2.9907	1.5778	-0.1484	
29.389	51.5702	2.9842	1.1778	-0.1396	
29.3144	51.5924	2.9801	0.7778	-0.1309	
29.2781	51.6029	2.9783	0.3778	-0.1222	
29.2781	51.6029	2.9783	0.0	-0.1134	
29.2781	51.6029	2.9783	0.0	-0.1047	
29.2781	51.6029	2.9783	0.0	-0.096	
29.2781	51.6029	2.9783	0.0	-0.0873	
29.2781	51.6029	2.9783	0.0	-0.0785	
29.2781	51.6029	2.9783	0.0	-0.0698	
29.2781	51.6029	2.9783	0.0	-0.0611	
29.2781	51.6029	2.9783	0.0	-0.0524	
29.2781	51.6029	2.9783	0.0	-0.0436	
29.2781	51.6029	2.9783	0.0	-0.0349	
29.2781	51.6029	2.9783	0.0	-0.0262	
29.2781	51.6029	2.9783	0.0	-0.0175	
29.2781	51.6029	2.9783	0.0	-0.0087	
29.2781	51.6029	2.9783	0.0	0.0	
29.2485	51.6078	2.9783	0.3	0.0	
29.1893	51.6176	2.9783	0.6	0.0	
29.1005	51.6322	2.9783	0.9	0.0	
28.9821	51.6517	2.9783	1.2	0.0	
28.8341	51.6761	2.9783	1.5	0.0	
28.6565	51.7054	2.9783	1.8	0.0	
28.4493	51.7395	2.9783	2.1	0.0	
28.2125	51.7785	2.9783	2.4	0.0	
27.9461	51.8224	2.9783	2.7	0.0	
27.672	51.8676	2.9783	2.7778	0.0	
27.3979	51.9128	2.9783	2.7778	0.0	
27.1239	51.9579	2.9783	2.7778	0.0	
26.8498	52.0031	2.9783	2.7778	0.0	
26.5757	52.0483	2.9783	2.7778	0.0	
26.3016	52.0934	2.9783	2.7778	0.0	
26.0275	52.1386	2.9783	2.7778	0.0	
25.7535	52.1838	2.9783	2.7778	0.0	
25.4794	52.2289	2.9783	2.7778	0.0	
25.2053	52.2741	2.9783	2.7778	0.0	
24.9312	52.3193	2.9783	2.7778	0.0	
24.6575	52.3668	2.9773	2.7778	-0.0087	
24.3843	52.417	2.9754	2.7778	-0.0175	
24.1117	52.4701	2.9725	2.7778	-0.0262	
23.8397	52.5264	2.9686	2.7778	-0.0349	
23.5684	52.5861	2.9637	2.7778	-0.0436	
23.2979	52.6495	2.9579	2.7778	-0.0524	
23.0284	52.7168	2.9511	2.7778	-0.0611	
22.76	52.7883	2.9434	2.7778	-0.0698	
22.4928	52.8642	2.9347	2.7778	-0.0785	
22.227	52.9448	2.925	2.7778	-0.0873	
21.9612	53.0256	2.9163	2.7778	-0.0785	
21.6954	53.1064	2.9085	2.7778	-0.0698	
21.4296	53.1869	2.9017	2.7778	-0.0611	
21.1636	53.2669	2.8959	2.7778	-0.0524	
20.8973	53.3462	2.8911	2.7778	-0.0436	
20.6308	53.4244	2.8872	2.7778	-0.0349	
20.3639	53.5013	2.8843	2.7778	-0.0262	
20.0965	53.5767	2.8823	2.7778	-0.0175	
19.8287	53.6502	2.8814	2.7778	-0.0087	
19.5602	53.7217	2.8814	2.7778	0.0	
19.3401	53.7803	2.8814	2.2778	0.0	
19.1683	53.8261	2.8814	1.7778	0.0	
19.0449	53.8589	2.8814	1.2778	0.0	
18.9697	53.879	2.8814	0.7778	0.0	
18.9429	53.8861	2.8814	0.2778	0.0	
18.9429	53.8861	2.8814	0.0	0.0	
18.9429	53.8861	2.8814	0.0	0.0	
18.9429	53.8861	2.8814	0.0	0.0	
18.9429	53.8861	2.8814	0.0	0.0	
18.9429	53.8861	2.8814	0.0	0.0	
18.9041	53.8961	2.8815	0.4	0.0087	
18.8265	53.9153	2.8821	0.8	0.0175	
18.7097	53.943	2.8833	1.2	0.0262	
18.5537	53.9785	2.8856	1.6	0.0349	
18.3582	54.0206	2.889	2.0	0.0436	
18.123	54.0683	2.8941	2.4	0.0524	
17.85	54.1198	2.9009	2.7778	0.0611	
17.5763	54.1671	2.9086	2.7778	0.0698	
17.3018	54.2098	2.9173	2.7778	0.0785	
17.0266	54.2478	2.927	2.7778	0.0873	
16.761	54.2818	2.9363	2.6778	0.0873	
16.505	54.3121	2.9453	2.5778	0.0873	
16.2587	54.3391	2.954	2.4778	0.0873	
16.0222	54.3629	2.9623	2.3778	0.0873	
15.7953	54.3838	2.9702	2.2778	0.0873	
15.5783	54.4021	2.9778	2.1778	0.0873	
15.3712	54.418	2.985	2.0778	0.0873	
15.1739	54.4317	2.9919	1.9778	0.0873	
14.9865	54.4434	2.9985	1.8778	0.0873	
14.809	54.4533	3.0047	1.7778	0.0873	
14.6115	54.4649	3.0109	1.9778	0.0785	
14.3941	54.4781	3.017	2.1778	0.0698	
14.1568	54.4932	3.0228	2.3778	0.0611	
13.8996	54.5103	3.0282	2.5778	0.0524	
13.6225	54.5297	3.033	2.7778	0.0436	
13.3455	54.5502	3.0369	2.7778	0.0349	
13.0686	54.572	3.0398	2.7778	0.0262	
12.7918	54.5954	3.0417	2.7778	0.0175	
12.5152	54.6206	3.0427	2.7778	0.0087	
12.2387	54.6481	3.0427	2.7778	0.0	
11.9626	54.6779	3.0417	2.7778	-0.0087	
11.6867	54.7104	3.0398	2.7778	-0.0175	
11.4112	54.7459	3.0369	2.7778	-0.0262	
11.1361	54.7845	3.033	2.7778	-0.0349	
10.8616	54.8266	3.0282	2.7778	-0.0436	
10.5876	54.8725	3.0223	2.7778	-0.0524	
10.3143	54.9223	3.0156	2.7778	-0.0611	
10.0419	54.9764	3.0078	2.7778	-0.0698	
9.7703	55.0349	2.9991	2.7778	-0.0785	
9.4998	55.0982	2.9894	2.7778	-0.0873	
9.23	55.164	2.9797	2.7778	-0.0873	
8.9608	55.2325	2.97	2.7778	-0.0873	
8.6923	55.3036	2.9604	2.7778	-0.0873	
8.4244	55.3773	2.9507	2.7778	-0.0873	
8.1573	55.4536	2.941	2.7778	-0.0873	
7.891	55.5325	2.9313	2.7778	-0.0873	
7.6254	55.6139	2.9216	2.7778	-0.0873	
7.3606	55.6979	2.9119	2.7778	-0.0873	
7.0967	55.7845	2.9023	2.7778	-0.0873	
6.8336	55.8736	2.8926	2.7778	-0.0873	
6.5903	55.9587	2.8836	2.5778	-0.0873	
55	4	3.1416	2.3778	-0.0873	
54.7831	4.019	3.134	2.1778	-0.0873	
54.5862	4.0377	3.1271	1.9778	-0.0873	
54.4093	4.0558	3.1209	1.7778	-0.0873	
54.2524	4.0728	3.1154	1.5778	-0.0873	
54.1156	4.0884	3.1106	1.3778	-0.0873	
53.9986	4.1023	3.1065	1.1778	-0.0873	
53.9016	4.1142	3.1031	0.9778	-0.0873	
53.8244	4.124	3.1004	0.7778	-0.0873	
53.7571	4.1321	3.0983	0.6778	-0.0785	
53.6997	4.1386	3.0966	0.5778	-0.0698	
53.6522	4.1436	3.0955	0.4778	-0.0611	
53.6146	4.1473	3.0947	0.3778	-0.0524	
53.5869	4.1499	3.0942	0.2778	-0.0436	
53.5692	4.1513	3.0939	0.1778	-0.0349	
53.5614	4.1519	3.0939	0.0778	-0.0262	
53.5614	4.1519	3.0939	0.0	-0.0175	
53.5614	4.1519	3.0939	0.0	-0.0087	
53.5614	4.1519	3.0939	0.0	0.0	
53.5614	4.1519	3.0939	0.0	0.0087	
53.5614	4.1519	3.0939	0.0	0.0175	
53.5614	4.1519	3.0939	0.0	0.0262	
53.5614	4.1519	3.0939	0.0	0.0349	
53.5614	4.1519	3.0939	0.0	0.0436	
53.5614	4.1519	3.0939	0.0	0.0524	
53.5614	4.1519	3.0939	0.0	0.0611	
53.5614	4.1519	3.0939	0.0	0.0698	
53.5614	4.1519	3.0939	0.0	0.0785	
53.5614	4.1519	3.0939	0.0	0.0873	
53.5115	4.1504	3.0954	0.5	0.0785	
53.4115	4.148	3.0982	1.0	0.0698	
53.2615	4.1453	3.1019	1.5	0.0611	
53.0615	4.1428	3.1061	2.0	0.0524	
52.8115	4.1408	3.1104	2.5	0.0436	
52.5338	4.1397	3.1143	2.7778	0.0349	
52.256	4.14	3.1172	2.7778	0.0262	
51.9782	4.142	3.1192	2.7778	0.0175	
51.7005	4.1458	3.1201	2.7778	0.0087	
51.4228	4.1517	3.1201	2.7778	0.0	
51.155	4.1551	3.1211	2.6778	0.0087	
50.8972	4.1559	3.1229	2.5778	0.0175	
50.6495	4.1541	3.1255	2.4778	0.0262	
50.4117	4.1496	3.1288	2.3778	0.0349	
50.184	4.1426	3.1328	2.2778	0.0436	
49.9665	4.1331	3.1373	2.1778	0.0524	
49.759	4.1213	-3.1408	2.0778	0.0611	
49.5617	4.1074	-3.1353	1.9778	0.0698	
49.3746	4.0915	-3.1294	1.8778	0.0785	
49.1977	4.0738	-3.1232	1.7778	0.0873	
48.9812	4.0508	-3.1156	2.1778	0.0873	
48.7251	4.0217	-3.1066	2.5778	0.0873	
7	11	0.0	2.7778	0.0873	
7.2767	11.0242	0.0097	2.7778	0.0873	
7.5532	11.0511	0.0194	2.7778	0.0873	
7.8294	11.0807	0.0291	2.7778	0.0873	
8.1053	11.1129	0.0387	2.7778	0.0873	
8.3809	11.1478	0.0484	2.7778	0.0873	
8.6561	11.1854	0.0581	2.7778	0.0873	
8.9309	11.2256	0.0678	2.7778	0.0873	
9.205	11.2709	0.0784	2.7778	0.096	
9.4781	11.3215	0.0901	2.7778	0.1047	
9.7502	11.3776	0.1026	2.7778	0.1134	
10.021	11.4396	0.1162	2.7778	0.1222	
10.2903	11.5075	0.1307	2.7778	0.1309	
10.558	11.5817	0.1461	2.7778	0.1396	
10.8238	11.6623	0.1626	2.7778	0.1484	
11.0875	11.7496	0.1799	2.7778	0.1571	
11.3489	11.8437	0.1983	2.7778	0.1658	
11.6076	11.9449	0.2176	2.7778	0.1745	
11.8652	12.0488	0.2359	2.7778	0.1658	
12.1218	12.1552	0.2533	2.7778	0.1571	
12.3775	12.2638	0.2697	2.7778	0.1484	
12.6323	12.3743	0.2852	2.7778	0.1396	
12.8864	12.4866	0.2997	2.7778	0.1309	
13.1398	12.6003	0.3132	2.7778	0.1222	
13.3927	12.7153	0.3258	2.7778	0.1134	
13.6451	12.8312	0.3374	2.7778	0.1047	
13.8972	12.9479	0.3481	2.7778	0.096	
14.1491	13.065	0.3578	2.7778	0.0873	
14.3917	13.1782	0.3662	2.6778	0.0785	
14.6254	13.287	0.3733	2.5778	0.0698	
14.8502	13.3913	0.3794	2.4778	0.0611	
15.0661	13.4908	0.3844	2.3778	0.0524	
15.2734	13.5854	0.3884	2.2778	0.0436	
15.4719	13.6748	0.3914	2.1778	0.0349	
15.6618	13.7591	0.3936	2.0778	0.0262	
15.8431	13.8381	0.3949	1.9778	0.0175	
16.0158	13.9119	0.3956	1.8778	0.0087	
16.1799	13.9804	0.3956	1.7778	0.0	
16.307	14.0335	0.3956	1.3778	0.0	
16.3972	14.0712	0.3956	0.9778	0.0	
16.4506	14.0934	0.3956	0.5778	0.0	
16.467	14.1003	0.3956	0.1778	0.0	
16.467	14.1003	0.3956	0.0	0.0	
16.467	14.1003	0.3956	0.0	0.0	
16.467	14.1003	0.3956	0.0	0.0	
16.467	14.1003	0.3956	0.0	0.0	
16.467	14.1003	0.3956	0.0	0.0	
16.467	14.1003	0.3956	0.0	0.0	
16.504	14.1154	0.3955	0.4	-0.0087	
16.5784	14.1449	0.3949	0.8	-0.0175	
16.6903	14.1881	0.3936	1.2	-0.0262	
16.8401	14.2443	0.3914	1.6	-0.0349	
17.0281	14.3125	0.3879	2.0	-0.0436	
17.2547	14.3915	0.3829	2.4	-0.0524	
17.5183	14.4794	0.3761	2.7778	-0.0611	
17.7831	14.5631	0.3684	2.7778	-0.0698	
18.0493	14.6425	0.3596	2.7778	-0.0785	
18.3168	14.7172	0.35	2.7778	-0.0873	
18.5664	14.782	0.3401	2.5778	-0.096	
18.7976	14.8375	0.3301	2.3778	-0.1047	
19.0103	14.8843	0.3203	2.1778	-0.1134	
19.2042	14.9232	0.3106	1.9778	-0.1222	
19.3791	14.955	0.3014	1.7778	-0.1309	
19.5348	14.9804	0.2926	1.5778	-0.1396	
19.6711	15.0002	0.2844	1.3778	-0.1484	
19.788	15.0152	0.2771	1.1778	-0.1571	
19.8851	15.026	0.2706	0.9778	-0.1658	
19.9626	15.0335	0.2652	0.7778	-0.1745	
20.0897	15.0461	0.2568	1.2778	-0.1658	
20.2666	15.0638	0.2456	1.7778	-0.1571	
20.4933	15.086	0.2322	2.2778	-0.1484	
20.7699	15.1116	0.2167	2.7778	-0.1396	
21.0467	15.1354	0.2022	2.7778	-0.1309	
21.3235	15.1577	0.1887	2.7778	-0.1222	
21.6005	15.1785	0.1761	2.7778	-0.1134	
21.8776	15.1983	0.1645	2.7778	-0.1047	
22.1547	15.2173	0.1538	2.7778	-0.096	
22.4319	15.2358	0.1441	2.7778	-0.0873	
22.6891	15.2527	0.136	2.5778	-0.0785	
22.9264	15.2685	0.1294	2.3778	-0.0698	
23.1436	15.2833	0.1241	2.1778	-0.0611	
23.3409	15.2975	0.12	1.9778	-0.0524	
23.5182	15.3111	0.1169	1.7778	-0.0436	
23.6754	15.324	0.1147	1.5778	-0.0349	
23.8127	15.3361	0.1132	1.3778	-0.0262	
23.9299	15.3474	0.1124	1.1778	-0.0175	
24.0272	15.3575	0.112	0.9778	-0.0087	
24.1044	15.3662	0.112	0.7778	0.0	
24.2215	15.3794	0.112	1.1778	0.0	
24.3783	15.397	0.112	1.5778	0.0	
24.5748	15.4191	0.112	1.9778	0.0	
24.8111	15.4457	0.112	2.3778	0.0	
25.0871	15.4768	0.112	2.7778	0.0	
25.3632	15.5078	0.112	2.7778	0.0	
25.6392	15.5389	0.112	2.7778	0.0	
25.9152	15.57	0.112	2.7778	0.0	
26.1913	15.601	0.112	2.7778	0.0	
26.4673	15.6321	0.112	2.7778	0.0	
26.7436	15.6607	0.1111	2.7778	-0.0087	
27.0202	15.6867	0.1091	2.7778	-0.0175	
27.297	15.7097	0.1062	2.7778	-0.0262	
27.5741	15.7295	0.1024	2.7778	-0.0349	
27.8514	15.7458	0.0975	2.7778	-0.0436	
28.1289	15.7583	0.0917	2.7778	-0.0524	
28.4065	15.7668	0.0849	2.7778	-0.0611	
28.6842	15.771	0.0772	2.7778	-0.0698	
28.962	15.7707	0.0684	2.7778	-0.0785	
29.2398	15.7654	0.0588	2.7778	-0.0873	
29.4774	15.7566	0.0496	2.3778	-0.096	
29.6748	15.7457	0.0414	1.9778	-0.1047	
29.8322	15.7343	0.0342	1.5778	-0.1134	
29.9495	15.724	0.0285	1.1778	-0.1222	
30.0269	15.716	0.0244	0.7778	-0.1309	
30.0644	15.7117	0.0223	0.3778	-0.1396	
30.0644	15.7117	0.0223	0.0	-0.1484	
30.0644	15.7117	0.0223	0.0	-0.1571	
30.0644	15.7117	0.0223	0.0	-0.1658	
30.0644	15.7117	0.0223	0.0	-0.1745	
30.094	15.7069	0.0201	0.3	-0.1833	
30.1532	15.6966	0.0156	0.6	-0.192	
30.2416	15.68	0.0084	0.9	-0.2007	
30.3592	15.6561	-0.0016	1.2	-0.2094	
30.5056	15.6234	-0.0146	1.5	-0.2182	
30.6804	15.5803	-0.0308	1.8	-0.2269	
30.883	15.525	-0.0504	2.1	-0.2356	
31.1126	15.4553	-0.0736	2.4	-0.2443	
31.3683	15.3687	-0.1007	2.7	-0.2531	
31.6281	15.2702	-0.1294	2.7778	-0.2618	
31.8849	15.1643	-0.1582	2.7778	-0.2618	
32.1385	15.051	-0.1869	2.7778	-0.2618	
32.3888	14.9305	-0.2157	2.7778	-0.2618	
32.6355	14.8028	-0.2445	2.7778	-0.2618	
32.8784	14.6681	-0.2732	2.7778	-0.2618	
33.1174	14.5265	-0.302	2.7778	-0.2618	
33.3522	14.3781	-0.3307	2.7778	-0.2618	
33.5826	14.223	-0.3595	2.7778	-0.2618	
33.8085	14.0613	-0.3882	2.7778	-0.2618	
34.0296	13.8932	-0.417	2.7778	-0.2618	
34.2458	13.7187	-0.4458	2.7778	-0.2618	
34.4569	13.5382	-0.4745	2.7778	-0.2618	
34.6627	13.3517	-0.5033	2.7778	-0.2618	
34.8631	13.1593	-0.532	2.7778	-0.2618	
35.0578	12.9612	-0.5608	2.7778	-0.2618	
35.2468	12.7576	-0.5895	2.7778	-0.2618	
35.4299	12.5487	-0.6183	2.7778	-0.2618	
35.6068	12.3346	-0.6471	2.7778	-0.2618	
35.7776	12.1155	-0.6758	2.7778	-0.2618	
35.9419	11.8915	-0.7046	2.7778	-0.2618	
36.0998	11.663	-0.7333	2.7778	-0.2618	
36.251	11.43	-0.7621	2.7778	-0.2618	
36.3955	11.1927	-0.7908	2.7778	-0.2618	
36.533	10.9514	-0.8196	2.7778	-0.2618	
36.6636	10.7062	-0.8484	2.7778	-0.2618	
36.7871	10.4574	-0.8771	2.7778	-0.2618	
36.9034	10.2051	-0.9059	2.7778	-0.2618	
37.0123	9.9496	-0.9346	2.7778	-0.2618	
37.1139	9.6911	-0.9634	2.7778	-0.2618	
37.208	9.4297	-0.9922	2.7778	-0.2618	
37.2915	9.1753	-1.0199	2.6778	-0.2618	
37.365	8.9282	-1.0466	2.5778	-0.2618	
37.4292	8.6889	-1.0722	2.4778	-0.2618	
37.485	8.4577	-1.0968	2.3778	-0.2618	
37.533	8.2351	-1.1204	2.2778	-0.2618	
37.5738	8.0212	-1.143	2.1778	-0.2618	
37.6081	7.8162	-1.1645	2.0778	-0.2618	
37.6366	7.6205	-1.1849	1.9778	-0.2618	
37.6599	7.4342	-1.2044	1.8778	-0.2618	
37.6784	7.2574	-1.2228	1.7778	-0.2618	
37.698	7.0304	-1.2464	2.2778	-0.2618	
37.7154	6.7532	-1.2751	2.7778	-0.2618	
37.7248	6.4756	-1.3039	2.7778	-0.2618	
37.7263	6.1978	-1.3326	2.7778	-0.2618	
37.7197	5.9201	-1.3614	2.7778	-0.2618	
37.7051	5.6427	-1.3902	2.7778	-0.2618	
37.6826	5.3659	-1.4189	2.7778	-0.2618	
37.6521	5.0898	-1.4477	2.7778	-0.2618	
37.6138	4.8146	-1.4764	2.7778	-0.2618	
37.5675	4.5408	-1.5052	2.7778	-0.2618	
37.5133	4.2683	-1.5339	2.7778	-0.2618	
95	33	0.0	2.7778	-0.2618	
95.2683	32.9281	-0.0288	2.7778	-0.2618	
95.5344	32.8485	-0.0575	2.7778	-0.2618	
95.7982	32.7613	-0.0863	2.7778	-0.2618	
64	15	1.5708	2.7778	-0.2618	
64.0719	15.2683	1.542	2.7778	-0.2618	
64.1515	15.5344	1.5133	2.7778	-0.2618	
64.2387	15.7982	1.4845	2.7778	-0.2618	
64.3334	16.0593	1.4558	2.7778	-0.2618	
64.4262	16.2998	1.4299	2.5778	-0.2531	
64.5155	16.5202	1.4069	2.3778	-0.2443	
64.6002	16.7208	1.3866	2.1778	-0.2356	
64.6793	16.9021	1.3688	1.9778	-0.2269	
64.7518	17.0644	1.3534	1.7778	-0.2182	
64.8171	17.208	1.3403	1.5778	-0.2094	
64.8747	17.3332	1.3293	1.3778	-0.2007	
64.9241	17.4401	1.3203	1.1778	-0.192	
64.9652	17.5288	1.3132	0.9778	-0.1833	
64.9978	17.5994	1.3078	0.7778	-0.1745	
65.0435	17.6971	1.3003	1.0778	-0.1745	
65.1028	17.8214	1.2907	1.3778	-0.1745	
65.1765	17.9722	1.2791	1.6778	-0.1745	
65.2654	18.1488	1.2653	1.9778	-0.1745	
65.3706	18.3509	1.2495	2.2778	-0.1745	
65.4932	18.5776	1.2316	2.5778	-0.1745	
65.6297	18.8195	1.2123	2.7778	-0.1745	
65.7708	19.0588	1.193	2.7778	-0.1745	
65.9166	19.2952	1.1737	2.7778	-0.1745	
66.0668	19.5289	1.1544	2.7778	-0.1745	
-1
