50.0	46.0	-3.141592653589793	0.0	-0.03490658503988659	6.0	7.0	-3.141592653589793	0.0	0.0	5
13.0	6.9467	-1.5708	0.5333	0.0	
13.0	6.9233	-1.5708	0.2333	0.0	
13.0	6.9233	-1.5708	0.0	0.0	
13.0	6.9233	-1.5708	0.0	0.0	
13.0	6.9233	-1.5708	0.0	0.0	
13.0	6.9233	-1.5708	0.0	0.0	
13.0	6.9233	-1.5708	0.0	0.0	
13.0	6.9233	-1.5708	0.0	0.0	
13.0	6.9233	-1.5708	0.0	0.0	
13.0	6.9233	-1.5708	0.0	0.0	
13.0004	6.8733	-1.5706	0.5	0.0087	
13.0022	6.7734	-1.5699	1.0	0.0175	
13.0063	6.6234	-1.5684	1.5	0.0262	
13.0137	6.4235	-1.5656	2.0	0.0349	
13.0259	6.1738	-1.5612	2.5	0.0436	
13.0431	5.8966	-1.5554	2.7778	0.0524	
13.0644	5.6196	-1.5486	2.7778	0.0611	
13.0899	5.343	-1.5409	2.7778	0.0698	
13.12	5.0669	-1.5321	2.7778	0.0785	
13.1549	4.7913	-1.5224	2.7778	0.0873	
13.1948	4.5164	-1.5118	2.7778	0.096	
13.2401	4.2424	-1.5002	2.7778	0.1047	
51	10	4.7124	2.7778	0.1134	
51.0339	9.7243	-1.5573	2.7778	0.1222	
51.0738	9.4494	-1.5428	2.7778	0.1309	
51.1202	9.1755	-1.5273	2.7778	0.1396	
51.1732	8.9028	-1.5109	2.7778	0.1484	
51.233	8.6316	-1.4935	2.7778	0.1571	
51.2998	8.362	-1.4751	2.7778	0.1658	
51.374	8.0943	-1.4559	2.7778	0.1745	
51.4533	7.8281	-1.4366	2.7778	0.1745	
51.5377	7.5634	-1.4173	2.7778	0.1745	
51.6272	7.3004	-1.398	2.7778	0.1745	
51.7218	7.0393	-1.3787	2.7778	0.1745	
51.8213	6.7799	-1.3594	2.7778	0.1745	
51.9259	6.5226	-1.3401	2.7778	0.1745	
52.0354	6.2673	-1.3208	2.7778	0.1745	
52.1498	6.0142	-1.3015	2.7778	0.1745	
52.2691	5.7633	-1.2822	2.7778	0.1745	
52.3932	5.5148	-1.2629	2.7778	0.1745	
52.5221	5.2687	-1.2436	2.7778	0.1745	
52.6557	5.0252	-1.2243	2.7778	0.1745	
52.7939	4.7843	-1.205	2.7778	0.1745	
52.9368	4.5461	-1.1857	2.7778	0.1745	
53.0843	4.3107	-1.1664	2.7778	0.1745	
53.2362	4.0781	-1.1471	2.7778	0.1745	
80	49	0.0	2.7778	0.1745	
80.2736	49.0482	0.0193	2.7778	0.1745	
80.5461	49.1017	0.0386	2.7778	0.1745	
80.8176	49.1605	0.0579	2.7778	0.1745	
81.069	49.2177	0.0749	2.5778	0.1658	
81.3004	49.2723	0.0898	2.3778	0.1571	
81.512	49.3237	0.1027	2.1778	0.1484	
81.704	49.3712	0.1137	1.9778	0.1396	
81.8765	49.4142	0.1229	1.7778	0.1309	
82.0296	49.4525	0.1306	1.5778	0.1222	
82.1633	49.4858	0.1369	1.3778	0.1134	
82.2776	49.514	0.1418	1.1778	0.1047	
82.3727	49.537	0.1456	0.9778	0.096	
82.4483	49.555	0.1483	0.7778	0.0873	
82.5241	49.5724	0.1507	0.7778	0.0785	
82.6	49.5895	0.1529	0.7778	0.0698	
82.676	49.606	0.1548	0.7778	0.0611	
82.7521	49.622	0.1564	0.7778	0.0524	
82.8284	49.6374	0.1578	0.7778	0.0436	
82.9047	49.6523	0.1588	0.7778	0.0349	
82.9811	49.6666	0.1597	0.7778	0.0262	
83.0577	49.6803	0.1602	0.7778	0.0175	
83.1344	49.6934	0.1605	0.7778	0.0087	
83.2112	49.7058	0.1605	0.7778	0.0	
83.2978	49.7199	0.1605	0.8778	0.0	
83.3943	49.7355	0.1605	0.9778	0.0	
83.5007	49.7527	0.1605	1.0778	0.0	
83.617	49.7715	0.1605	1.1778	0.0	
83.7431	49.7919	0.1605	1.2778	0.0	
83.8791	49.8139	0.1605	1.3778	0.0	
84.025	49.8376	0.1605	1.4778	0.0	
84.1808	49.8628	0.1605	1.5778	0.0	
84.3464	49.8896	0.1605	1.6778	0.0	
84.5219	49.918	0.1605	1.7778	0.0	
84.7075	49.9464	0.1598	1.8778	-0.0087	
84.9033	49.9744	0.1584	1.9778	-0.0175	
85.1092	50.0018	0.1563	2.0778	-0.0262	
85.3254	50.0282	0.1532	2.1778	-0.0349	
85.5518	50.0531	0.1492	2.2778	-0.0436	
85.7885	50.0761	0.1443	2.3778	-0.0524	
86.0354	50.0967	0.1382	2.4778	-0.0611	
86.2926	50.1143	0.131	2.5778	-0.0698	
86.56	50.1284	0.1226	2.6778	-0.0785	
86.8376	50.1382	0.1129	2.7778	-0.0873	
87.1152	50.1477	0.1042	2.7778	-0.0785	
87.3928	50.1573	0.0965	2.7778	-0.0698	
87.6704	50.1671	0.0897	2.7778	-0.0611	
87.948	50.1775	0.0839	2.7778	-0.0524	
88.2256	50.1887	0.079	2.7778	-0.0436	
88.5031	50.2009	0.0751	2.7778	-0.0349	
88.7805	50.2145	0.0722	2.7778	-0.0262	
89.0579	50.2297	0.0703	2.7778	-0.0175	
89.3351	50.2468	0.0693	2.7778	-0.0087	
89.6122	50.266	0.0693	2.7778	0.0	
89.8892	50.2877	0.0703	2.7778	0.0087	
90.1659	50.3121	0.0722	2.7778	0.0175	
90.4423	50.3393	0.0751	2.7778	0.0262	
90.7184	50.3699	0.079	2.7778	0.0349	
90.9941	50.4038	0.0839	2.7778	0.0436	
91.2693	50.4416	0.0897	2.7778	0.0524	
91.5439	50.4833	0.0965	2.7778	0.0611	
91.8179	50.5293	0.1042	2.7778	0.0698	
92.091	50.5798	0.1129	2.7778	0.0785	
92.3633	50.635	0.1226	2.7778	0.0873	
92.6344	50.6952	0.1333	2.7778	0.096	
92.9044	50.7607	0.1449	2.7778	0.1047	
93.1729	50.8317	0.1575	2.7778	0.1134	
93.4399	50.9084	0.171	2.7778	0.1222	
93.7051	50.9909	0.1855	2.7778	0.1309	
93.9684	51.0797	0.201	2.7778	0.1396	
94.2294	51.1748	0.2174	2.7778	0.1484	
94.4879	51.2764	0.2348	2.7778	0.1571	
94.7437	51.3847	0.2531	2.7778	0.1658	
94.9964	51.4999	0.2724	2.7778	0.1745	
95.2279	51.6133	0.2912	2.5778	0.1833	
95.4385	51.7238	0.3093	2.3778	0.192	
95.6285	51.8301	0.3267	2.1778	0.2007	
95.7986	51.9312	0.3432	1.9778	0.2094	
95.9491	52.0258	0.3586	1.7778	0.2182	
74	46	1.5708	1.5778	0.2269	
73.9678	46.134	1.5837	1.3778	0.2356	
73.9379	46.2479	1.5951	1.1778	0.2443	
73.9111	46.3419	1.6049	0.9778	0.2531	
73.8884	46.4163	1.6129	0.7778	0.2618	
73.8584	46.5094	1.6234	0.9778	0.2705	
73.82	46.6207	1.6363	1.1778	0.2793	
73.7723	46.75	1.652	1.3778	0.288	
73.7141	46.8966	1.6704	1.5778	0.2967	
73.644	47.06	1.6918	1.7778	0.3054	
73.5606	47.2393	1.7163	1.9778	0.3142	
73.4623	47.4337	1.7439	2.1778	0.3229	
73.3473	47.6418	1.7749	2.3778	0.3316	
73.2138	47.8623	1.8093	2.5778	0.3403	
73.0598	48.0935	1.8473	2.7778	0.3491	
72.9206	48.2862	1.8798	2.3778	0.3491	
72.7996	48.4427	1.9069	1.9778	0.3491	
72.6998	48.5649	1.9285	1.5778	0.3491	
72.6233	48.6545	1.9446	1.1778	0.3491	
72.5719	48.7128	1.9552	0.7778	0.3491	
72.5466	48.7408	1.9604	0.3778	0.3491	
72.5466	48.7408	1.9604	0.0	0.3491	
72.5466	48.7408	1.9604	0.0	0.3491	
72.5466	48.7408	1.9604	0.0	0.3491	
72.5466	48.7408	1.9604	0.0	0.3491	
72.5132	48.7781	1.9671	0.5	0.3403	
72.4467	48.8528	1.9801	1.0	0.3316	
72.3464	48.9643	1.9991	1.5	0.3229	
72.2112	49.1117	2.0239	2.0	0.3142	
72.0393	49.2931	2.0539	2.5	0.3054	
71.8439	49.4907	2.0864	2.7778	0.2967	
71.644	49.6835	2.118	2.7778	0.288	
71.4397	49.8717	2.1486	2.7778	0.2793	
71.2313	50.0553	2.1783	2.7778	0.2705	
71.0191	50.2346	2.207	2.7778	0.2618	
70.8253	50.389	2.2327	2.4778	0.2618	
70.6515	50.5203	2.2552	2.1778	0.2618	
70.4992	50.6301	2.2747	1.8778	0.2618	
70.3695	50.7199	2.291	1.5778	0.2618	
70.2632	50.7908	2.3042	1.2778	0.2618	
70.1812	50.844	2.3144	0.9778	0.2618	
70.1239	50.8803	2.3214	0.6778	0.2618	
70.0919	50.9004	2.3253	0.3778	0.2618	
70.0853	50.9045	2.3261	0.0778	0.2618	
70.0853	50.9045	2.3261	0.0	0.2618	
70.0853	50.9045	2.3261	0.0	0.2531	
70.0853	50.9045	2.3261	0.0	0.2443	
70.0853	50.9045	2.3261	0.0	0.2356	
70.0853	50.9045	2.3261	0.0	0.2269	
70.0853	50.9045	2.3261	0.0	0.2182	
70.0853	50.9045	2.3261	0.0	0.2094	
70.0853	50.9045	2.3261	0.0	0.2007	
70.0853	50.9045	2.3261	0.0	0.192	
70.0853	50.9045	2.3261	0.0	0.1833	
70.0853	50.9045	2.3261	0.0	0.1745	
70.045	50.934	2.3297	0.5	0.1833	
69.9636	50.9921	2.3374	1.0	0.192	
69.8401	51.0772	2.3493	1.5	0.2007	
69.6731	51.1873	2.366	2.0	0.2094	
69.4609	51.3196	2.3876	2.5	0.2182	
69.2208	51.4593	2.4126	2.7778	0.2269	
68.9762	51.5908	2.4386	2.7778	0.2356	
68.7271	51.7138	2.4654	2.7778	0.2443	
68.4738	51.8279	2.4933	2.7778	0.2531	
68.2166	51.9326	2.522	2.7778	0.2618	
67.9649	52.0242	2.5506	2.6778	0.2705	
67.7196	52.1032	2.5791	2.5778	0.2793	
67.4811	52.1704	2.6072	2.4778	0.288	
67.25	52.2264	2.635	2.3778	0.2967	
67.0268	52.2719	2.6624	2.2778	0.3054	
66.812	52.3077	2.6893	2.1778	0.3142	
66.6059	52.3345	2.7157	2.0778	0.3229	
66.409	52.3531	2.7415	1.9778	0.3316	
66.2216	52.3643	2.7665	1.8778	0.3403	
66.0439	52.3689	2.7909	1.7778	0.3491	
65.8961	52.3692	2.8111	1.4778	0.3491	
65.7783	52.367	2.8272	1.1778	0.3491	
65.6906	52.364	2.8392	0.8778	0.3491	
65.6329	52.3613	2.8471	0.5778	0.3491	
65.6052	52.3598	2.8509	0.2778	0.3491	
65.6052	52.3598	2.8509	0.0	0.3491	
65.6052	52.3598	2.8509	0.0	0.3491	
65.6052	52.3598	2.8509	0.0	0.3491	
65.6052	52.3598	2.8509	0.0	0.3491	
65.6052	52.3598	2.8509	0.0	0.3491	
65.6052	52.3598	2.8509	0.0	0.3578	
65.6052	52.3598	2.8509	0.0	0.3665	
65.6052	52.3598	2.8509	0.0	0.3752	
65.6052	52.3598	2.8509	0.0	0.384	
65.6052	52.3598	2.8509	0.0	0.3927	
65.6052	52.3598	2.8509	0.0	0.4014	
65.6052	52.3598	2.8509	0.0	0.4102	
65.6052	52.3598	2.8509	0.0	0.4189	
65.6052	52.3598	2.8509	0.0	0.4276	
65.6052	52.3598	2.8509	0.0	0.4363	
65.6052	52.3598	2.8509	0.0	0.4451	
65.6052	52.3598	2.8509	0.0	0.4538	
65.6052	52.3598	2.8509	0.0	0.4625	
65.6052	52.3598	2.8509	0.0	0.4712	
65.6052	52.3598	2.8509	0.0	0.48	
65.6052	52.3598	2.8509	0.0	0.4887	
65.6052	52.3598	2.8509	0.0	0.4974	
65.6052	52.3598	2.8509	0.0	0.5061	
65.6052	52.3598	2.8509	0.0	0.5149	
65.6052	52.3598	2.8509	0.0	0.5236	
65.6052	52.3598	2.8509	0.0	0.5323	
65.6052	52.3598	2.8509	0.0	0.5411	
65.6052	52.3598	2.8509	0.0	0.5498	
65.6052	52.3598	2.8509	0.0	0.5585	
65.6052	52.3598	2.8509	0.0	0.5672	
65.6052	52.3598	2.8509	0.0	0.576	
65.6052	52.3598	2.8509	0.0	0.5847	
65.6052	52.3598	2.8509	0.0	0.5934	
65.6052	52.3598	2.8509	0.0	0.6021	
65.6052	52.3598	2.8509	0.0	0.6109	
65.5862	52.3535	2.8555	0.2	0.6109	
65.5483	52.3407	2.8647	0.4	0.6109	
65.4916	52.321	2.8784	0.6	0.6109	
65.4164	52.2938	2.8968	0.8	0.6109	
65.323	52.258	2.9197	1.0	0.6109	
65.212	52.2125	2.9473	1.2	0.6109	
65.0839	52.1558	2.9794	1.4	0.6109	
64.9398	52.0864	3.0161	1.6	0.6109	
64.7806	52.0025	3.0574	1.8	0.6109	
64.6077	51.9019	3.1033	2.0	0.6109	
64.4071	51.7701	-3.1242	2.4	0.6196	
64.1852	51.603	-3.0589	2.7778	0.6283	
63.9763	51.4199	-2.9928	2.7778	0.637	
63.7817	51.2216	-2.9259	2.7778	0.6458	
63.6027	51.0093	-2.8583	2.7778	0.6545	
63.4403	50.7839	-2.7899	2.7778	0.6632	
63.2958	50.5467	-2.7207	2.7778	0.672	
63.1702	50.2989	-2.6508	2.7778	0.6807	
63.0644	50.0421	-2.5801	2.7778	0.6894	
62.9794	49.7776	-2.5087	2.7778	0.6981	
62.9181	49.517	-2.4391	2.6778	0.7069	
62.8789	49.2622	-2.3715	2.5778	0.7156	
62.86	49.0151	-2.3058	2.4778	0.7243	
62.8595	48.7773	-2.2421	2.3778	0.733	
62.8755	48.5501	-2.1806	2.2778	0.7418	
62.9061	48.3345	-2.1212	2.1778	0.7505	
62.9492	48.1312	-2.064	2.0778	0.7592	
63.0028	47.9409	-2.009	1.9778	0.7679	
63.0652	47.7638	-1.9564	1.8778	0.7767	
63.1344	47.6	-1.9061	1.7778	0.7854	
63.2335	47.3949	-1.8417	2.2778	0.7854	
63.3702	47.1531	-1.7631	2.7778	0.7854	
63.5254	46.9228	-1.6845	2.7778	0.7854	
63.6983	46.7053	-1.606	2.7778	0.7854	
63.8877	46.5021	-1.5274	2.7778	0.7854	
64.0924	46.3144	-1.4488	2.7778	0.7854	
64.3113	46.1434	-1.3703	2.7778	0.7854	
64.5429	45.99	-1.2917	2.7778	0.7854	
64.7858	45.8553	-1.2131	2.7778	0.7854	
65.0386	45.7401	-1.1345	2.7778	0.7854	
65.2613	45.6568	-1.0679	2.3778	0.7767	
65.4503	45.5984	-1.0129	1.9778	0.7679	
65.603	45.5587	-0.9695	1.5778	0.7592	
65.718	45.5332	-0.9374	1.1778	0.7505	
65.7942	45.518	-0.9163	0.7778	0.7418	
65.8314	45.5112	-0.9062	0.3778	0.733	
65.8314	45.5112	-0.9062	0.0	0.7243	
65.8314	45.5112	-0.9062	0.0	0.7156	
65.8314	45.5112	-0.9062	0.0	0.7069	
65.8314	45.5112	-0.9062	0.0	0.6981	
65.8314	45.5112	-0.9062	0.0	0.6981	
65.8314	45.5112	-0.9062	0.0	0.6981	
65.8314	45.5112	-0.9062	0.0	0.6981	
65.8314	45.5112	-0.9062	0.0	0.6981	
65.8314	45.5112	-0.9062	0.0	0.6981	
65.8314	45.5112	-0.9062	0.0	0.6981	
65.8314	45.5112	-0.9062	0.0	0.6981	
65.8314	45.5112	-0.9062	0.0	0.6981	
65.8314	45.5112	-0.9062	0.0	0.6981	
65.8314	45.5112	-0.9062	0.0	0.6981	
65.851	45.507	-0.9011	0.2	0.6981	
65.8901	45.499	-0.8908	0.4	0.6981	
65.949	45.4875	-0.8754	0.6	0.6981	
66.0278	45.4734	-0.8548	0.8	0.6981	
66.1266	45.4578	-0.8291	1.0	0.6981	
66.2455	45.4421	-0.7982	1.2	0.6981	
66.3848	45.4281	-0.7622	1.4	0.6981	
66.5445	45.4179	-0.7211	1.6	0.6981	
66.7244	45.4137	-0.6748	1.8	0.6981	
66.9244	45.4184	-0.6234	2.0	0.6981	
67.1538	45.4356	-0.5643	2.3	0.6981	
67.4114	45.4703	-0.4974	2.6	0.6981	
67.6836	45.5256	-0.426	2.7778	0.6981	
67.9512	45.6003	-0.3546	2.7778	0.6981	
68.2127	45.6939	-0.2832	2.7778	0.6981	
68.4669	45.8059	-0.2117	2.7778	0.6981	
68.7125	45.9357	-0.1403	2.7778	0.6981	
68.9482	46.0827	-0.0689	2.7778	0.6981	
69.1727	46.2462	0.0025	2.7778	0.6981	
69.3851	46.4253	0.074	2.7778	0.6981	
69.5713	46.6035	0.1395	2.5778	0.6894	
69.7335	46.7774	0.1994	2.3778	0.6807	
69.8737	46.9441	0.2536	2.1778	0.672	
69.994	47.101	0.3023	1.9778	0.6632	
70.0964	47.2463	0.3456	1.7778	0.6545	
70.1828	47.3784	0.3836	1.5778	0.6458	
70.2549	47.4958	0.4164	1.3778	0.637	
70.314	47.5977	0.4441	1.1778	0.6283	
70.3615	47.6831	0.4668	0.9778	0.6196	
70.3983	47.7516	0.4846	0.7778	0.6109	
70.4392	47.8293	0.5045	0.8778	0.6021	
70.4837	47.9164	0.5264	0.9778	0.5934	
70.5315	48.013	0.5502	1.0778	0.5847	
70.5822	48.1193	0.5758	1.1778	0.576	
70.6352	48.2356	0.6033	1.2778	0.5672	
70.69	48.362	0.6325	1.3778	0.5585	
70.7459	48.4987	0.6634	1.4778	0.5498	
70.8025	48.6461	0.6959	1.5778	0.5411	
70.8588	48.8041	0.73	1.6778	0.5323	
70.9143	48.973	0.7655	1.7778	0.5236	
70.9623	49.1337	0.7986	1.6778	0.5149	
71.0038	49.286	0.8292	1.5778	0.5061	
71.0395	49.4294	0.8574	1.4778	0.4974	
71.0703	49.5637	0.8832	1.3778	0.4887	
71.0966	49.6887	0.9068	1.2778	0.48	
71.1191	49.8043	0.9282	1.1778	0.4712	
71.1384	49.9103	0.9475	1.0778	0.4625	
71.1549	50.0067	0.9646	0.9778	0.4538	
71.169	50.0934	0.9797	0.8778	0.4451	
71.181	50.1702	0.9929	0.7778	0.4363	
71.1849	50.1977	0.9976	0.2778	0.4363	
71.1849	50.1977	0.9976	0.0	0.4363	
71.1849	50.1977	0.9976	0.0	0.4363	
71.1849	50.1977	0.9976	0.0	0.4363	
71.1849	50.1977	0.9976	0.0	0.4363	
71.1849	50.1977	0.9976	0.0	0.4363	
71.1849	50.1977	0.9976	0.0	0.4363	
71.1849	50.1977	0.9976	0.0	0.4363	
71.1849	50.1977	0.9976	0.0	0.4363	
71.1849	50.1977	0.9976	0.0	0.4363	
71.189	50.2274	1.0026	0.3	0.4363	
71.1969	50.2869	1.0128	0.6	0.4363	
71.2078	50.3762	1.028	0.9	0.4363	
71.2206	50.4956	1.0483	1.2	0.4363	
71.2335	50.645	1.0736	1.5	0.4363	
71.2445	50.8247	1.1041	1.8	0.4363	
71.2508	51.0346	1.1396	2.1	0.4363	
71.2496	51.2746	1.1801	2.4	0.4363	
71.2373	51.5443	1.2258	2.7	0.4363	
71.212	51.8209	1.2727	2.7778	0.4363	
71.1713	52.0957	1.3206	2.7778	0.4451	
71.1151	52.3677	1.3693	2.7778	0.4538	
71.0434	52.6361	1.4189	2.7778	0.4625	
70.9562	52.8998	1.4693	2.7778	0.4712	
70.8536	53.158	1.5206	2.7778	0.48	
70.7357	53.4095	1.5728	2.7778	0.4887	
70.6026	53.6533	1.6258	2.7778	0.4974	
70.4548	53.8885	1.6797	2.7778	0.5061	
70.2926	54.114	1.7344	2.7778	0.5149	
70.1164	54.3287	1.7899	2.7778	0.5236	
69.9267	54.5317	1.8463	2.7778	0.5323	
69.7243	54.7219	1.9035	2.7778	0.5411	
69.5097	54.8983	1.9616	2.7778	0.5498	
69.2839	55.0601	2.0205	2.7778	0.5585	
69.0477	55.2062	2.0802	2.7778	0.5672	
68.802	55.3358	2.1407	2.7778	0.576	
68.5479	55.4481	2.202	2.7778	0.5847	
68.2866	55.5423	2.2642	2.7778	0.5934	
68.0193	55.6178	2.3271	2.7778	0.6021	
67.7473	55.674	2.3908	2.7778	0.6109	
67.4719	55.7104	2.4553	2.7778	0.6196	
67.1946	55.7264	2.5206	2.7778	0.6283	
66.9168	55.722	2.5867	2.7778	0.637	
66.6402	55.6967	2.6536	2.7778	0.6458	
66.3663	55.6507	2.7212	2.7778	0.6545	
66.0966	55.5839	2.7897	2.7778	0.6632	
65.833	55.4965	2.8588	2.7778	0.672	
65.5769	55.3889	2.9287	2.7778	0.6807	
65.33	55.2615	2.9994	2.7778	0.6894	
65.0941	55.1149	3.0708	2.7778	0.6981	
-1
12	55	1.5708	1.7444	0.0087	
11.9973	55.1544	1.5719	1.5444	0.0175	
11.9936	55.2888	1.5733	1.3444	0.0262	
11.9894	55.4032	1.5749	1.1444	0.0349	
11.9849	55.4975	1.5765	0.9444	0.0436	
11.9805	55.5718	1.5781	0.7444	0.0524	
11.9768	55.6262	1.5794	0.5444	0.0611	
11.9741	55.6605	1.5804	0.3444	0.0698	
11.9728	55.6749	1.5808	0.1444	0.0785	
11.9728	55.6749	1.5808	0.0	0.0873	
11.9728	55.6749	1.5808	0.0	0.0873	
11.9728	55.6749	1.5808	0.0	0.0873	
11.9728	55.6749	1.5808	0.0	0.0873	
11.9728	55.6749	1.5808	0.0	0.0873	
11.9728	55.6749	1.5808	0.0	0.0873	
11.9728	55.6749	1.5808	0.0	0.0873	
11.9728	55.6749	1.5808	0.0	0.0873	
11.9728	55.6749	1.5808	0.0	0.0873	
11.9728	55.6749	1.5808	0.0	0.0873	
11.9728	55.6749	1.5808	0.0	0.0873	
11.9702	55.7048	1.5818	0.3	0.0785	
11.9653	55.7646	1.5834	0.6	0.0698	
11.9587	55.8543	1.5856	0.9	0.0611	
11.9507	55.9741	1.5882	1.2	0.0524	
48	47	3.1416	1.5	0.0436	
47.8201	46.9937	-3.1391	1.8	0.0349	
47.6102	46.9877	-3.1369	2.1	0.0262	
47.3703	46.9824	-3.1352	2.4	0.0175	
47.1003	46.9783	-3.1343	2.7	0.0087	
46.8225	46.9763	-3.1343	2.7778	0.0	
46.5447	46.9766	-3.1352	2.7778	-0.0087	
46.267	46.9797	-3.1372	2.7778	-0.0175	
45.9893	46.9858	-3.1401	2.7778	-0.0262	
45.7116	46.995	3.1392	2.7778	-0.0349	
45.4342	47.0078	3.1344	2.7778	-0.0436	
45.1569	47.0244	3.1286	2.7778	-0.0524	
44.8799	47.0449	3.1218	2.7778	-0.0611	
44.6032	47.0698	3.114	2.7778	-0.0698	
44.327	47.0992	3.1053	2.7778	-0.0785	
44.0513	47.1334	3.0956	2.7778	-0.0873	
43.7763	47.1727	3.085	2.7778	-0.096	
43.5022	47.2174	3.0734	2.7778	-0.1047	
43.229	47.2675	3.0608	2.7778	-0.1134	
42.9569	47.3235	3.0472	2.7778	-0.1222	
42.6861	47.3856	3.0327	2.7778	-0.1309	
42.4169	47.4539	3.0173	2.7778	-0.1396	
42.1494	47.5287	3.0009	2.7778	-0.1484	
41.8838	47.6102	2.9835	2.7778	-0.1571	
41.6205	47.6986	2.9651	2.7778	-0.1658	
41.3596	47.7941	2.9458	2.7778	-0.1745	
41.1016	47.8969	2.9256	2.7778	-0.1833	
40.8466	48.0071	2.9044	2.7778	-0.192	
40.595	48.1249	2.8822	2.7778	-0.2007	
40.3472	48.2504	2.8591	2.7778	-0.2094	
40.1035	48.3837	2.8351	2.7778	-0.2182	
39.8643	48.525	2.8101	2.7778	-0.2269	
39.63	48.6742	2.7842	2.7778	-0.2356	
39.4011	48.8314	2.7573	2.7778	-0.2443	
39.1778	48.9968	2.7295	2.7778	-0.2531	
38.9608	49.1701	2.7007	2.7778	-0.2618	
38.7883	49.3188	2.6764	2.2778	-0.2705	
38.6575	49.4393	2.6568	1.7778	-0.2793	
38.566	49.5285	2.6422	1.2778	-0.288	
38.5116	49.5841	2.6331	0.7778	-0.2967	
38.4925	49.6043	2.6298	0.2778	-0.3054	
38.4925	49.6043	2.6298	0.0	-0.3142	
38.4925	49.6043	2.6298	0.0	-0.3229	
38.4925	49.6043	2.6298	0.0	-0.3316	
38.4925	49.6043	2.6298	0.0	-0.3403	
38.4925	49.6043	2.6298	0.0	-0.3491	
38.4667	49.6348	2.6242	0.4	-0.3578	
38.416	49.6967	2.6127	0.8	-0.3665	
38.3418	49.791	2.5951	1.2	-0.3752	
38.2462	49.9193	2.5712	1.6	-0.384	
38.132	50.0835	2.5405	2.0	-0.3927	
38.0028	50.2858	2.503	2.4	-0.4014	
37.8643	50.5265	2.4587	2.7778	-0.4102	
37.7387	50.7743	2.4135	2.7778	-0.4189	
37.6267	51.0285	2.3675	2.7778	-0.4276	
37.5288	51.2884	2.3205	2.7778	-0.4363	
37.4408	51.5519	2.2744	2.7778	-0.4276	
37.3628	51.8185	2.2292	2.7778	-0.4189	
37.2946	52.0878	2.1849	2.7778	-0.4102	
37.2359	52.3593	2.1415	2.7778	-0.4014	
37.1867	52.6327	2.099	2.7778	-0.3927	
37.1468	52.9076	2.0574	2.7778	-0.384	
37.1159	53.1836	2.0166	2.7778	-0.3752	
37.0939	53.4605	1.9768	2.7778	-0.3665	
37.0805	53.738	1.9379	2.7778	-0.3578	
37.0755	54.0157	1.8999	2.7778	-0.3491	
37.0782	54.2535	1.8682	2.3778	-0.3403	
37.085	54.4512	1.8424	1.9778	-0.3316	
37.093	54.6087	1.8224	1.5778	-0.3229	
37.1004	54.7263	1.8078	1.1778	-0.3142	
37.1057	54.8039	1.7985	0.7778	-0.3054	
37.1083	54.8416	1.7941	0.3778	-0.2967	
37.1083	54.8416	1.7941	0.0	-0.288	
37.1083	54.8416	1.7941	0.0	-0.2793	
37.1083	54.8416	1.7941	0.0	-0.2705	
37.1083	54.8416	1.7941	0.0	-0.2618	
37.1083	54.8416	1.7941	0.0	-0.2618	
37.1083	54.8416	1.7941	0.0	-0.2618	
37.1083	54.8416	1.7941	0.0	-0.2618	
37.1083	54.8416	1.7941	0.0	-0.2618	
37.1083	54.8416	1.7941	0.0	-0.2618	
37.1083	54.8416	1.7941	0.0	-0.2618	
37.1083	54.8416	1.7941	0.0	-0.2618	
37.1083	54.8416	1.7941	0.0	-0.2618	
37.1083	54.8416	1.7941	0.0	-0.2618	
37.1083	54.8416	1.7941	0.0	-0.2618	
37.1103	54.8915	1.7889	0.5	-0.2618	
37.1146	54.9914	1.7785	1.0	-0.2618	
37.1227	55.1412	1.763	1.5	-0.2618	
37.1366	55.3407	1.7423	2.0	-0.2618	
37.1592	55.5897	1.7164	2.5	-0.2618	
37.1914	55.8656	1.6876	2.7778	-0.2618	
35	52	0.0	2.7778	-0.2618	
35.2683	51.9281	-0.0288	2.7778	-0.2618	
35.5344	51.8485	-0.0575	2.7778	-0.2618	
35.7982	51.7613	-0.0863	2.7778	-0.2618	
36.0601	51.6689	-0.1141	2.7778	-0.2531	
36.3202	51.5714	-0.141	2.7778	-0.2443	
36.5786	51.4693	-0.1669	2.7778	-0.2356	
36.8351	51.3627	-0.1919	2.7778	-0.2269	
37.0898	51.2519	-0.216	2.7778	-0.2182	
37.3428	51.1373	-0.2391	2.7778	-0.2094	
37.5942	51.019	-0.2612	2.7778	-0.2007	
37.8439	50.8974	-0.2824	2.7778	-0.192	
38.0921	50.7727	-0.3027	2.7778	-0.1833	
38.3389	50.6451	-0.322	2.7778	-0.1745	
38.5391	50.5366	-0.3378	2.2778	-0.1745	
38.6941	50.4495	-0.3501	1.7778	-0.1745	
38.8047	50.3855	-0.359	1.2778	-0.1745	
38.8717	50.3459	-0.3644	0.7778	-0.1745	
38.8955	50.3317	-0.3663	0.2778	-0.1745	
38.8955	50.3317	-0.3663	0.0	-0.1745	
38.8955	50.3317	-0.3663	0.0	-0.1745	
38.8955	50.3317	-0.3663	0.0	-0.1745	
38.8955	50.3317	-0.3663	0.0	-0.1745	
38.8955	50.3317	-0.3663	0.0	-0.1745	
38.9296	50.3108	-0.3692	0.4	-0.1833	
38.9973	50.2682	-0.3754	0.8	-0.192	
39.098	50.2028	-0.3849	1.2	-0.2007	
39.2305	50.1132	-0.3982	1.6	-0.2094	
39.3937	49.9976	-0.4155	2.0	-0.2182	
39.5859	49.8538	-0.4371	2.4	-0.2269	
39.8031	49.6807	-0.4631	2.7778	-0.2356	
40.0143	49.5002	-0.49	2.7778	-0.2443	
40.2188	49.3123	-0.5178	2.7778	-0.2531	
40.4164	49.117	-0.5465	2.7778	-0.2618	
40.5944	48.9306	-0.5732	2.5778	-0.2618	
40.754	48.7543	-0.5978	2.3778	-0.2618	
40.8962	48.5893	-0.6204	2.1778	-0.2618	
41.0218	48.4366	-0.6409	1.9778	-0.2618	
41.132	48.2971	-0.6593	1.7778	-0.2618	
41.2274	48.1714	-0.6756	1.5778	-0.2618	
41.309	48.0604	-0.6899	1.3778	-0.2618	
41.3773	47.9645	-0.7021	1.1778	-0.2618	
41.4331	47.8842	-0.7122	0.9778	-0.2618	
41.4768	47.8198	-0.7202	0.7778	-0.2618	
41.5037	47.7803	-0.725	0.4778	-0.2531	
41.5137	47.7657	-0.7267	0.1778	-0.2443	
41.5137	47.7657	-0.7267	0.0	-0.2356	
41.5137	47.7657	-0.7267	0.0	-0.2269	
41.5137	47.7657	-0.7267	0.0	-0.2182	
41.5137	47.7657	-0.7267	0.0	-0.2094	
41.5137	47.7657	-0.7267	0.0	-0.2007	
41.5137	47.7657	-0.7267	0.0	-0.192	
41.5137	47.7657	-0.7267	0.0	-0.1833	
41.5137	47.7657	-0.7267	0.0	-0.1745	
41.5137	47.7657	-0.7267	0.0	-0.1833	
41.5137	47.7657	-0.7267	0.0	-0.192	
41.5137	47.7657	-0.7267	0.0	-0.2007	
41.5137	47.7657	-0.7267	0.0	-0.2094	
41.5137	47.7657	-0.7267	0.0	-0.2182	
41.5137	47.7657	-0.7267	0.0	-0.2269	
41.5137	47.7657	-0.7267	0.0	-0.2356	
41.5137	47.7657	-0.7267	0.0	-0.2443	
41.5137	47.7657	-0.7267	0.0	-0.2531	
41.5137	47.7657	-0.7267	0.0	-0.2618	
41.5137	47.7657	-0.7267	0.0	-0.2705	
41.5137	47.7657	-0.7267	0.0	-0.2793	
41.5137	47.7657	-0.7267	0.0	-0.288	
41.5137	47.7657	-0.7267	0.0	-0.2967	
41.5137	47.7657	-0.7267	0.0	-0.3054	
41.5137	47.7657	-0.7267	0.0	-0.3142	
41.5137	47.7657	-0.7267	0.0	-0.3229	
41.5137	47.7657	-0.7267	0.0	-0.3316	
41.5137	47.7657	-0.7267	0.0	-0.3403	
41.5137	47.7657	-0.7267	0.0	-0.3491	
41.5137	47.7657	-0.7267	0.0	-0.3491	
41.5137	47.7657	-0.7267	0.0	-0.3491	
41.5137	47.7657	-0.7267	0.0	-0.3491	
41.5137	47.7657	-0.7267	0.0	-0.3491	
41.5137	47.7657	-0.7267	0.0	-0.3491	
41.5137	47.7657	-0.7267	0.0	-0.3491	
41.5137	47.7657	-0.7267	0.0	-0.3491	
41.5137	47.7657	-0.7267	0.0	-0.3491	
41.5137	47.7657	-0.7267	0.0	-0.3491	
41.5137	47.7657	-0.7267	0.0	-0.3491	
41.5185	47.7569	-0.7281	0.1	-0.3491	
41.528	47.7393	-0.7308	0.2	-0.3491	
41.5421	47.7128	-0.7349	0.3	-0.3491	
41.5608	47.6774	-0.7404	0.4	-0.3491	
41.584	47.6331	-0.7473	0.5	-0.3491	
41.6114	47.5797	-0.7555	0.6	-0.3491	
41.6429	47.5172	-0.765	0.7	-0.3491	
41.6781	47.4454	-0.776	0.8	-0.3491	
41.7169	47.3642	-0.7883	0.9	-0.3491	
41.7589	47.2735	-0.802	1.0	-0.3491	
41.7875	47.2095	-0.8116	0.7	-0.3491	
41.8034	47.1729	-0.817	0.4	-0.3491	
41.8074	47.1637	-0.8184	0.1	-0.3491	
41.8074	47.1637	-0.8184	0.0	-0.3491	
41.8074	47.1637	-0.8184	0.0	-0.3491	
41.8074	47.1637	-0.8184	0.0	-0.3491	
41.8074	47.1637	-0.8184	0.0	-0.3491	
41.8074	47.1637	-0.8184	0.0	-0.3491	
41.8074	47.1637	-0.8184	0.0	-0.3491	
41.8074	47.1637	-0.8184	0.0	-0.3491	
41.8074	47.1637	-0.8184	0.0	-0.3403	
41.8074	47.1637	-0.8184	0.0	-0.3316	
41.8074	47.1637	-0.8184	0.0	-0.3229	
41.8074	47.1637	-0.8184	0.0	-0.3142	
41.8074	47.1637	-0.8184	0.0	-0.3054	
41.8074	47.1637	-0.8184	0.0	-0.2967	
41.8074	47.1637	-0.8184	0.0	-0.288	
41.8074	47.1637	-0.8184	0.0	-0.2793	
41.8074	47.1637	-0.8184	0.0	-0.2705	
41.8074	47.1637	-0.8184	0.0	-0.2618	
41.8074	47.1637	-0.8184	0.0	-0.2618	
41.8074	47.1637	-0.8184	0.0	-0.2618	
41.8074	47.1637	-0.8184	0.0	-0.2618	
41.8074	47.1637	-0.8184	0.0	-0.2618	
41.8074	47.1637	-0.8184	0.0	-0.2618	
41.8074	47.1637	-0.8184	0.0	-0.2618	
41.8074	47.1637	-0.8184	0.0	-0.2618	
41.8074	47.1637	-0.8184	0.0	-0.2618	
41.8074	47.1637	-0.8184	0.0	-0.2618	
41.8074	47.1637	-0.8184	0.0	-0.2618	
41.812	47.1548	-0.8195	0.1	-0.2705	
41.8211	47.137	-0.8217	0.2	-0.2793	
41.8344	47.1101	-0.8251	0.3	-0.288	
41.8518	47.0741	-0.8298	0.4	-0.2967	
41.8729	47.0288	-0.8358	0.5	-0.3054	
41.8974	46.974	-0.8432	0.6	-0.3142	
41.925	46.9096	-0.8521	0.7	-0.3229	
41.9552	46.8356	-0.8625	0.8	-0.3316	
41.9875	46.7516	-0.8745	0.9	-0.3403	
42.0216	46.6576	-0.8882	1.0	-0.3491	
42.0417	46.601	-0.8962	0.6	-0.3403	
42.0484	46.5822	-0.8988	0.2	-0.3316	
42.0484	46.5822	-0.8988	0.0	-0.3229	
42.0484	46.5822	-0.8988	0.0	-0.3142	
42.0484	46.5822	-0.8988	0.0	-0.3054	
42.0484	46.5822	-0.8988	0.0	-0.2967	
42.0484	46.5822	-0.8988	0.0	-0.288	
42.0484	46.5822	-0.8988	0.0	-0.2793	
42.0484	46.5822	-0.8988	0.0	-0.2705	
42.0484	46.5822	-0.8988	0.0	-0.2618	
42.0484	46.5822	-0.8988	0.0	-0.2618	
42.0484	46.5822	-0.8988	0.0	-0.2618	
42.0484	46.5822	-0.8988	0.0	-0.2618	
42.0484	46.5822	-0.8988	0.0	-0.2618	
42.0484	46.5822	-0.8988	0.0	-0.2618	
42.0484	46.5822	-0.8988	0.0	-0.2618	
42.0484	46.5822	-0.8988	0.0	-0.2618	
42.0484	46.5822	-0.8988	0.0	-0.2618	
42.0484	46.5822	-0.8988	0.0	-0.2618	
42.0484	46.5822	-0.8988	0.0	-0.2618	
42.0647	46.5457	-0.9028	0.4	-0.2531	
42.0976	46.4727	-0.9106	0.8	-0.2443	
42.147	46.3634	-0.9218	1.2	-0.2356	
42.2126	46.2174	-0.9362	1.6	-0.2269	
42.2935	46.0345	-0.9535	2.0	-0.2182	
42.3887	45.8142	-0.9734	2.4	-0.2094	
42.496	45.558	-0.9956	2.7778	-0.2007	
42.5999	45.3004	-1.0168	2.7778	-0.192	
42.7005	45.0415	-1.037	2.7778	-0.1833	
42.7982	44.7814	-1.0563	2.7778	-0.1745	
42.8885	44.5188	-1.0766	2.7778	-0.1833	
42.9712	44.2536	-1.0978	2.7778	-0.192	
43.0459	43.986	-1.1199	2.7778	-0.2007	
43.1123	43.7163	-1.143	2.7778	-0.2094	
43.1701	43.4446	-1.1671	2.7778	-0.2182	
43.219	43.1712	-1.1921	2.7778	-0.2269	
43.2586	42.8962	-1.218	2.7778	-0.2356	
43.2887	42.6201	-1.2449	2.7778	-0.2443	
43.3089	42.343	-1.2727	2.7778	-0.2531	
43.3189	42.0654	-1.3015	2.7778	-0.2618	
43.3235	41.7877	-1.3293	2.7778	-0.2531	
43.3227	41.5099	-1.3562	2.7778	-0.2443	
43.3168	41.2322	-1.3821	2.7778	-0.2356	
43.3062	40.9546	-1.4071	2.7778	-0.2269	
43.2911	40.6773	-1.4311	2.7778	-0.2182	
43.2717	40.4002	-1.4542	2.7778	-0.2094	
43.2484	40.1234	-1.4764	2.7778	-0.2007	
43.2213	39.8469	-1.4976	2.7778	-0.192	
43.1908	39.5708	-1.5179	2.7778	-0.1833	
43.1571	39.2951	-1.5371	2.7778	-0.1745	
43.1271	39.0693	-1.5522	2.2778	-0.1658	
43.1026	38.8932	-1.5633	1.7778	-0.1571	
43.0846	38.7667	-1.5709	1.2778	-0.1484	
43.0738	38.6897	-1.5752	0.7778	-0.1396	
43.0701	38.6622	-1.5766	0.2778	-0.1309	
43.0701	38.6622	-1.5766	0.0	-0.1222	
43.0701	38.6622	-1.5766	0.0	-0.1134	
43.0701	38.6622	-1.5766	0.0	-0.1047	
43.0701	38.6622	-1.5766	0.0	-0.096	
43.0701	38.6622	-1.5766	0.0	-0.0873	
43.0701	38.6622	-1.5766	0.0	-0.0873	
43.0701	38.6622	-1.5766	0.0	-0.0873	
43.0701	38.6622	-1.5766	0.0	-0.0873	
43.0701	38.6622	-1.5766	0.0	-0.0873	
43.0701	38.6622	-1.5766	0.0	-0.0873	
43.0701	38.6622	-1.5766	0.0	-0.0873	
43.0701	38.6622	-1.5766	0.0	-0.0873	
43.0701	38.6622	-1.5766	0.0	-0.0873	
43.0701	38.6622	-1.5766	0.0	-0.0873	
43.0701	38.6622	-1.5766	0.0	-0.0873	
43.0692	38.6522	-1.577	0.1	-0.0785	
43.0677	38.6323	-1.5775	0.2	-0.0698	
43.0657	38.6023	-1.5782	0.3	-0.0611	
43.0633	38.5624	-1.5791	0.4	-0.0524	
43.0607	38.5125	-1.58	0.5	-0.0436	
43.058	38.4525	-1.5808	0.6	-0.0349	
43.0555	38.3826	-1.5815	0.7	-0.0262	
43.0532	38.3026	-1.5821	0.8	-0.0175	
43.0514	38.2126	-1.5824	0.9	-0.0087	
43.0503	38.1126	-1.5824	1.0	0.0	
43.0489	37.9926	-1.5824	1.2	0.0	
43.0473	37.8526	-1.5824	1.4	0.0	
43.0454	37.6927	-1.5824	1.6	0.0	
43.0433	37.5127	-1.5824	1.8	0.0	
43.041	37.3127	-1.5824	2.0	0.0	
43.0385	37.0927	-1.5824	2.2	0.0	
43.0357	36.8527	-1.5824	2.4	0.0	
43.0327	36.5927	-1.5824	2.6	0.0	
43.0294	36.315	-1.5824	2.7778	0.0	
43.0262	36.0372	-1.5824	2.7778	0.0	
43.0236	35.8094	-1.5824	2.2778	0.0	
43.0215	35.6317	-1.5824	1.7778	0.0	
43.02	35.5039	-1.5824	1.2778	0.0	
43.0191	35.4261	-1.5824	0.7778	0.0	
43.0188	35.3984	-1.5824	0.2778	0.0	
43.0188	35.3984	-1.5824	0.0	0.0	
43.0188	35.3984	-1.5824	0.0	0.0	
43.0188	35.3984	-1.5824	0.0	0.0	
43.0188	35.3984	-1.5824	0.0	0.0	
43.0188	35.3984	-1.5824	0.0	0.0	
43.0188	35.3984	-1.5824	0.0	0.0	
43.0188	35.3984	-1.5824	0.0	0.0	
43.0188	35.3984	-1.5824	0.0	0.0	
43.0188	35.3984	-1.5824	0.0	0.0	
43.0188	35.3984	-1.5824	0.0	0.0	
43.0188	35.3984	-1.5824	0.0	0.0	
43.0188	35.3984	-1.5824	0.0	0.0	
43.0188	35.3984	-1.5824	0.0	0.0	
43.0188	35.3984	-1.5824	0.0	0.0	
43.0188	35.3984	-1.5824	0.0	0.0	
43.0187	35.3884	-1.5824	0.1	0.0	
43.0184	35.3684	-1.5824	0.2	0.0	
43.0181	35.3384	-1.5824	0.3	0.0	
43.0176	35.2984	-1.5824	0.4	0.0	
43.0171	35.2484	-1.5824	0.5	0.0	
43.0164	35.1884	-1.5824	0.6	0.0	
43.0155	35.1184	-1.5824	0.7	0.0	
43.0146	35.0384	-1.5824	0.8	0.0	
43.0136	34.9484	-1.5824	0.9	0.0	
43.0124	34.8484	-1.5824	1.0	0.0	
43.0113	34.7484	-1.5824	1.0	0.0	
43.0101	34.6484	-1.5824	1.0	0.0	
43.0089	34.5484	-1.5824	1.0	0.0	
43.0078	34.4484	-1.5824	1.0	0.0	
43.0066	34.3484	-1.5824	1.0	0.0	
43.0055	34.2484	-1.5824	1.0	0.0	
43.0043	34.1484	-1.5824	1.0	0.0	
43.0031	34.0485	-1.5824	1.0	0.0	
43.002	33.9485	-1.5824	1.0	0.0	
43.0008	33.8485	-1.5824	1.0	0.0	
43.0002	33.7985	-1.5824	0.5	0.0	
43.0002	33.7985	-1.5824	0.0	0.0	
43.0002	33.7985	-1.5824	0.0	0.0	
43.0002	33.7985	-1.5824	0.0	0.0	
43.0002	33.7985	-1.5824	0.0	0.0	
43.0002	33.7985	-1.5824	0.0	0.0	
43.0002	33.7985	-1.5824	0.0	0.0	
43.0002	33.7985	-1.5824	0.0	0.0	
43.0002	33.7985	-1.5824	0.0	0.0	
43.0002	33.7985	-1.5824	0.0	0.0	
43.0001	33.7485	-1.5822	0.5	0.0087	
43.0007	33.6485	-1.5815	1.0	0.0175	
43.003	33.4985	-1.58	1.5	0.0262	
43.0082	33.2986	-1.5772	2.0	0.0349	
43.0175	33.0487	-1.5728	2.5	0.0436	
43.0315	32.7713	-1.567	2.7778	0.0524	
43.0495	32.4941	-1.5602	2.7778	0.0611	
43.0718	32.2172	-1.5525	2.7778	0.0698	
43.0986	31.9408	-1.5437	2.7778	0.0785	
43.1303	31.6648	-1.5341	2.7778	0.0873	
-1
11.74	40.0023	3.1407	2.6	-0.0087	
11.4701	40.0072	3.1388	2.7	-0.0175	
11.1924	40.0153	3.1359	2.7778	-0.0262	
10.9148	40.0265	3.132	2.7778	-0.0349	
10.6375	40.0413	3.1272	2.7778	-0.0436	
10.3603	40.0599	3.1214	2.7778	-0.0524	
10.0834	40.0824	3.1146	2.7778	-0.0611	
9.807	40.1093	3.1068	2.7778	-0.0698	
9.531	40.1407	3.0981	2.7778	-0.0785	
9.2556	40.1769	3.0884	2.7778	-0.0873	
8.9805	40.2158	3.0787	2.7778	-0.0873	
8.7059	40.2573	3.069	2.7778	-0.0873	
8.4316	40.3015	3.0594	2.7778	-0.0873	
8.1578	40.3484	3.0497	2.7778	-0.0873	
7.8845	40.3979	3.04	2.7778	-0.0873	
7.6117	40.4501	3.0303	2.7778	-0.0873	
7.3393	40.5048	3.0206	2.7778	-0.0873	
7.0676	40.5623	3.0109	2.7778	-0.0873	
6.7964	40.6223	3.0013	2.7778	-0.0873	
6.5257	40.685	2.9916	2.7778	-0.0873	
6.2757	40.7478	2.9817	2.5778	-0.096	
6.0462	40.81	2.9718	2.3778	-0.1047	
5.8371	40.8708	2.9619	2.1778	-0.1134	
5.6483	40.9296	2.9522	1.9778	-0.1222	
5.4796	40.9856	2.943	1.7778	-0.1309	
5.3307	41.038	2.9342	1.5778	-0.1396	
5.2016	41.086	2.926	1.3778	-0.1484	
5.0919	41.1288	2.9187	1.1778	-0.1571	
5.0014	41.1659	2.9122	0.9778	-0.1658	
4.9299	41.1965	2.9068	0.7778	-0.1745	
4.8398	41.2346	2.9004	0.9778	-0.1658	
4.7313	41.2803	2.893	1.1778	-0.1571	
4.6042	41.3335	2.8848	1.3778	-0.1484	
4.4587	41.3945	2.8761	1.5778	-0.1396	
4.2947	41.4631	2.8668	1.7778	-0.1309	
4.1123	41.5396	2.8571	1.9778	-0.1222	
82	32	0.0	2.1778	-0.1134	
82.2365	31.9751	-0.0099	2.3778	-0.1047	
82.4928	31.9479	-0.0198	2.5778	-0.096	
82.769	31.9182	-0.0295	2.7778	-0.0873	
83.0452	31.8882	-0.0382	2.7778	-0.0785	
83.3213	31.8583	-0.046	2.7778	-0.0698	
83.5975	31.8286	-0.0528	2.7778	-0.0611	
83.8737	31.7995	-0.0586	2.7778	-0.0524	
84.1501	31.7711	-0.0634	2.7778	-0.0436	
84.4265	31.7438	-0.0673	2.7778	-0.0349	
84.7031	31.7179	-0.0702	2.7778	-0.0262	
84.9798	31.6936	-0.0721	2.7778	-0.0175	
85.2567	31.6712	-0.0731	2.7778	-0.0087	
85.5337	31.6509	-0.0731	2.7778	0.0	
85.8105	31.6282	-0.0741	2.7778	-0.0087	
86.0872	31.6028	-0.076	2.7778	-0.0175	
86.3635	31.5744	-0.0789	2.7778	-0.0262	
86.6395	31.5429	-0.0828	2.7778	-0.0349	
86.915	31.5078	-0.0877	2.7778	-0.0436	
87.1901	31.4691	-0.0935	2.7778	-0.0524	
87.4645	31.4263	-0.1003	2.7778	-0.0611	
87.7383	31.3793	-0.108	2.7778	-0.0698	
88.0113	31.3278	-0.1167	2.7778	-0.0785	
88.2833	31.2715	-0.1264	2.7778	-0.0873	
88.5542	31.2102	-0.1371	2.7778	-0.096	
88.8239	31.1437	-0.1487	2.7778	-0.1047	
89.0922	31.0717	-0.1613	2.7778	-0.1134	
89.3589	30.9941	-0.1748	2.7778	-0.1222	
89.6238	30.9105	-0.1893	2.7778	-0.1309	
89.8867	30.8207	-0.2048	2.7778	-0.1396	
90.1473	30.7247	-0.2212	2.7778	-0.1484	
90.4055	30.6221	-0.2386	2.7778	-0.1571	
90.6609	30.5128	-0.2569	2.7778	-0.1658	
90.9132	30.3966	-0.2762	2.7778	-0.1745	
91.1173	30.2956	-0.2928	2.2778	-0.1833	
91.2746	30.2128	-0.3064	1.7778	-0.192	
91.3863	30.1507	-0.3166	1.2778	-0.2007	
91.4536	30.1117	-0.323	0.7778	-0.2094	
91.4774	30.0974	-0.3254	0.2778	-0.2182	
91.4774	30.0974	-0.3254	0.0	-0.2269	
91.4774	30.0974	-0.3254	0.0	-0.2356	
91.4774	30.0974	-0.3254	0.0	-0.2443	
91.4774	30.0974	-0.3254	0.0	-0.2531	
91.4774	30.0974	-0.3254	0.0	-0.2618	
91.4774	30.0974	-0.3254	0.0	-0.2531	
91.4774	30.0974	-0.3254	0.0	-0.2443	
91.4774	30.0974	-0.3254	0.0	-0.2356	
91.4774	30.0974	-0.3254	0.0	-0.2269	
91.4774	30.0974	-0.3254	0.0	-0.2182	
91.4774	30.0974	-0.3254	0.0	-0.2094	
91.4774	30.0974	-0.3254	0.0	-0.2007	
91.4774	30.0974	-0.3254	0.0	-0.192	
91.4774	30.0974	-0.3254	0.0	-0.1833	
91.4774	30.0974	-0.3254	0.0	-0.1745	
91.5123	30.0779	-0.3283	0.4	-0.1833	
91.5817	30.0381	-0.3345	0.8	-0.192	
91.685	29.9769	-0.344	1.2	-0.2007	
91.8211	29.8928	-0.3573	1.6	-0.2094	
91.9889	29.784	-0.3746	2.0	-0.2182	
92.1867	29.6482	-0.3962	2.4	-0.2269	
92.4109	29.4841	-0.4222	2.7778	-0.2356	
92.6292	29.3123	-0.4491	2.7778	-0.2443	
92.8413	29.1329	-0.4769	2.7778	-0.2531	
93.0467	28.9459	-0.5056	2.7778	-0.2618	
93.2483	28.7548	-0.5335	2.7778	-0.2531	
93.4462	28.5599	-0.5603	2.7778	-0.2443	
93.6405	28.3614	-0.5863	2.7778	-0.2356	
93.8314	28.1596	-0.6113	2.7778	-0.2269	
94.019	27.9547	-0.6353	2.7778	-0.2182	
94.2034	27.747	-0.6584	2.7778	-0.2094	
94.3848	27.5367	-0.6806	2.7778	-0.2007	
94.5634	27.3239	-0.7018	2.7778	-0.192	
94.7393	27.1089	-0.722	2.7778	-0.1833	
94.9127	26.8919	-0.7413	2.7778	-0.1745	
95.0697	26.6875	-0.7592	2.5778	-0.1745	
95.2111	26.4963	-0.7757	2.3778	-0.1745	
95.3378	26.3192	-0.7909	2.1778	-0.1745	
95.4503	26.1565	-0.8046	1.9778	-0.1745	
95.5495	26.009	-0.8169	1.7778	-0.1745	
95.6359	25.8769	-0.8279	1.5778	-0.1745	
95.71	25.7608	-0.8375	1.3778	-0.1745	
95.7725	25.661	-0.8457	1.1778	-0.1745	
95.8236	25.5776	-0.8525	0.9778	-0.1745	
95.8639	25.5111	-0.8579	0.7778	-0.1745	
95.8779	25.4871	-0.8599	0.2778	-0.1833	
95.8779	25.4871	-0.8599	0.0	-0.192	
95.8779	25.4871	-0.8599	0.0	-0.2007	
95.8779	25.4871	-0.8599	0.0	-0.2094	
95.8779	25.4871	-0.8599	0.0	-0.2182	
95.8779	25.4871	-0.8599	0.0	-0.2269	
95.8779	25.4871	-0.8599	0.0	-0.2356	
95.8779	25.4871	-0.8599	0.0	-0.2443	
95.8779	25.4871	-0.8599	0.0	-0.2531	
95.8779	25.4871	-0.8599	0.0	-0.2618	
95.8864	25.469	-0.862	0.2	-0.2705	
95.9031	25.4326	-0.8664	0.4	-0.2793	
95.9273	25.3778	-0.8732	0.6	-0.288	
95.9586	25.3041	-0.8826	0.8	-0.2967	
95.9959	25.2113	-0.8946	1.0	-0.3054	
80	47	0.0	1.2	-0.3142	
80.1328	46.9556	-0.0178	1.4	-0.3229	
80.2831	46.9008	-0.0386	1.6	-0.3316	
80.4503	46.8342	-0.0626	1.8	-0.3403	
80.6336	46.7542	-0.09	2.0	-0.3491	
80.7965	46.6777	-0.1146	1.8	-0.3491	
80.9396	46.6061	-0.1365	1.6	-0.3491	
81.0635	46.5408	-0.1557	1.4	-0.3491	
81.1685	46.4827	-0.1721	1.2	-0.3491	
81.2552	46.4329	-0.1858	1.0	-0.3491	
81.3241	46.3922	-0.1967	0.8	-0.3491	
81.3753	46.361	-0.2049	0.6	-0.3491	
81.4094	46.34	-0.2104	0.4	-0.3491	
81.4263	46.3294	-0.2131	0.2	-0.3491	
81.4263	46.3294	-0.2131	0.0	-0.3491	
81.4517	46.3134	-0.2172	0.3	-0.3491	
81.5023	46.2812	-0.2254	0.6	-0.3491	
81.5779	46.2323	-0.2378	0.9	-0.3491	
81.6778	46.1658	-0.2542	1.2	-0.3491	
81.8013	46.0807	-0.2747	1.5	-0.3491	
81.9474	45.9756	-0.2993	1.8	-0.3491	
82.1148	45.8488	-0.328	2.1	-0.3491	
82.3019	45.6984	-0.3609	2.4	-0.3491	
82.5066	45.5224	-0.3978	2.7	-0.3491	
82.7105	45.3337	-0.4358	2.7778	-0.3491	
82.9053	45.1357	-0.4747	2.7778	-0.3578	
83.0904	44.9286	-0.5146	2.7778	-0.3665	
83.2653	44.7128	-0.5553	2.7778	-0.3752	
83.4293	44.4886	-0.5969	2.7778	-0.384	
83.5818	44.2564	-0.6394	2.7778	-0.3927	
83.7222	44.0168	-0.6828	2.7778	-0.4014	
83.8499	43.7701	-0.7271	2.7778	-0.4102	
83.9644	43.517	-0.7723	2.7778	-0.4189	
84.0651	43.2581	-0.8184	2.7778	-0.4276	
84.1514	42.9941	-0.8654	2.7778	-0.4363	
84.212	42.7745	-0.9039	2.2778	-0.4363	
84.2526	42.6014	-0.9339	1.7778	-0.4363	
84.2781	42.4762	-0.9555	1.2778	-0.4363	
84.2919	42.3997	-0.9687	0.7778	-0.4363	
84.2965	42.3723	-0.9734	0.2778	-0.4363	
84.2965	42.3723	-0.9734	0.0	-0.4363	
84.2965	42.3723	-0.9734	0.0	-0.4363	
84.2965	42.3723	-0.9734	0.0	-0.4363	
84.2965	42.3723	-0.9734	0.0	-0.4363	
84.2965	42.3723	-0.9734	0.0	-0.4363	
84.2965	42.3723	-0.9734	0.0	-0.4363	
84.2965	42.3723	-0.9734	0.0	-0.4363	
84.2965	42.3723	-0.9734	0.0	-0.4363	
84.2965	42.3723	-0.9734	0.0	-0.4363	
84.2965	42.3723	-0.9734	0.0	-0.4363	
84.2965	42.3723	-0.9734	0.0	-0.4363	
84.2965	42.3723	-0.9734	0.0	-0.4363	
84.2965	42.3723	-0.9734	0.0	-0.4363	
84.2965	42.3723	-0.9734	0.0	-0.4363	
84.2965	42.3723	-0.9734	0.0	-0.4363	
84.2999	42.3526	-0.9767	0.2	-0.4276	
84.3069	42.3132	-0.9832	0.4	-0.4189	
84.3174	42.2541	-0.9928	0.6	-0.4102	
84.3315	42.1754	-1.0053	0.8	-0.4014	
84.3487	42.0769	-1.0206	1.0	-0.3927	
84.3686	41.9585	-1.0386	1.2	-0.384	
84.3904	41.8202	-1.0591	1.4	-0.3752	
84.4136	41.6619	-1.082	1.6	-0.3665	
84.4371	41.4835	-1.1072	1.8	-0.3578	
84.46	41.2848	-1.1346	2.0	-0.3491	
84.4741	41.1053	-1.1598	1.8	-0.3578	
84.4812	40.9455	-1.1827	1.6	-0.3665	
84.483	40.8055	-1.2033	1.4	-0.3752	
84.481	40.6855	-1.2212	1.2	-0.384	
84.4767	40.5856	-1.2366	1.0	-0.3927	
84.4713	40.5058	-1.2491	0.8	-0.4014	
84.466	40.446	-1.2586	0.6	-0.4102	
84.4618	40.4062	-1.2651	0.4	-0.4189	
84.4593	40.3864	-1.2685	0.2	-0.4276	
84.4593	40.3864	-1.2685	0.0	-0.4363	
84.4593	40.3864	-1.2685	0.0	-0.4363	
84.4593	40.3864	-1.2685	0.0	-0.4363	
84.4593	40.3864	-1.2685	0.0	-0.4363	
84.4593	40.3864	-1.2685	0.0	-0.4363	
84.4593	40.3864	-1.2685	0.0	-0.4363	
84.4593	40.3864	-1.2685	0.0	-0.4363	
84.4593	40.3864	-1.2685	0.0	-0.4363	
84.4593	40.3864	-1.2685	0.0	-0.4363	
84.4593	40.3864	-1.2685	0.0	-0.4363	
84.4593	40.3864	-1.2685	0.0	-0.4363	
84.4593	40.3864	-1.2685	0.0	-0.4276	
84.4593	40.3864	-1.2685	0.0	-0.4189	
84.4593	40.3864	-1.2685	0.0	-0.4102	
84.4593	40.3864	-1.2685	0.0	-0.4014	
84.4593	40.3864	-1.2685	0.0	-0.3927	
84.4593	40.3864	-1.2685	0.0	-0.384	
84.4593	40.3864	-1.2685	0.0	-0.3752	
84.4593	40.3864	-1.2685	0.0	-0.3665	
84.4593	40.3864	-1.2685	0.0	-0.3578	
84.4593	40.3864	-1.2685	0.0	-0.3491	
84.4582	40.3564	-1.2725	0.3	-0.3403	
84.4562	40.2964	-1.2803	0.6	-0.3316	
84.4533	40.2065	-1.2917	0.9	-0.3229	
84.4491	40.0866	-1.3065	1.2	-0.3142	
84.4429	39.9367	-1.3246	1.5	-0.3054	
84.4338	39.7569	-1.3456	1.8	-0.2967	
84.4206	39.5473	-1.3695	2.1	-0.288	
84.4019	39.3081	-1.3959	2.4	-0.2793	
84.3762	39.0393	-1.4248	2.7	-0.2705	
84.3441	38.7634	-1.4536	2.7778	-0.2618	
84.3084	38.5182	-1.4792	2.4778	-0.2618	
84.2715	38.3036	-1.5018	2.1778	-0.2618	
84.2355	38.1193	-1.5212	1.8778	-0.2618	
84.2023	37.965	-1.5375	1.5778	-0.2618	
84.1733	37.8406	-1.5508	1.2778	-0.2618	
84.1499	37.7456	-1.5609	0.9778	-0.2618	
84.133	37.68	-1.5679	0.6778	-0.2618	
84.1233	37.6435	-1.5718	0.3778	-0.2618	
84.1213	37.636	-1.5726	0.0778	-0.2618	
84.1213	37.636	-1.5726	0.0	-0.2618	
84.1161	37.6167	-1.5747	0.2	-0.2618	
84.1056	37.5781	-1.5788	0.4	-0.2618	
84.0896	37.5202	-1.585	0.6	-0.2618	
84.0678	37.4433	-1.5933	0.8	-0.2618	
84.0398	37.3473	-1.6037	1.0	-0.2618	
84.0049	37.2324	-1.6161	1.2	-0.2618	
83.9626	37.099	-1.6306	1.4	-0.2618	
83.912	36.9472	-1.6472	1.6	-0.2618	
83.8523	36.7774	-1.6658	1.8	-0.2618	
83.7824	36.59	-1.6865	2.0	-0.2618	
83.7071	36.4047	-1.7079	2.0	-0.2705	
83.6262	36.2218	-1.7299	2.0	-0.2793	
83.5398	36.0415	-1.7526	2.0	-0.288	
83.4477	35.8639	-1.776	2.0	-0.2967	
83.3499	35.6894	-1.8001	2.0	-0.3054	
83.2465	35.5183	-1.8248	2.0	-0.3142	
83.1374	35.3506	-1.8502	2.0	-0.3229	
83.0227	35.1868	-1.8762	2.0	-0.3316	
82.9023	35.0271	-1.9029	2.0	-0.3403	
82.7763	34.8717	-1.9303	2.0	-0.3491	
82.6777	34.7587	-1.9513	1.5	-0.3578	
82.6098	34.6853	-1.9657	1.0	-0.3665	
82.575	34.6494	-1.973	0.5	-0.3752	
82.575	34.6494	-1.973	0.0	-0.384	
82.575	34.6494	-1.973	0.0	-0.3927	
82.575	34.6494	-1.973	0.0	-0.4014	
82.575	34.6494	-1.973	0.0	-0.4102	
82.575	34.6494	-1.973	0.0	-0.4189	
82.575	34.6494	-1.973	0.0	-0.4276	
82.575	34.6494	-1.973	0.0	-0.4363	
82.575	34.6494	-1.973	0.0	-0.4451	
82.575	34.6494	-1.973	0.0	-0.4538	
82.575	34.6494	-1.973	0.0	-0.4625	
82.575	34.6494	-1.973	0.0	-0.4712	
82.575	34.6494	-1.973	0.0	-0.48	
82.575	34.6494	-1.973	0.0	-0.4887	
82.575	34.6494	-1.973	0.0	-0.4974	
82.575	34.6494	-1.973	0.0	-0.5061	
82.575	34.6494	-1.973	0.0	-0.5149	
82.575	34.6494	-1.973	0.0	-0.5236	
82.575	34.6494	-1.973	0.0	-0.5149	
82.575	34.6494	-1.973	0.0	-0.5061	
82.575	34.6494	-1.973	0.0	-0.4974	
82.575	34.6494	-1.973	0.0	-0.4887	
82.575	34.6494	-1.973	0.0	-0.48	
82.575	34.6494	-1.973	0.0	-0.4712	
82.575	34.6494	-1.973	0.0	-0.4625	
82.575	34.6494	-1.973	0.0	-0.4538	
82.575	34.6494	-1.973	0.0	-0.4451	
82.575	34.6494	-1.973	0.0	-0.4363	
82.5528	34.6292	-1.978	0.3	-0.4276	
82.5087	34.5885	-1.9877	0.6	-0.4189	
82.4425	34.5276	-2.0021	0.9	-0.4102	
82.3537	34.4468	-2.0208	1.2	-0.4014	
82.2418	34.347	-2.0438	1.5	-0.3927	
82.1057	34.2292	-2.0708	1.8	-0.384	
81.9445	34.0946	-2.1016	2.1	-0.3752	
81.7569	33.9449	-2.136	2.4	-0.3665	
81.5416	33.782	-2.1738	2.7	-0.3578	
81.3153	33.6209	-2.2118	2.7778	-0.3491	
81.0831	33.4684	-2.2498	2.7778	-0.3491	
80.8452	33.325	-2.2878	2.7778	-0.3491	
80.6021	33.1907	-2.3258	2.7778	-0.3491	
80.354	33.0657	-2.3638	2.7778	-0.3491	
80.1014	32.9502	-2.4018	2.7778	-0.3491	
79.8445	32.8444	-2.4398	2.7778	-0.3491	
79.5839	32.7484	-2.4778	2.7778	-0.3491	
79.3197	32.6624	-2.5158	2.7778	-0.3491	
79.0525	32.5865	-2.5538	2.7778	-0.3491	
78.7826	32.5209	-2.5918	2.7778	-0.3491	
78.5598	32.4735	-2.6222	2.2778	-0.3403	
78.3852	32.4403	-2.6454	1.7778	-0.3316	
78.2593	32.4183	-2.6616	1.2778	-0.3229	
78.1826	32.4054	-2.6712	0.7778	-0.3142	
78.1552	32.4009	-2.6745	0.2778	-0.3054	
78.1552	32.4009	-2.6745	0.0	-0.2967	
78.1552	32.4009	-2.6745	0.0	-0.288	
78.1552	32.4009	-2.6745	0.0	-0.2793	
78.1552	32.4009	-2.6745	0.0	-0.2705	
78.1552	32.4009	-2.6745	0.0	-0.2618	
78.1259	32.3945	-2.6775	0.3	-0.2531	
78.0673	32.3814	-2.6834	0.6	-0.2443	
77.9795	32.3616	-2.6918	0.9	-0.2356	
77.8625	32.335	-2.7026	1.2	-0.2269	
77.7162	32.3022	-2.7155	1.5	-0.2182	
77.5404	32.2635	-2.7305	1.8	-0.2094	
77.335	32.2196	-2.7473	2.1	-0.2007	
77.0999	32.1714	-2.7656	2.4	-0.192	
76.8349	32.1197	-2.7853	2.7	-0.1833	
76.5617	32.0695	-2.8046	2.7778	-0.1745	
76.2978	32.0238	-2.8222	2.6778	-0.1658	
76.0434	31.9822	-2.8384	2.5778	-0.1571	
75.7986	31.944	-2.853	2.4778	-0.1484	
75.5635	31.9087	-2.8662	2.3778	-0.1396	
75.3381	31.8759	-2.8781	2.2778	-0.1309	
75.1225	31.8452	-2.8888	2.1778	-0.1222	
74.9167	31.8163	-2.8982	2.0778	-0.1134	
74.7208	31.789	-2.9064	1.9778	-0.1047	
74.5349	31.7629	-2.9136	1.8778	-0.096	
74.3588	31.738	-2.9198	1.7778	-0.0873	
74.1728	31.7128	-2.9264	1.8778	-0.0873	
73.9766	31.6876	-2.9333	1.9778	-0.0873	
73.7703	31.6625	-2.9405	2.0778	-0.0873	
73.554	31.6378	-2.9481	2.1778	-0.0873	
73.3275	31.6136	-2.956	2.2778	-0.0873	
73.0908	31.5903	-2.9643	2.3778	-0.0873	
72.8441	31.568	-2.973	2.4778	-0.0873	
72.5871	31.5471	-2.982	2.5778	-0.0873	
72.3201	31.5277	-2.9913	2.6778	-0.0873	
72.0428	31.5102	-3.001	2.7778	-0.0873	
71.7655	31.4954	-3.0107	2.7778	-0.0873	
71.4879	31.4833	-3.0203	2.7778	-0.0873	
71.2103	31.4739	-3.03	2.7778	-0.0873	
70.9326	31.4671	-3.0397	2.7778	-0.0873	
70.6549	31.4631	-3.0494	2.7778	-0.0873	
70.3771	31.4617	-3.0591	2.7778	-0.0873	
70.0993	31.463	-3.0688	2.7778	-0.0873	
69.8216	31.467	-3.0785	2.7778	-0.0873	
69.5439	31.4737	-3.0881	2.7778	-0.0873	
69.2663	31.4831	-3.0978	2.7778	-0.0873	
69.0387	31.493	-3.1058	2.2778	-0.0873	
68.8612	31.5022	-3.112	1.7778	-0.0873	
68.7336	31.5095	-3.1164	1.2778	-0.0873	
68.656	31.5143	-3.1191	0.7778	-0.0873	
68.6283	31.5161	-3.1201	0.2778	-0.0873	
68.6283	31.5161	-3.1201	0.0	-0.0873	
68.6283	31.5161	-3.1201	0.0	-0.0873	
68.6283	31.5161	-3.1201	0.0	-0.0873	
68.6283	31.5161	-3.1201	0.0	-0.0873	
68.6283	31.5161	-3.1201	0.0	-0.0873	
68.5783	31.519	-3.1217	0.5	-0.0785	
68.4785	31.524	-3.1245	1.0	-0.0698	
68.3286	31.5306	-3.1281	1.5	-0.0611	
68.1288	31.5383	-3.1323	2.0	-0.0524	
67.8789	31.5469	-3.1367	2.5	-0.0436	
67.6012	31.5553	-3.1405	2.7778	-0.0349	
67.3236	31.5622	3.1397	2.7778	-0.0262	
67.0458	31.5676	3.1378	2.7778	-0.0175	
66.7681	31.5711	3.1368	2.7778	-0.0087	
66.4903	31.5724	3.1368	2.7778	0.0	
66.2125	31.5737	3.1368	2.7778	0.0	
65.9348	31.575	3.1368	2.7778	0.0	
65.657	31.5764	3.1368	2.7778	0.0	
65.3792	31.5777	3.1368	2.7778	0.0	
65.1014	31.579	3.1368	2.7778	0.0	
64.8237	31.5803	3.1368	2.7778	0.0	
64.5459	31.5817	3.1368	2.7778	0.0	
64.2681	31.583	3.1368	2.7778	0.0	
63.9903	31.5843	3.1368	2.7778	0.0	
63.7126	31.5856	3.1368	2.7778	0.0	
-1
28.0	15.0	0.0	0.0	0.0087	
28.0	15.0	0.0	0.0	0.0175	
28.0	15.0	0.0	0.0	0.0262	
28.0	15.0	0.0	0.0	0.0349	
28.0	15.0	0.0	0.0	0.0436	
28.0	15.0	0.0	0.0	0.0524	
28.0	15.0	0.0	0.0	0.0611	
28.0	15.0	0.0	0.0	0.0698	
28.0	15.0	0.0	0.0	0.0785	
28.0	15.0	0.0	0.0	0.0873	
28.0	15.0	0.0	0.0	0.0873	
28.0	15.0	0.0	0.0	0.0873	
28.0	15.0	0.0	0.0	0.0873	
28.0	15.0	0.0	0.0	0.0873	
28.0	15.0	0.0	0.0	0.0873	
28.0	15.0	0.0	0.0	0.0873	
28.0	15.0	0.0	0.0	0.0873	
28.0	15.0	0.0	0.0	0.0873	
28.0	15.0	0.0	0.0	0.0873	
28.0	15.0	0.0	0.0	0.0873	
28.0	15.0	0.0	0.0	0.0785	
28.0	15.0	0.0	0.0	0.0698	
28.0	15.0	0.0	0.0	0.0611	
28.0	15.0	0.0	0.0	0.0524	
28.0	15.0	0.0	0.0	0.0436	
28.0	15.0	0.0	0.0	0.0349	
28.0	15.0	0.0	0.0	0.0262	
28.0	15.0	0.0	0.0	0.0175	
28.0	15.0	0.0	0.0	0.0087	
28.0	15.0	0.0	0.0	0.0	
28.0	15.0	0.0	0.0	-0.0087	
28.0	15.0	0.0	0.0	-0.0175	
28.0	15.0	0.0	0.0	-0.0262	
28.0	15.0	0.0	0.0	-0.0349	
28.0	15.0	0.0	0.0	-0.0436	
28.0	15.0	0.0	0.0	-0.0524	
28.0	15.0	0.0	0.0	-0.0611	
28.0	15.0	0.0	0.0	-0.0698	
28.0	15.0	0.0	0.0	-0.0785	
28.0	15.0	0.0	0.0	-0.0873	
28.0	15.0	0.0	0.0	-0.096	
28.0	15.0	0.0	0.0	-0.1047	
28.0	15.0	0.0	0.0	-0.1134	
28.0	15.0	0.0	0.0	-0.1222	
28.0	15.0	0.0	0.0	-0.1309	
28.0	15.0	0.0	0.0	-0.1396	
28.0	15.0	0.0	0.0	-0.1484	
28.0	15.0	0.0	0.0	-0.1571	
28.0	15.0	0.0	0.0	-0.1658	
28.0	15.0	0.0	0.0	-0.1745	
28.0	15.0	0.0	0.0	-0.1658	
28.0	15.0	0.0	0.0	-0.1571	
28.0	15.0	0.0	0.0	-0.1484	
28.0	15.0	0.0	0.0	-0.1396	
28.0	15.0	0.0	0.0	-0.1309	
28.0	15.0	0.0	0.0	-0.1222	
28.0	15.0	0.0	0.0	-0.1134	
28.0	15.0	0.0	0.0	-0.1047	
28.0	15.0	0.0	0.0	-0.096	
28.0	15.0	0.0	0.0	-0.0873	
28.0	15.0	0.0	0.0	-0.0785	
28.0	15.0	0.0	0.0	-0.0698	
28.0	15.0	0.0	0.0	-0.0611	
28.0	15.0	0.0	0.0	-0.0524	
28.0	15.0	0.0	0.0	-0.0436	
28.0	15.0	0.0	0.0	-0.0349	
28.0	15.0	0.0	0.0	-0.0262	
28.0	15.0	0.0	0.0	-0.0175	
28.0	15.0	0.0	0.0	-0.0087	
28.0	15.0	0.0	0.0	0.0	
28.03	15.0003	0.0001	0.3	0.0087	
28.09	15.0013	0.0005	0.6	0.0175	
28.18	15.0037	0.0015	0.9	0.0262	
28.2999	15.0081	0.0031	1.2	0.0349	
28.4497	15.0151	0.0058	1.5	0.0436	
28.6294	15.0256	0.0095	1.8	0.0524	
28.8389	15.0404	0.0147	2.1	0.0611	
29.078	15.0606	0.0214	2.4	0.0698	
29.3467	15.0875	0.0298	2.7	0.0785	
29.6226	15.12	0.0395	2.7778	0.0873	
29.8978	15.1575	0.0502	2.7778	0.096	
30.1722	15.2004	0.0618	2.7778	0.1047	
30.4458	15.2488	0.0744	2.7778	0.1134	
30.7182	15.303	0.0879	2.7778	0.1222	
30.9894	15.3633	0.1024	2.7778	0.1309	
31.259	15.4299	0.1179	2.7778	0.1396	
31.527	15.503	0.1343	2.7778	0.1484	
31.7931	15.5828	0.1517	2.7778	0.1571	
32.057	15.6695	0.17	2.7778	0.1658	
32.3185	15.7633	0.1893	2.7778	0.1745	
32.578	15.8621	0.2086	2.7778	0.1745	
32.8357	15.966	0.2279	2.7778	0.1745	
33.0913	16.0748	0.2472	2.7778	0.1745	
33.3447	16.1885	0.2665	2.7778	0.1745	
33.5959	16.307	0.2858	2.7778	0.1745	
33.8448	16.4304	0.3051	2.7778	0.1745	
34.0912	16.5586	0.3244	2.7778	0.1745	
34.3351	16.6915	0.3436	2.7778	0.1745	
34.5765	16.8291	0.3629	2.7778	0.1745	
34.8151	16.9713	0.3822	2.7778	0.1745	
35.0522	17.116	0.4006	2.7778	0.1658	
35.2879	17.263	0.418	2.7778	0.1571	
35.5223	17.4121	0.4344	2.7778	0.1484	
35.7555	17.5629	0.4498	2.7778	0.1396	
35.9878	17.7153	0.4643	2.7778	0.1309	
36.2191	17.8691	0.4779	2.7778	0.1222	
36.4497	18.0239	0.4905	2.7778	0.1134	
36.6797	18.1796	0.5021	2.7778	0.1047	
36.9093	18.336	0.5127	2.7778	0.096	
37.1386	18.4929	0.5224	2.7778	0.0873	
37.3649	18.6539	0.5331	2.7778	0.096	
37.5881	18.8193	0.5447	2.7778	0.1047	
37.8078	18.9892	0.5573	2.7778	0.1134	
38.0239	19.1638	0.5708	2.7778	0.1222	
38.2361	19.3431	0.5853	2.7778	0.1309	
38.444	19.5273	0.6008	2.7778	0.1396	
38.6474	19.7164	0.6172	2.7778	0.1484	
38.846	19.9106	0.6346	2.7778	0.1571	
39.0395	20.11	0.6529	2.7778	0.1658	
39.2275	20.3145	0.6722	2.7778	0.1745	
39.4133	20.521	0.6905	2.7778	0.1658	
39.5971	20.7292	0.7079	2.7778	0.1571	
39.7791	20.9391	0.7243	2.7778	0.1484	
39.9595	21.1503	0.7398	2.7778	0.1396	
40.1385	21.3627	0.7543	2.7778	0.1309	
40.3162	21.5762	0.7679	2.7778	0.1222	
40.4929	21.7905	0.7804	2.7778	0.1134	
40.6688	22.0055	0.792	2.7778	0.1047	
40.8441	22.221	0.8027	2.7778	0.096	
41.0189	22.4369	0.8124	2.7778	0.0873	
41.1897	22.6559	0.823	2.7778	0.096	
41.3563	22.8782	0.8346	2.7778	0.1047	
41.5183	23.1038	0.8472	2.7778	0.1134	
41.6755	23.3329	0.8608	2.7778	0.1222	
41.8275	23.5654	0.8753	2.7778	0.1309	
41.9741	23.8013	0.8907	2.7778	0.1396	
42.1149	24.0407	0.9072	2.7778	0.1484	
42.2497	24.2836	0.9245	2.7778	0.1571	
42.3781	24.53	0.9429	2.7778	0.1658	
42.4998	24.7797	0.9622	2.7778	0.1745	
42.6059	25.0036	0.9785	2.4778	0.1658	
42.6977	25.201	0.9922	2.1778	0.1571	
42.7761	25.3717	1.0033	1.8778	0.1484	
42.8415	25.5152	1.012	1.5778	0.1396	
42.8946	25.6315	1.0187	1.2778	0.1309	
42.9353	25.7204	1.0235	0.9778	0.1222	
42.9638	25.7819	1.0265	0.6778	0.1134	
42.9799	25.8161	1.0281	0.3778	0.1047	
42.9832	25.8231	1.0284	0.0778	0.096	
42.9832	25.8231	1.0284	0.0	0.0873	
42.9832	25.8231	1.0284	0.0	0.0785	
42.9832	25.8231	1.0284	0.0	0.0698	
42.9832	25.8231	1.0284	0.0	0.0611	
42.9832	25.8231	1.0284	0.0	0.0524	
42.9832	25.8231	1.0284	0.0	0.0436	
42.9832	25.8231	1.0284	0.0	0.0349	
42.9832	25.8231	1.0284	0.0	0.0262	
42.9832	25.8231	1.0284	0.0	0.0175	
42.9832	25.8231	1.0284	0.0	0.0087	
42.9832	25.8231	1.0284	0.0	0.0	
42.9832	25.8231	1.0284	0.0	-0.0087	
42.9832	25.8231	1.0284	0.0	-0.0175	
42.9832	25.8231	1.0284	0.0	-0.0262	
42.9832	25.8231	1.0284	0.0	-0.0349	
42.9832	25.8231	1.0284	0.0	-0.0436	
42.9832	25.8231	1.0284	0.0	-0.0524	
42.9832	25.8231	1.0284	0.0	-0.0611	
42.9832	25.8231	1.0284	0.0	-0.0698	
42.9832	25.8231	1.0284	0.0	-0.0785	
42.9832	25.8231	1.0284	0.0	-0.0873	
42.9832	25.8231	1.0284	0.0	-0.0785	
42.9832	25.8231	1.0284	0.0	-0.0698	
42.9832	25.8231	1.0284	0.0	-0.0611	
42.9832	25.8231	1.0284	0.0	-0.0524	
42.9832	25.8231	1.0284	0.0	-0.0436	
42.9832	25.8231	1.0284	0.0	-0.0349	
42.9832	25.8231	1.0284	0.0	-0.0262	
42.9832	25.8231	1.0284	0.0	-0.0175	
42.9832	25.8231	1.0284	0.0	-0.0087	
42.9832	25.8231	1.0284	0.0	0.0	
42.9832	25.8231	1.0284	0.0	0.0	
42.9832	25.8231	1.0284	0.0	0.0	
42.9832	25.8231	1.0284	0.0	0.0	
42.9832	25.8231	1.0284	0.0	0.0	
42.9832	25.8231	1.0284	0.0	0.0	
42.9832	25.8231	1.0284	0.0	0.0	
42.9832	25.8231	1.0284	0.0	0.0	
42.9832	25.8231	1.0284	0.0	0.0	
42.9832	25.8231	1.0284	0.0	0.0	
42.9832	25.8231	1.0284	0.0	0.0	
42.9985	25.8489	1.0285	0.3	0.0087	
43.0286	25.9008	1.0289	0.6	0.0175	
43.073	25.9791	1.0299	0.9	0.0262	
43.1311	26.0841	1.0316	1.2	0.0349	
43.2024	26.2161	1.0342	1.5	0.0436	
43.2862	26.3754	1.0379	1.8	0.0524	
43.3817	26.5624	1.0431	2.1	0.0611	
43.4878	26.7777	1.0498	2.4	0.0698	
43.6034	27.0217	1.0582	2.7	0.0785	
43.718	27.2747	1.0679	2.7778	0.0873	
43.8279	27.5298	1.0786	2.7778	0.096	
43.9329	27.787	1.0902	2.7778	0.1047	
44.0326	28.0463	1.1028	2.7778	0.1134	
44.1268	28.3076	1.1163	2.7778	0.1222	
44.2151	28.571	1.1308	2.7778	0.1309	
44.2973	28.8363	1.1463	2.7778	0.1396	
44.373	29.1036	1.1627	2.7778	0.1484	
44.442	29.3726	1.1801	2.7778	0.1571	
44.504	29.6434	1.1984	2.7778	0.1658	
44.5586	29.9158	1.2177	2.7778	0.1745	
44.6055	30.1896	1.238	2.7778	0.1833	
44.6445	30.4646	1.2592	2.7778	0.192	
44.6752	30.7407	1.2813	2.7778	0.2007	
44.6974	31.0175	1.3044	2.7778	0.2094	
44.7108	31.295	1.3285	2.7778	0.2182	
44.7151	31.5727	1.3535	2.7778	0.2269	
44.71	31.8505	1.3794	2.7778	0.2356	
44.6953	32.1279	1.4063	2.7778	0.2443	
44.6708	32.4046	1.4341	2.7778	0.2531	
44.6361	32.6802	1.4629	2.7778	0.2618	
44.5959	32.955	1.4907	2.7778	0.2531	
44.5505	33.2291	1.5176	2.7778	0.2443	
44.5001	33.5022	1.5435	2.7778	0.2356	
44.4451	33.7745	1.5685	2.7778	0.2269	
44.3856	34.0458	1.5925	2.7778	0.2182	
44.3219	34.3162	1.6156	2.7778	0.2094	
44.2544	34.5857	1.6378	2.7778	0.2007	
44.1832	34.8542	1.659	2.7778	0.192	
44.1088	35.1218	1.6792	2.7778	0.1833	
44.0312	35.3885	1.6985	2.7778	0.1745	
43.9634	35.606	1.7144	2.2778	0.1745	
43.9078	35.7748	1.7267	1.7778	0.1745	
43.8663	35.8957	1.7356	1.2778	0.1745	
43.8404	35.969	1.741	0.7778	0.1745	
43.8311	35.9952	1.7429	0.2778	0.1745	
43.8311	35.9952	1.7429	0.0	0.1745	
43.8311	35.9952	1.7429	0.0	0.1745	
43.8311	35.9952	1.7429	0.0	0.1745	
43.8311	35.9952	1.7429	0.0	0.1745	
43.8311	35.9952	1.7429	0.0	0.1745	
43.8171	36.0327	1.7458	0.4	0.1833	
43.7884	36.1073	1.7519	0.8	0.192	
43.7437	36.2187	1.7615	1.2	0.2007	
43.6814	36.3661	1.7748	1.6	0.2094	
43.5994	36.5485	1.7921	2.0	0.2182	
43.4954	36.7648	1.8137	2.4	0.2269	
43.3675	37.0114	1.8397	2.7778	0.2356	
43.2311	37.2533	1.8665	2.7778	0.2443	
43.0862	37.4903	1.8944	2.7778	0.2531	
42.9327	37.7219	1.9231	2.7778	0.2618	
42.7727	37.9489	1.9519	2.7778	0.2618	
42.6062	38.1712	1.9806	2.7778	0.2618	
42.4333	38.3887	2.0094	2.7778	0.2618	
42.2543	38.601	2.0382	2.7778	0.2618	
42.0692	38.8082	2.0669	2.7778	0.2618	
41.8783	39.0099	2.0957	2.7778	0.2618	
41.6816	39.2061	2.1244	2.7778	0.2618	
41.4794	39.3965	2.1532	2.7778	0.2618	
41.2717	39.5811	2.1819	2.7778	0.2618	
41.0589	39.7596	2.2107	2.7778	0.2618	
40.8395	39.93	2.2404	2.7778	0.2705	
40.6138	40.0918	2.271	2.7778	0.2793	
40.3818	40.2446	2.3026	2.7778	0.288	
40.1439	40.388	2.3351	2.7778	0.2967	
39.9003	40.5214	2.3685	2.7778	0.3054	
39.6512	40.6445	2.4028	2.7778	0.3142	
39.3971	40.7567	2.4381	2.7778	0.3229	
39.1383	40.8577	2.4742	2.7778	0.3316	
38.8753	40.9469	2.5113	2.7778	0.3403	
38.6084	41.024	2.5493	2.7778	0.3491	
38.3394	41.0932	2.5864	2.7778	0.3403	
38.0685	41.1548	2.6226	2.7778	0.3316	
37.7961	41.2089	2.6578	2.7778	0.3229	
37.5223	41.2558	2.6922	2.7778	0.3142	
37.2474	41.2957	2.7256	2.7778	0.3054	
36.9716	41.3287	2.7581	2.7778	0.2967	
36.6951	41.3552	2.7896	2.7778	0.288	
36.418	41.3754	2.8203	2.7778	0.2793	
36.1406	41.3895	2.85	2.7778	0.2705	
35.863	41.3978	2.8787	2.7778	0.2618	
35.5852	41.4005	2.9065	2.7778	0.2531	
35.3074	41.3979	2.9334	2.7778	0.2443	
35.0298	41.3903	2.9594	2.7778	0.2356	
34.7523	41.3779	2.9843	2.7778	0.2269	
34.475	41.361	3.0084	2.7778	0.2182	
34.198	41.3398	3.0315	2.7778	0.2094	
33.9214	41.3147	3.0537	2.7778	0.2007	
33.6451	41.2859	3.0749	2.7778	0.192	
33.3692	41.2536	3.0951	2.7778	0.1833	
33.0937	41.2181	3.1144	2.7778	0.1745	
32.8687	41.1827	3.131	2.2778	0.1833	
32.6938	41.1506	-3.1386	1.7778	0.192	
32.5687	41.1248	-3.1284	1.2778	0.2007	
32.4928	41.1076	-3.122	0.7778	0.2094	
32.4658	41.1011	-3.1196	0.2778	0.2182	
32.4658	41.1011	-3.1196	0.0	0.2269	
32.4658	41.1011	-3.1196	0.0	0.2356	
32.4658	41.1011	-3.1196	0.0	0.2443	
32.4658	41.1011	-3.1196	0.0	0.2531	
32.4658	41.1011	-3.1196	0.0	0.2618	
32.4658	41.1011	-3.1196	0.0	0.2531	
32.4658	41.1011	-3.1196	0.0	0.2443	
32.4658	41.1011	-3.1196	0.0	0.2356	
32.4658	41.1011	-3.1196	0.0	0.2269	
32.4658	41.1011	-3.1196	0.0	0.2182	
32.4658	41.1011	-3.1196	0.0	0.2094	
32.4658	41.1011	-3.1196	0.0	0.2007	
32.4658	41.1011	-3.1196	0.0	0.192	
32.4658	41.1011	-3.1196	0.0	0.1833	
32.4658	41.1011	-3.1196	0.0	0.1745	
32.4658	41.1011	-3.1196	0.0	0.1833	
32.4658	41.1011	-3.1196	0.0	0.192	
32.4658	41.1011	-3.1196	0.0	0.2007	
32.4658	41.1011	-3.1196	0.0	0.2094	
32.4658	41.1011	-3.1196	0.0	0.2182	
32.4658	41.1011	-3.1196	0.0	0.2269	
32.4658	41.1011	-3.1196	0.0	0.2356	
32.4658	41.1011	-3.1196	0.0	0.2443	
32.4658	41.1011	-3.1196	0.0	0.2531	
32.4658	41.1011	-3.1196	0.0	0.2618	
32.4658	41.1011	-3.1196	0.0	0.2531	
32.4658	41.1011	-3.1196	0.0	0.2443	
32.4658	41.1011	-3.1196	0.0	0.2356	
32.4658	41.1011	-3.1196	0.0	0.2269	
32.4658	41.1011	-3.1196	0.0	0.2182	
32.4658	41.1011	-3.1196	0.0	0.2094	
32.4658	41.1011	-3.1196	0.0	0.2007	
32.4658	41.1011	-3.1196	0.0	0.192	
32.4658	41.1011	-3.1196	0.0	0.1833	
32.4658	41.1011	-3.1196	0.0	0.1745	
32.4462	41.0973	-3.1182	0.2	0.1658	
32.4068	41.0901	-3.1157	0.4	0.1571	
32.3478	41.0797	-3.1122	0.6	0.1484	
32.2689	41.0663	-3.1077	0.8	0.1396	
32.1702	41.0499	-3.1025	1.0	0.1309	
32.0518	41.0306	-3.0967	1.2	0.1222	
31.9136	41.0085	-3.0903	1.4	0.1134	
31.7555	40.9837	-3.0836	1.6	0.1047	
31.5776	40.9561	-3.0767	1.8	0.096	
31.3799	40.9258	-3.0698	2.0	0.0873	
31.1426	40.8898	-3.0622	2.4	0.0785	
30.868	40.8485	-3.0545	2.7778	0.0698	
30.5932	40.8075	-3.0477	2.7778	0.0611	
30.3184	40.767	-3.0419	2.7778	0.0524	
30.0435	40.7273	-3.037	2.7778	0.0436	
29.7684	40.6887	-3.0332	2.7778	0.0349	
29.4931	40.6514	-3.0302	2.7778	0.0262	
29.2177	40.6158	-3.0283	2.7778	0.0175	
28.9419	40.582	-3.0273	2.7778	0.0087	
28.666	40.5503	-3.0273	2.7778	0.0	
28.4399	40.5223	-3.0265	2.2778	0.0087	
28.2637	40.4989	-3.0253	1.7778	0.0175	
28.1372	40.4807	-3.024	1.2778	0.0262	
28.0603	40.4689	-3.0229	0.7778	0.0349	
28.0329	40.4644	-3.0224	0.2778	0.0436	
28.0329	40.4644	-3.0224	0.0	0.0524	
28.0329	40.4644	-3.0224	0.0	0.0611	
28.0329	40.4644	-3.0224	0.0	0.0698	
28.0329	40.4644	-3.0224	0.0	0.0785	
28.0329	40.4644	-3.0224	0.0	0.0873	
28.0329	40.4644	-3.0224	0.0	0.0873	
28.0329	40.4644	-3.0224	0.0	0.0873	
28.0329	40.4644	-3.0224	0.0	0.0873	
28.0329	40.4644	-3.0224	0.0	0.0873	
28.0329	40.4644	-3.0224	0.0	0.0873	
28.0329	40.4644	-3.0224	0.0	0.0873	
28.0329	40.4644	-3.0224	0.0	0.0873	
28.0329	40.4644	-3.0224	0.0	0.0873	
28.0329	40.4644	-3.0224	0.0	0.0873	
28.0329	40.4644	-3.0224	0.0	0.0873	
28.0329	40.4644	-3.0224	0.0	0.096	
28.0329	40.4644	-3.0224	0.0	0.1047	
28.0329	40.4644	-3.0224	0.0	0.1134	
28.0329	40.4644	-3.0224	0.0	0.1222	
28.0329	40.4644	-3.0224	0.0	0.1309	
28.0329	40.4644	-3.0224	0.0	0.1396	
28.0329	40.4644	-3.0224	0.0	0.1484	
28.0329	40.4644	-3.0224	0.0	0.1571	
28.0329	40.4644	-3.0224	0.0	0.1658	
28.0329	40.4644	-3.0224	0.0	0.1745	
27.9852	40.4495	-3.0187	0.5	0.1833	
27.8901	40.4185	-3.0111	1.0	0.192	
27.7483	40.3698	-2.9992	1.5	0.2007	
27.5605	40.3008	-2.9825	2.0	0.2094	
27.3281	40.2087	-2.9609	2.5	0.2182	
27.0731	40.0986	-2.9359	2.7778	0.2269	
26.8219	39.98	-2.9099	2.7778	0.2356	
26.575	39.8527	-2.8831	2.7778	0.2443	
26.3328	39.7167	-2.8552	2.7778	0.2531	
26.0957	39.5719	-2.8265	2.7778	0.2618	
25.8616	39.4225	-2.7987	2.7778	0.2531	
25.6304	39.2686	-2.7718	2.7778	0.2443	
25.402	39.1105	-2.7458	2.7778	0.2356	
25.1763	38.9485	-2.7208	2.7778	0.2269	
24.9533	38.7828	-2.6968	2.7778	0.2182	
24.7329	38.6138	-2.6737	2.7778	0.2094	
24.5149	38.4416	-2.6515	2.7778	0.2007	
24.2993	38.2665	-2.6303	2.7778	0.192	
24.0859	38.0887	-2.6101	2.7778	0.1833	
23.8745	37.9085	-2.5908	2.7778	0.1745	
-1
32.9998	38.0178	1.5709	0.1778	0.0087	
32.9997	38.0256	1.5709	0.0778	0.0175	
32.9997	38.0256	1.5709	0.0	0.0262	
32.9997	38.0256	1.5709	0.0	0.0349	
32.9997	38.0256	1.5709	0.0	0.0436	
32.9997	38.0256	1.5709	0.0	0.0524	
32.9997	38.0256	1.5709	0.0	0.0611	
32.9997	38.0256	1.5709	0.0	0.0698	
32.9997	38.0256	1.5709	0.0	0.0785	
32.9997	38.0256	1.5709	0.0	0.0873	
32.9949	38.0753	1.5728	0.5	0.096	
32.9843	38.1748	1.577	1.0	0.1047	
32.9663	38.3237	1.5838	1.5	0.1134	
32.9394	38.5219	1.5936	2.0	0.1222	
32.9011	38.7689	1.6066	2.5	0.1309	
32.8527	39.0424	1.6221	2.7778	0.1396	
32.7976	39.3147	1.6385	2.7778	0.1484	
32.7357	39.5855	1.6559	2.7778	0.1571	
32.6667	39.8546	1.6742	2.7778	0.1658	
32.5905	40.1217	1.6935	2.7778	0.1745	
32.5068	40.3866	1.7138	2.7778	0.1833	
32.4155	40.6489	1.735	2.7778	0.192	
32.3164	40.9084	1.7571	2.7778	0.2007	
32.2093	41.1647	1.7802	2.7778	0.2094	
32.0941	41.4175	1.8043	2.7778	0.2182	
31.9707	41.6663	1.8293	2.7778	0.2269	
31.839	41.9109	1.8552	2.7778	0.2356	
31.6988	42.1507	1.8821	2.7778	0.2443	
31.5503	42.3854	1.9099	2.7778	0.2531	
31.3932	42.6145	1.9386	2.7778	0.2618	
31.2277	42.8376	1.9683	2.7778	0.2705	
31.0537	43.0542	1.999	2.7778	0.2793	
30.8714	43.2637	2.0305	2.7778	0.288	
30.6807	43.4657	2.063	2.7778	0.2967	
30.4819	43.6597	2.0964	2.7778	0.3054	
30.2751	43.8452	2.1308	2.7778	0.3142	
30.0605	44.0216	2.166	2.7778	0.3229	
29.8384	44.1883	2.2022	2.7778	0.3316	
29.609	44.345	2.2393	2.7778	0.3403	
29.3726	44.4909	2.2773	2.7778	0.3491	
29.1309	44.6278	2.3153	2.7778	0.3491	
28.8842	44.7554	2.3533	2.7778	0.3491	
28.6327	44.8735	2.3913	2.7778	0.3491	
28.377	44.982	2.4293	2.7778	0.3491	
28.1174	45.0807	2.4673	2.7778	0.3491	
27.8542	45.1695	2.5053	2.7778	0.3491	
27.5878	45.2481	2.5433	2.7778	0.3491	
27.3186	45.3167	2.5813	2.7778	0.3491	
27.047	45.3749	2.6193	2.7778	0.3491	
26.7733	45.4228	2.6573	2.7778	0.3491	
26.4984	45.4626	2.6944	2.7778	0.3403	
26.2225	45.4947	2.7306	2.7778	0.3316	
25.9458	45.5191	2.7658	2.7778	0.3229	
25.6686	45.5362	2.8002	2.7778	0.3142	
25.391	45.5462	2.8336	2.7778	0.3054	
25.1132	45.5494	2.8661	2.7778	0.2967	
24.8355	45.5459	2.8976	2.7778	0.288	
24.5578	45.5361	2.9282	2.7778	0.2793	
24.2805	45.5202	2.9579	2.7778	0.2705	
24.0036	45.4986	2.9867	2.7778	0.2618	
23.7473	45.4711	3.0134	2.5778	0.2618	
23.5116	45.4394	3.038	2.3778	0.2618	
23.2966	45.4051	3.0605	2.1778	0.2618	
23.102	45.3695	3.081	1.9778	0.2618	
22.9278	45.334	3.0994	1.7778	0.2618	
22.7738	45.2996	3.1158	1.5778	0.2618	
22.6399	45.2674	3.13	1.3778	0.2618	
22.5258	45.2382	-3.141	1.1778	0.2618	
22.4313	45.2129	-3.1309	0.9778	0.2618	
22.3564	45.1919	-3.1228	0.7778	0.2618	
22.2915	45.1726	-3.1156	0.6778	0.2705	
22.2364	45.1552	-3.1092	0.5778	0.2793	
22.191	45.1402	-3.1038	0.4778	0.288	
22.1553	45.1278	-3.0993	0.3778	0.2967	
22.1292	45.1183	-3.096	0.2778	0.3054	
22.1126	45.1121	-3.0938	0.1778	0.3142	
22.1053	45.1092	-3.0928	0.0778	0.3229	
22.1053	45.1092	-3.0928	0.0	0.3316	
22.1053	45.1092	-3.0928	0.0	0.3403	
22.1053	45.1092	-3.0928	0.0	0.3491	
22.0868	45.1017	-3.0901	0.2	0.3403	
22.0497	45.0867	-3.0849	0.4	0.3316	
21.994	45.0645	-3.0773	0.6	0.3229	
21.9197	45.0349	-3.0674	0.8	0.3142	
21.8268	44.9979	-3.0554	1.0	0.3054	
21.7155	44.953	-3.0414	1.2	0.2967	
21.5859	44.9	-3.0255	1.4	0.288	
21.4382	44.8384	-3.0078	1.6	0.2793	
21.2727	44.7676	-2.9886	1.8	0.2705	
21.0897	44.687	-2.9679	2.0	0.2618	
20.8985	44.6001	-2.9468	2.1	0.2531	
20.6994	44.5065	-2.9256	2.2	0.2443	
20.4925	44.4062	-2.9041	2.3	0.2356	
20.2779	44.2987	-2.8825	2.4	0.2269	
20.0558	44.1838	-2.8608	2.5	0.2182	
19.8264	44.0614	-2.8392	2.6	0.2094	
19.5899	43.9312	-2.8177	2.7	0.2007	
19.3483	43.7942	-2.7965	2.7778	0.192	
19.1084	43.6542	-2.7762	2.7778	0.1833	
18.8701	43.5114	-2.7569	2.7778	0.1745	
18.6359	43.362	-2.7367	2.7778	0.1833	
18.4062	43.2058	-2.7155	2.7778	0.192	
18.1812	43.0429	-2.6933	2.7778	0.2007	
17.9614	42.8731	-2.6702	2.7778	0.2094	
17.7471	42.6964	-2.6462	2.7778	0.2182	
17.5386	42.5127	-2.6212	2.7778	0.2269	
17.3365	42.3222	-2.5953	2.7778	0.2356	
17.1412	42.1247	-2.5684	2.7778	0.2443	
16.9529	41.9204	-2.5406	2.7778	0.2531	
16.7723	41.7094	-2.5118	2.7778	0.2618	
16.6041	41.5011	-2.4841	2.6778	0.2618	
16.4478	41.2961	-2.4574	2.5778	0.2618	
16.3029	41.0951	-2.4317	2.4778	0.2618	
16.1688	40.8988	-2.4071	2.3778	0.2618	
16.045	40.7075	-2.3835	2.2778	0.2618	
15.931	40.522	-2.361	2.1778	0.2618	
15.8262	40.3426	-2.3395	2.0778	0.2618	
15.7302	40.1696	-2.319	1.9778	0.2618	
15.6424	40.0036	-2.2996	1.8778	0.2618	
15.5624	39.8449	-2.2812	1.7778	0.2618	
15.481	39.6757	-2.2617	1.8778	0.2618	
15.3987	39.4959	-2.2412	1.9778	0.2618	
15.3161	39.3052	-2.2197	2.0778	0.2618	
15.2339	39.1035	-2.1972	2.1778	0.2618	
15.1527	38.8907	-2.1736	2.2778	0.2618	
15.0732	38.6666	-2.149	2.3778	0.2618	
14.9961	38.4312	-2.1233	2.4778	0.2618	
14.9222	38.1842	-2.0967	2.5778	0.2618	
14.8523	37.9257	-2.0689	2.6778	0.2618	
14.7872	37.6556	-2.0402	2.7778	0.2618	
14.7362	37.4234	-2.0164	2.3778	0.2531	
14.6967	37.2296	-1.9972	1.9778	0.2443	
14.6668	37.0747	-1.9825	1.5778	0.2356	
14.6451	36.9589	-1.9719	1.1778	0.2269	
14.631	36.8824	-1.9652	0.7778	0.2182	
14.624	36.8453	-1.962	0.3778	0.2094	
14.624	36.8453	-1.962	0.0	0.2007	
14.624	36.8453	-1.962	0.0	0.192	
14.624	36.8453	-1.962	0.0	0.1833	
14.624	36.8453	-1.962	0.0	0.1745	
14.6129	36.7966	-1.9587	0.5	0.1658	
14.59	36.6992	-1.9525	1.0	0.1571	
14.5553	36.5533	-1.9436	1.5	0.1484	
14.5091	36.3587	-1.9325	2.0	0.1396	
14.4519	36.1153	-1.9194	2.5	0.1309	
14.3895	35.8446	-1.9059	2.7778	0.1222	
14.3285	35.5737	-1.8933	2.7778	0.1134	
14.2685	35.3024	-1.8817	2.7778	0.1047	
14.2092	35.0311	-1.871	2.7778	0.096	
14.1505	34.7596	-1.8613	2.7778	0.0873	
14.0968	34.487	-1.8507	2.7778	0.096	
14.0484	34.2135	-1.8391	2.7778	0.1047	
14.0056	33.939	-1.8265	2.7778	0.1134	
13.9686	33.6637	-1.8129	2.7778	0.1222	
13.9378	33.3877	-1.7984	2.7778	0.1309	
13.9134	33.111	-1.783	2.7778	0.1396	
13.8956	32.8337	-1.7666	2.7778	0.1484	
13.8849	32.5562	-1.7492	2.7778	0.1571	
13.8814	32.2784	-1.7308	2.7778	0.1658	
13.8854	32.0007	-1.7115	2.7778	0.1745	
13.8924	31.723	-1.6932	2.7778	0.1658	
13.902	31.4454	-1.6758	2.7778	0.1571	
13.914	31.1679	-1.6594	2.7778	0.1484	
13.9282	30.8904	-1.6439	2.7778	0.1396	
13.9442	30.6131	-1.6294	2.7778	0.1309	
13.9619	30.3359	-1.6159	2.7778	0.1222	
13.9809	30.0588	-1.6033	2.7778	0.1134	
14.0009	29.7817	-1.5917	2.7778	0.1047	
14.0217	29.5047	-1.5811	2.7778	0.096	
14.0431	29.2278	-1.5714	2.7778	0.0873	
14.0647	28.9508	-1.5626	2.7778	0.0785	
14.0864	28.6739	-1.5549	2.7778	0.0698	
14.1077	28.397	-1.5481	2.7778	0.0611	
14.1286	28.12	-1.5423	2.7778	0.0524	
14.1486	27.8429	-1.5375	2.7778	0.0436	
14.1675	27.5658	-1.5336	2.7778	0.0349	
14.1851	27.2886	-1.5307	2.7778	0.0262	
14.2011	27.0112	-1.5287	2.7778	0.0175	
14.2152	26.7338	-1.5278	2.7778	0.0087	
14.2272	26.4563	-1.5278	2.7778	0.0	
14.24	26.2088	-1.5269	2.4778	0.0087	
14.2533	25.9915	-1.5254	2.1778	0.0175	
14.2668	25.8042	-1.5234	1.8778	0.0262	
14.2797	25.6469	-1.5212	1.5778	0.0349	
14.2916	25.5197	-1.519	1.2778	0.0436	
14.3018	25.4225	-1.5169	0.9778	0.0524	
14.3096	25.3551	-1.5153	0.6778	0.0611	
14.3143	25.3177	-1.5142	0.3778	0.0698	
14.3154	25.3099	-1.514	0.0778	0.0785	
14.3154	25.3099	-1.514	0.0	0.0873	
14.3154	25.3099	-1.514	0.0	0.0873	
14.3154	25.3099	-1.514	0.0	0.0873	
14.3154	25.3099	-1.514	0.0	0.0873	
14.3154	25.3099	-1.514	0.0	0.0873	
14.3154	25.3099	-1.514	0.0	0.0873	
14.3154	25.3099	-1.514	0.0	0.0873	
14.3154	25.3099	-1.514	0.0	0.0873	
14.3154	25.3099	-1.514	0.0	0.0873	
14.3154	25.3099	-1.514	0.0	0.0873	
14.3154	25.3099	-1.514	0.0	0.0873	
14.3221	25.2604	-1.5124	0.5	0.0785	
14.3349	25.1612	-1.5096	1.0	0.0698	
14.3532	25.0123	-1.506	1.5	0.0611	
14.3766	24.8137	-1.5018	2.0	0.0524	
14.4047	24.5653	-1.4974	2.5	0.0436	
14.4347	24.2892	-1.4935	2.7778	0.0349	
14.4634	24.0129	-1.4906	2.7778	0.0262	
14.4905	23.7364	-1.4887	2.7778	0.0175	
14.5157	23.4598	-1.4877	2.7778	0.0087	
14.5387	23.183	-1.4877	2.7778	0.0	
14.5642	22.9063	-1.4867	2.7778	0.0087	
14.5923	22.63	-1.4848	2.7778	0.0175	
14.6234	22.354	-1.4819	2.7778	0.0262	
14.6577	22.0783	-1.478	2.7778	0.0349	
14.6955	21.8031	-1.4732	2.7778	0.0436	
14.737	21.5285	-1.4674	2.7778	0.0524	
14.7825	21.2544	-1.4606	2.7778	0.0611	
14.8322	20.9811	-1.4528	2.7778	0.0698	
14.8865	20.7087	-1.4441	2.7778	0.0785	
14.9455	20.4373	-1.4344	2.7778	0.0873	
15.0094	20.167	-1.4238	2.7778	0.096	
15.0786	19.8979	-1.4122	2.7778	0.1047	
15.1533	19.6304	-1.3996	2.7778	0.1134	
15.2336	19.3645	-1.386	2.7778	0.1222	
15.3199	19.1004	-1.3715	2.7778	0.1309	
15.4122	18.8384	-1.3561	2.7778	0.1396	
15.5109	18.5788	-1.3396	2.7778	0.1484	
15.616	18.3217	-1.3223	2.7778	0.1571	
15.7278	18.0674	-1.3039	2.7778	0.1658	
15.8465	17.8162	-1.2846	2.7778	0.1745	
15.9722	17.5685	-1.2644	2.7778	0.1833	
16.1049	17.3245	-1.2432	2.7778	0.192	
16.245	17.0846	-1.221	2.7778	0.2007	
16.3923	16.8492	-1.1979	2.7778	0.2094	
16.5471	16.6185	-1.1739	2.7778	0.2182	
16.7094	16.393	-1.1489	2.7778	0.2269	
16.8791	16.1732	-1.1229	2.7778	0.2356	
17.0564	15.9593	-1.0961	2.7778	0.2443	
17.2412	15.7519	-1.0682	2.7778	0.2531	
17.4335	15.5514	-1.0395	2.7778	0.2618	
17.61	15.3776	-1.0138	2.4778	0.2618	
17.7691	15.2288	-0.9913	2.1778	0.2618	
17.909	15.1037	-0.9718	1.8778	0.2618	
18.0287	15.0008	-0.9555	1.5778	0.2618	
18.1269	14.9191	-0.9423	1.2778	0.2618	
18.2029	14.8576	-0.9322	0.9778	0.2618	
18.2561	14.8155	-0.9251	0.6778	0.2618	
18.2858	14.7922	-0.9212	0.3778	0.2618	
18.292	14.7874	-0.9204	0.0778	0.2618	
18.292	14.7874	-0.9204	0.0	0.2618	
18.292	14.7874	-0.9204	0.0	0.2618	
18.292	14.7874	-0.9204	0.0	0.2618	
18.292	14.7874	-0.9204	0.0	0.2618	
18.292	14.7874	-0.9204	0.0	0.2618	
18.292	14.7874	-0.9204	0.0	0.2618	
18.292	14.7874	-0.9204	0.0	0.2618	
18.292	14.7874	-0.9204	0.0	0.2618	
18.292	14.7874	-0.9204	0.0	0.2618	
18.292	14.7874	-0.9204	0.0	0.2618	
18.292	14.7874	-0.9204	0.0	0.2618	
18.3234	14.7627	-0.9164	0.4	0.2531	
18.386	14.7129	-0.9087	0.8	0.2443	
18.4798	14.6381	-0.8975	1.2	0.2356	
18.6052	14.5386	-0.8831	1.6	0.2269	
18.7626	14.4152	-0.8658	2.0	0.2182	
18.9527	14.2688	-0.8458	2.4	0.2094	
19.1747	14.1018	-0.8237	2.7778	0.2007	
19.3988	13.9377	-0.8025	2.7778	0.192	
19.625	13.7765	-0.7822	2.7778	0.1833	
19.8531	13.6179	-0.7629	2.7778	0.1745	
20.0663	13.473	-0.7459	2.5778	0.1658	
20.264	13.3409	-0.731	2.3778	0.1571	
20.4458	13.2211	-0.7181	2.1778	0.1484	
20.6114	13.113	-0.7071	1.9778	0.1396	
20.7605	13.0161	-0.6978	1.7778	0.1309	
20.8929	12.9302	-0.6902	1.5778	0.1222	
21.0084	12.8551	-0.6839	1.3778	0.1134	
21.1069	12.7906	-0.679	1.1778	0.1047	
21.1886	12.7368	-0.6752	0.9778	0.096	
21.2533	12.6936	-0.6725	0.7778	0.0873	
21.3185	12.6512	-0.6695	0.7778	0.096	
21.3842	12.6096	-0.6663	0.7778	0.1047	
21.4504	12.5688	-0.6628	0.7778	0.1134	
21.517	12.5287	-0.659	0.7778	0.1222	
21.5842	12.4896	-0.6549	0.7778	0.1309	
21.6519	12.4512	-0.6506	0.7778	0.1396	
21.7201	12.4138	-0.646	0.7778	0.1484	
21.7887	12.3773	-0.6411	0.7778	0.1571	
21.8579	12.3417	-0.636	0.7778	0.1658	
21.9275	12.307	-0.6306	0.7778	0.1745	
21.9794	12.2816	-0.6266	0.5778	0.1745	
22.0134	12.2651	-0.624	0.3778	0.1745	
22.0294	12.2574	-0.6227	0.1778	0.1745	
22.0294	12.2574	-0.6227	0.0	0.1745	
22.0294	12.2574	-0.6227	0.0	0.1745	
22.0294	12.2574	-0.6227	0.0	0.1745	
22.0294	12.2574	-0.6227	0.0	0.1745	
22.0294	12.2574	-0.6227	0.0	0.1745	
22.0294	12.2574	-0.6227	0.0	0.1745	
22.0294	12.2574	-0.6227	0.0	0.1745	
22.0475	12.2489	-0.6213	0.2	0.1833	
22.0839	12.2322	-0.6182	0.4	0.192	
22.1387	12.2079	-0.6134	0.6	0.2007	
22.2123	12.1764	-0.6068	0.8	0.2094	
22.3048	12.1385	-0.5981	1.0	0.2182	
22.4167	12.095	-0.5873	1.2	0.2269	
22.5481	12.0468	-0.5742	1.4	0.2356	
22.6995	11.995	-0.5588	1.6	0.2443	
22.8711	11.9408	-0.5407	1.8	0.2531	
23.0634	11.8857	-0.52	2.0	0.2618	
23.2858	11.827	-0.4962	2.3	0.2618	
23.5387	11.7666	-0.4693	2.6	0.2618	
23.8105	11.7094	-0.4405	2.7778	0.2618	
24.0838	11.66	-0.4118	2.7778	0.2618	
24.3585	11.6185	-0.383	2.7778	0.2618	
24.6342	11.5849	-0.3543	2.7778	0.2618	
24.9108	11.5592	-0.3255	2.7778	0.2618	
25.188	11.5415	-0.2968	2.7778	0.2618	
25.4656	11.5318	-0.268	2.7778	0.2618	
25.7434	11.5301	-0.2392	2.7778	0.2618	
26.0211	11.5364	-0.2105	2.7778	0.2618	
26.2985	11.5506	-0.1817	2.7778	0.2618	
26.5754	11.5729	-0.153	2.7778	0.2618	
26.8516	11.603	-0.1242	2.7778	0.2618	
27.1267	11.6411	-0.0954	2.7778	0.2618	
27.4006	11.6871	-0.0667	2.7778	0.2618	
27.6732	11.741	-0.0379	2.7778	0.2618	
27.944	11.8026	-0.0092	2.7778	0.2618	
28.213	11.8721	0.0196	2.7778	0.2618	
28.4798	11.9492	0.0483	2.7778	0.2618	
28.7151	12.0269	0.0748	2.4778	0.2705	
28.9194	12.1024	0.0988	2.1778	0.2793	
29.0933	12.1732	0.1202	1.8778	0.288	
29.2375	12.2371	0.1386	1.5778	0.2967	
29.3529	12.292	0.154	1.2778	0.3054	
29.4402	12.3361	0.1661	0.9778	0.3142	
29.5	12.368	0.1747	0.6778	0.3229	
29.5331	12.3863	0.1796	0.3778	0.3316	
29.5398	12.3902	0.1806	0.0778	0.3403	
29.5398	12.3902	0.1806	0.0	0.3491	
29.5484	12.3952	0.182	0.1	0.3491	
29.5657	12.4053	0.1847	0.2	0.3491	
29.5915	12.4206	0.1888	0.3	0.3491	
29.6259	12.4411	0.1943	0.4	0.3491	
29.6687	12.4669	0.2012	0.5	0.3491	
29.7198	12.4983	0.2094	0.6	0.3491	
29.7792	12.5354	0.2189	0.7	0.3491	
29.8466	12.5784	0.2299	0.8	0.3491	
29.9219	12.6277	0.2422	0.9	0.3491	
30.005	12.6834	0.2559	1.0	0.3491	
30.1119	12.7574	0.2737	1.3	0.3491	
30.2419	12.8507	0.2956	1.6	0.3491	
30.3937	12.9649	0.3216	1.9	0.3491	
30.5661	13.1016	0.3516	2.2	0.3491	
30.7572	13.2628	0.3859	2.5	0.3491	
30.9633	13.449	0.4239	2.7778	0.3491	
31.1621	13.643	0.4619	2.7778	0.3491	
31.3535	13.8444	0.4999	2.7778	0.3491	
31.537	14.0528	0.5379	2.7778	0.3491	
31.7125	14.2682	0.5759	2.7778	0.3491	
31.8797	14.49	0.6139	2.7778	0.3491	
32.0383	14.718	0.6519	2.7778	0.3491	
32.1882	14.9519	0.6899	2.7778	0.3491	
32.3291	15.1913	0.7279	2.7778	0.3491	
32.4608	15.4359	0.7659	2.7778	0.3491	
32.583	15.6853	0.8039	2.7778	0.3491	
32.6958	15.9392	0.8419	2.7778	0.3491	
32.7988	16.1971	0.8799	2.7778	0.3491	
32.8919	16.4589	0.9179	2.7778	0.3491	
32.975	16.7239	0.9559	2.7778	0.3491	
33.048	16.9919	0.9939	2.7778	0.3491	
33.1107	17.2625	1.0319	2.7778	0.3491	
33.1631	17.5353	1.0699	2.7778	0.3491	
33.2051	17.8099	1.1079	2.7778	0.3491	
33.2367	18.0859	1.1459	2.7778	0.3491	
33.2577	18.3629	1.1839	2.7778	0.3491	
33.2682	18.6404	1.2219	2.7778	0.3491	
33.2682	18.9182	1.2599	2.7778	0.3491	
33.2576	19.1958	1.2979	2.7778	0.3491	
33.2365	19.4728	1.3359	2.7778	0.3491	
33.2072	19.749	1.373	2.7778	0.3403	
33.1702	20.0243	1.4092	2.7778	0.3316	
33.1256	20.2985	1.4444	2.7778	0.3229	
33.0737	20.5714	1.4788	2.7778	0.3142	
33.0149	20.8428	1.5122	2.7778	0.3054	
32.9494	21.1128	1.5447	2.7778	0.2967	
32.8775	21.3811	1.5762	2.7778	0.288	
32.7994	21.6477	1.6068	2.7778	0.2793	
32.7156	21.9125	1.6365	2.7778	0.2705	
32.6262	22.1755	1.6653	2.7778	0.2618	
32.5468	22.389	1.6889	2.2778	0.2618	
32.4809	22.5541	1.7073	1.7778	0.2618	
32.4313	22.6719	1.7205	1.2778	0.2618	
32.4002	22.7432	1.7286	0.7778	0.2618	
32.3889	22.7685	1.7314	0.2778	0.2618	
32.3889	22.7685	1.7314	0.0	0.2618	
32.3889	22.7685	1.7314	0.0	0.2618	
32.3889	22.7685	1.7314	0.0	0.2618	
32.3889	22.7685	1.7314	0.0	0.2618	
32.3889	22.7685	1.7314	0.0	0.2618	
-1
