95.0	57.0	-3.141592653589793	0.0	0.06981317007977318	26.0	3.0	-3.141592653589793	0.5555555555555556	0.0	5
60.0833	55.0	0.0	0.8333	0.0	
60.1667	55.0	0.0	0.8333	0.0	
60.25	55.0	0.0	0.8333	0.0	
60.3333	55.0	0.0	0.8333	0.0	
60.4167	55.0	0.0	0.8333	0.0	
60.5	55.0	0.0	0.8333	0.0	
60.5833	55.0	0.0	0.8333	0.0	
60.6667	55.0	0.0	0.8333	0.0	
60.75	55.0	0.0	0.8333	0.0	
60.8333	55.0	0.0	0.8333	0.0	
60.9167	55.0007	0.0003	0.8333	0.0087	
61.0	55.0022	0.0009	0.8333	0.0175	
61.0833	55.0045	0.0017	0.8333	0.0262	
61.1666	55.0075	0.0029	0.8333	0.0349	
61.2498	55.0114	0.0044	0.8333	0.0436	
61.333	55.0161	0.0061	0.8333	0.0524	
61.4162	55.0217	0.0081	0.8333	0.0611	
61.4992	55.0282	0.0105	0.8333	0.0698	
61.5822	55.0356	0.0131	0.8333	0.0785	
61.6651	55.044	0.016	0.8333	0.0873	
61.7082	55.0488	0.0176	0.4333	0.096	
61.7115	55.0492	0.0178	0.0333	0.1047	
61.7115	55.0492	0.0178	0.0	0.1134	
61.7115	55.0492	0.0178	0.0	0.1222	
61.7115	55.0492	0.0178	0.0	0.1309	
61.7115	55.0492	0.0178	0.0	0.1396	
61.7115	55.0492	0.0178	0.0	0.1484	
61.7115	55.0492	0.0178	0.0	0.1571	
61.7115	55.0492	0.0178	0.0	0.1658	
61.7115	55.0492	0.0178	0.0	0.1745	
61.7605	55.0592	0.0214	0.5	0.1833	
61.8582	55.0804	0.0291	1.0	0.192	
62.0043	55.1145	0.041	1.5	0.2007	
62.1981	55.1641	0.0577	2.0	0.2094	
62.4386	55.2322	0.0793	2.5	0.2182	
62.7035	55.3159	0.1043	2.7778	0.2269	
62.9654	55.4085	0.1302	2.7778	0.2356	
63.2239	55.5102	0.1571	2.7778	0.2443	
63.4786	55.6209	0.1849	2.7778	0.2531	
63.7291	55.741	0.2137	2.7778	0.2618	
63.9593	55.857	0.2395	2.5778	0.2531	
64.1698	55.9676	0.2625	2.3778	0.2443	
53	27	3.1416	2.1778	0.2356	
52.8073	26.9555	-3.1238	1.9778	0.2269	
52.6344	26.9139	-3.1084	1.7778	0.2182	
52.4813	26.876	-3.0953	1.5778	0.2094	
52.3477	26.8424	-3.0843	1.3778	0.2007	
52.2336	26.8133	-3.0753	1.1778	0.192	
52.1388	26.7891	-3.0682	0.9778	0.1833	
52.0634	26.7701	-3.0628	0.7778	0.1745	
51.94	26.737	-3.0535	1.2778	0.1833	
51.7691	26.6878	-3.0399	1.7778	0.192	
51.5517	26.62	-3.0217	2.2778	0.2007	
51.2888	26.5301	-2.9986	2.7778	0.2094	
51.029	26.432	-2.9746	2.7778	0.2182	
50.7725	26.3254	-2.9496	2.7778	0.2269	
50.5197	26.2102	-2.9236	2.7778	0.2356	
50.2711	26.0863	-2.8968	2.7778	0.2443	
50.027	25.9536	-2.8689	2.7778	0.2531	
49.788	25.8121	-2.8402	2.7778	0.2618	
49.57	25.6745	-2.8135	2.5778	0.2618	
49.3724	25.5422	-2.7889	2.3778	0.2618	
49.1945	25.4167	-2.7663	2.1778	0.2618	
49.0355	25.299	-2.7459	1.9778	0.2618	
48.8948	25.1904	-2.7275	1.7778	0.2618	
48.7717	25.0917	-2.7111	1.5778	0.2618	
48.6657	25.0037	-2.6969	1.3778	0.2618	
48.5761	24.9273	-2.6847	1.1778	0.2618	
48.5025	24.8629	-2.6745	0.9778	0.2618	
48.4445	24.8111	-2.6665	0.7778	0.2618	
48.3726	24.7448	-2.656	0.9778	0.2705	
48.2877	24.6632	-2.6431	1.1778	0.2793	
48.1903	24.5657	-2.6274	1.3778	0.288	
48.0817	24.4513	-2.609	1.5778	0.2967	
47.9627	24.3192	-2.5876	1.7778	0.3054	
47.8349	24.1682	-2.5631	1.9778	0.3142	
47.6998	23.9974	-2.5355	2.1778	0.3229	
47.5591	23.8057	-2.5045	2.3778	0.3316	
47.415	23.592	-2.4701	2.5778	0.3403	
47.2697	23.3553	-2.4321	2.7778	0.3491	
47.1336	23.1131	-2.3941	2.7778	0.3491	
47.0067	22.866	-2.3561	2.7778	0.3491	
46.8894	22.6142	-2.3181	2.7778	0.3491	
46.7817	22.3582	-2.2801	2.7778	0.3491	
46.6837	22.0982	-2.2421	2.7778	0.3491	
46.5958	21.8348	-2.2041	2.7778	0.3491	
46.5179	21.5681	-2.1661	2.7778	0.3491	
46.4502	21.2987	-2.1281	2.7778	0.3491	
46.3928	21.027	-2.0901	2.7778	0.3491	
46.3457	20.7532	-2.0521	2.7778	0.3491	
46.3115	20.4775	-2.0132	2.7778	0.3578	
46.2905	20.2005	-1.9733	2.7778	0.3665	
46.2829	19.9229	-1.9326	2.7778	0.3752	
46.289	19.6452	-1.891	2.7778	0.384	
46.3091	19.3681	-1.8485	2.7778	0.3927	
46.3434	19.0925	-1.8051	2.7778	0.4014	
46.392	18.819	-1.7608	2.7778	0.4102	
46.4551	18.5484	-1.7156	2.7778	0.4189	
46.5326	18.2817	-1.6695	2.7778	0.4276	
46.6246	18.0196	-1.6225	2.7778	0.4363	
46.7119	17.7984	-1.5831	2.3778	0.4276	
46.7901	17.6168	-1.5509	1.9778	0.4189	
46.8559	17.4734	-1.5257	1.5778	0.4102	
46.9067	17.3671	-1.5073	1.1778	0.4014	
46.941	17.2973	-1.4954	0.7778	0.3927	
46.9578	17.2634	-1.4898	0.3778	0.384	
46.9578	17.2634	-1.4898	0.0	0.3752	
46.9578	17.2634	-1.4898	0.0	0.3665	
46.9578	17.2634	-1.4898	0.0	0.3578	
46.9578	17.2634	-1.4898	0.0	0.3491	
46.9578	17.2634	-1.4898	0.0	0.3403	
46.9578	17.2634	-1.4898	0.0	0.3316	
46.9578	17.2634	-1.4898	0.0	0.3229	
46.9578	17.2634	-1.4898	0.0	0.3142	
46.9578	17.2634	-1.4898	0.0	0.3054	
46.9578	17.2634	-1.4898	0.0	0.2967	
46.9578	17.2634	-1.4898	0.0	0.288	
46.9578	17.2634	-1.4898	0.0	0.2793	
46.9578	17.2634	-1.4898	0.0	0.2705	
46.9578	17.2634	-1.4898	0.0	0.2618	
46.9578	17.2634	-1.4898	0.0	0.2705	
46.9578	17.2634	-1.4898	0.0	0.2793	
46.9578	17.2634	-1.4898	0.0	0.288	
46.9578	17.2634	-1.4898	0.0	0.2967	
46.9578	17.2634	-1.4898	0.0	0.3054	
46.9578	17.2634	-1.4898	0.0	0.3142	
46.9578	17.2634	-1.4898	0.0	0.3229	
46.9578	17.2634	-1.4898	0.0	0.3316	
46.9578	17.2634	-1.4898	0.0	0.3403	
46.9578	17.2634	-1.4898	0.0	0.3491	
46.9578	17.2634	-1.4898	0.0	0.3491	
46.9578	17.2634	-1.4898	0.0	0.3491	
46.9578	17.2634	-1.4898	0.0	0.3491	
46.9578	17.2634	-1.4898	0.0	0.3491	
46.9578	17.2634	-1.4898	0.0	0.3491	
46.9578	17.2634	-1.4898	0.0	0.3491	
46.9578	17.2634	-1.4898	0.0	0.3491	
46.9578	17.2634	-1.4898	0.0	0.3491	
46.9578	17.2634	-1.4898	0.0	0.3491	
46.9578	17.2634	-1.4898	0.0	0.3491	
46.9578	17.2634	-1.4898	0.0	0.3491	
46.9578	17.2634	-1.4898	0.0	0.3491	
46.9578	17.2634	-1.4898	0.0	0.3491	
46.9578	17.2634	-1.4898	0.0	0.3491	
46.9578	17.2634	-1.4898	0.0	0.3491	
46.9578	17.2634	-1.4898	0.0	0.3491	
46.9578	17.2634	-1.4898	0.0	0.3491	
46.9578	17.2634	-1.4898	0.0	0.3491	
46.9578	17.2634	-1.4898	0.0	0.3491	
46.9578	17.2634	-1.4898	0.0	0.3491	
46.9659	17.2452	-1.4871	0.2	0.3403	
46.9821	17.2086	-1.4819	0.4	0.3316	
47.0061	17.1536	-1.4743	0.6	0.3229	
47.038	17.0803	-1.4644	0.8	0.3142	
47.0781	16.9886	-1.4524	1.0	0.3054	
47.1265	16.8788	-1.4383	1.2	0.2967	
47.1836	16.751	-1.4224	1.4	0.288	
47.25	16.6054	-1.4048	1.6	0.2793	
47.3261	16.4423	-1.3855	1.8	0.2705	
47.4125	16.262	-1.3648	2.0	0.2618	
47.4937	16.1013	-1.3462	1.8	0.2618	
47.5685	15.9598	-1.3296	1.6	0.2618	
47.636	15.8372	-1.3151	1.4	0.2618	
47.6953	15.7329	-1.3027	1.2	0.2618	
47.7459	15.6466	-1.2924	1.0	0.2618	
47.787	15.578	-1.2841	0.8	0.2618	
47.8183	15.5268	-1.2779	0.6	0.2618	
47.8394	15.4928	-1.2737	0.4	0.2618	
47.85	15.4758	-1.2717	0.2	0.2618	
47.85	15.4758	-1.2717	0.0	0.2618	
47.8766	15.4335	-1.2665	0.5	0.2618	
47.9302	15.3491	-1.2561	1.0	0.2618	
48.012	15.2233	-1.2406	1.5	0.2618	
48.1236	15.0574	-1.2199	2.0	0.2618	
48.2673	14.8529	-1.194	2.5	0.2618	
48.4329	14.6298	-1.1653	2.7778	0.2618	
48.6048	14.4116	-1.1365	2.7778	0.2618	
48.783	14.1985	-1.1077	2.7778	0.2618	
48.9671	13.9905	-1.079	2.7778	0.2618	
49.1572	13.788	-1.0502	2.7778	0.2618	
49.3405	13.6067	-1.0227	2.5778	0.2705	
49.5156	13.4458	-0.9964	2.3778	0.2793	
49.6809	13.3041	-0.9717	2.1778	0.288	
49.8353	13.1805	-0.9486	1.9778	0.2967	
49.9776	13.0739	-0.9272	1.7778	0.3054	
50.1066	12.9831	-0.9077	1.5778	0.3142	
50.2215	12.9071	-0.8902	1.3778	0.3229	
50.3214	12.8446	-0.8749	1.1778	0.3316	
50.4055	12.7948	-0.8618	0.9778	0.3403	
50.4733	12.7567	-0.8512	0.7778	0.3491	
50.5678	12.7048	-0.8364	1.0778	0.3491	
50.6895	12.6403	-0.8176	1.3778	0.3491	
50.8392	12.5645	-0.7946	1.6778	0.3491	
51.0177	12.4793	-0.7676	1.9778	0.3491	
51.2258	12.3867	-0.7364	2.2778	0.3491	
51.4645	12.2894	-0.7011	2.5778	0.3491	
51.7252	12.1936	-0.6631	2.7778	0.3491	
51.9894	12.1078	-0.6251	2.7778	0.3491	
52.2567	12.032	-0.5871	2.7778	0.3491	
52.5266	11.9665	-0.5491	2.7778	0.3491	
52.7499	11.9213	-0.518	2.2778	0.3491	
52.9251	11.8914	-0.4936	1.7778	0.3491	
53.0516	11.873	-0.4762	1.2778	0.3491	
53.1287	11.8631	-0.4655	0.7778	0.3491	
53.1563	11.8599	-0.4617	0.2778	0.3491	
53.1563	11.8599	-0.4617	0.0	0.3491	
53.1563	11.8599	-0.4617	0.0	0.3491	
53.1563	11.8599	-0.4617	0.0	0.3491	
53.1563	11.8599	-0.4617	0.0	0.3491	
53.1563	11.8599	-0.4617	0.0	0.3491	
53.1861	11.8568	-0.4575	0.3	0.3578	
53.2459	11.8513	-0.4489	0.6	0.3665	
53.3356	11.8447	-0.4357	0.9	0.3752	
53.4555	11.8385	-0.4177	1.2	0.384	
53.6054	11.8347	-0.3948	1.5	0.3927	
53.7854	11.8359	-0.3667	1.8	0.4014	
53.9952	11.8451	-0.3332	2.1	0.4102	
54.2344	11.8656	-0.2941	2.4	0.4189	
54.502	11.9015	-0.2493	2.7	0.4276	
54.7749	11.9532	-0.2024	2.7778	0.4363	
55.0164	12.0085	-0.1613	2.4778	0.4276	
55.227	12.064	-0.1258	2.1778	0.4189	
55.4072	12.1167	-0.0959	1.8778	0.4102	
55.5577	12.1641	-0.0712	1.5778	0.4014	
55.6789	12.2045	-0.0517	1.2778	0.3927	
55.7714	12.2364	-0.037	0.9778	0.384	
55.8353	12.2589	-0.0271	0.6778	0.3752	
55.8709	12.2715	-0.0217	0.3778	0.3665	
55.8783	12.274	-0.0206	0.0778	0.3578	
55.8783	12.274	-0.0206	0.0	0.3491	
55.8783	12.274	-0.0206	0.0	0.3578	
55.8783	12.274	-0.0206	0.0	0.3665	
55.8783	12.274	-0.0206	0.0	0.3752	
55.8783	12.274	-0.0206	0.0	0.384	
55.8783	12.274	-0.0206	0.0	0.3927	
55.8783	12.274	-0.0206	0.0	0.4014	
55.8783	12.274	-0.0206	0.0	0.4102	
55.8783	12.274	-0.0206	0.0	0.4189	
55.8783	12.274	-0.0206	0.0	0.4276	
55.8783	12.274	-0.0206	0.0	0.4363	
55.9058	12.2859	-0.0156	0.3	0.4276	
55.961	12.3095	-0.0058	0.6	0.4189	
56.0437	12.3449	0.0085	0.9	0.4102	
56.1538	12.3927	0.0273	1.2	0.4014	
56.2908	12.4539	0.0502	1.5	0.3927	
56.4541	12.5296	0.0772	1.8	0.384	
56.6429	12.6214	0.108	2.1	0.3752	
56.8564	12.731	0.1424	2.4	0.3665	
57.0933	12.8605	0.1802	2.7	0.3578	
57.3331	13.0008	0.2182	2.7778	0.3491	
57.5336	13.1286	0.2508	2.3778	0.3491	
57.6969	13.2402	0.2778	1.9778	0.3491	
57.8247	13.3328	0.2994	1.5778	0.3491	
57.9185	13.4039	0.3155	1.1778	0.3491	
57.9798	13.4519	0.3261	0.7778	0.3491	
58.0093	13.4755	0.3313	0.3778	0.3491	
58.0093	13.4755	0.3313	0.0	0.3491	
58.0093	13.4755	0.3313	0.0	0.3491	
58.0093	13.4755	0.3313	0.0	0.3491	
58.0093	13.4755	0.3313	0.0	0.3491	
58.0401	13.5009	0.3369	0.4	0.3578	
58.1011	13.5527	0.3484	0.8	0.3665	
58.1911	13.6321	0.366	1.2	0.3752	
58.3081	13.7412	0.39	1.6	0.384	
58.45	13.8822	0.4206	2.0	0.3927	
58.6133	14.058	0.4581	2.4	0.4014	
58.7928	14.27	0.5024	2.7778	0.4102	
58.9608	14.4912	0.5476	2.7778	0.4189	
59.1167	14.7212	0.5937	2.7778	0.4276	
59.2597	14.9593	0.6406	2.7778	0.4363	
59.3706	15.1696	0.6816	2.3778	0.4451	
59.454	15.349	0.7162	1.9778	0.4538	
59.5143	15.4948	0.7444	1.5778	0.4625	
59.5552	15.6052	0.7658	1.1778	0.4712	
59.5801	15.6789	0.7802	0.7778	0.48	
59.5913	15.715	0.7872	0.3778	0.4887	
59.5913	15.715	0.7872	0.0	0.4974	
59.5913	15.715	0.7872	0.0	0.5061	
59.5913	15.715	0.7872	0.0	0.5149	
59.5913	15.715	0.7872	0.0	0.5236	
59.5913	15.715	0.7872	0.0	0.5236	
59.5913	15.715	0.7872	0.0	0.5236	
59.5913	15.715	0.7872	0.0	0.5236	
59.5913	15.715	0.7872	0.0	0.5236	
59.5913	15.715	0.7872	0.0	0.5236	
59.5913	15.715	0.7872	0.0	0.5236	
59.5913	15.715	0.7872	0.0	0.5236	
59.5913	15.715	0.7872	0.0	0.5236	
59.5913	15.715	0.7872	0.0	0.5236	
59.5913	15.715	0.7872	0.0	0.5236	
59.5938	15.7247	0.7893	0.1	0.5323	
59.5985	15.7441	0.7934	0.2	0.5411	
59.6053	15.7733	0.7997	0.3	0.5498	
59.6138	15.8124	0.8081	0.4	0.5585	
59.6235	15.8614	0.8189	0.5	0.5672	
59.634	15.9205	0.832	0.6	0.576	
59.6447	15.9897	0.8474	0.7	0.5847	
59.6551	16.069	0.8653	0.8	0.5934	
59.6644	16.1585	0.8857	0.9	0.6021	
59.6718	16.2583	0.9086	1.0	0.6109	
59.6773	16.3881	0.9388	1.3	0.6196	
59.6779	16.5481	0.9765	1.6	0.6283	
59.6698	16.738	1.0217	1.9	0.637	
59.6486	16.9569	1.0746	2.2	0.6458	
59.6091	17.2038	1.1355	2.5	0.6545	
59.5464	17.4744	1.2039	2.7778	0.6632	
59.4629	17.7394	1.2731	2.7778	0.672	
59.3591	17.997	1.343	2.7778	0.6807	
59.2354	18.2457	1.4137	2.7778	0.6894	
59.0924	18.4838	1.4851	2.7778	0.6981	
58.9384	18.7029	1.5539	2.6778	0.6981	
58.7761	18.9032	1.6202	2.5778	0.6981	
58.6076	19.0849	1.6839	2.4778	0.6981	
58.4352	19.2486	1.7451	2.3778	0.6981	
58.2608	19.3951	1.8036	2.2778	0.6981	
58.0861	19.5251	1.8596	2.1778	0.6981	
57.9127	19.6396	1.9131	2.0778	0.6981	
57.7421	19.7397	1.9639	1.9778	0.6981	
57.5755	19.8263	2.0122	1.8778	0.6981	
57.414	19.9006	2.0579	1.7778	0.6981	
57.2022	19.9845	2.1171	2.2778	0.7069	
56.9376	20.0689	2.19	2.7778	0.7156	
56.6669	20.1315	2.2636	2.7778	0.7243	
56.3921	20.1716	2.3379	2.7778	0.733	
56.1148	20.1888	2.413	2.7778	0.7418	
55.8371	20.1827	2.4888	2.7778	0.7505	
55.5609	20.1532	2.5653	2.7778	0.7592	
55.2882	20.1003	2.6424	2.7778	0.7679	
55.0211	20.0242	2.7203	2.7778	0.7767	
54.7615	19.9253	2.7989	2.7778	0.7854	
54.5286	19.8149	2.8718	2.5778	0.7854	
54.3217	19.6976	2.9391	2.3778	0.7854	
54.1399	19.5778	3.0007	2.1778	0.7854	
53.9818	19.459	3.0566	1.9778	0.7854	
53.8459	19.3444	3.1069	1.7778	0.7854	
53.7305	19.2368	-3.1317	1.5778	0.7854	
53.634	19.1384	-3.0927	1.3778	0.7854	
53.5549	19.0511	-3.0594	1.1778	0.7854	
53.4917	18.9765	-3.0317	0.9778	0.7854	
53.4431	18.9158	-3.0097	0.7778	0.7854	
53.4018	18.862	-2.9906	0.6778	0.7854	
53.3676	18.8155	-2.9742	0.5778	0.7854	
53.3399	18.7766	-2.9607	0.4778	0.7854	
53.3184	18.7455	-2.95	0.3778	0.7854	
53.3029	18.7224	-2.9422	0.2778	0.7854	
53.2931	18.7076	-2.9372	0.1778	0.7854	
53.2888	18.7011	-2.935	0.0778	0.7854	
53.2888	18.7011	-2.935	0.0	0.7854	
53.2888	18.7011	-2.935	0.0	0.7854	
53.2888	18.7011	-2.935	0.0	0.7854	
53.2888	18.7011	-2.935	0.0	0.7854	
53.2888	18.7011	-2.935	0.0	0.7854	
53.2888	18.7011	-2.935	0.0	0.7854	
53.2888	18.7011	-2.935	0.0	0.7854	
53.2888	18.7011	-2.935	0.0	0.7854	
53.2888	18.7011	-2.935	0.0	0.7854	
53.2888	18.7011	-2.935	0.0	0.7854	
53.2888	18.7011	-2.935	0.0	0.7854	
53.2888	18.7011	-2.935	0.0	0.7854	
53.2888	18.7011	-2.935	0.0	0.7854	
53.2888	18.7011	-2.935	0.0	0.7767	
53.2888	18.7011	-2.935	0.0	0.7679	
53.2888	18.7011	-2.935	0.0	0.7592	
53.2888	18.7011	-2.935	0.0	0.7505	
53.2888	18.7011	-2.935	0.0	0.7418	
53.2888	18.7011	-2.935	0.0	0.733	
53.2888	18.7011	-2.935	0.0	0.7243	
53.2888	18.7011	-2.935	0.0	0.7156	
53.2888	18.7011	-2.935	0.0	0.7069	
53.2888	18.7011	-2.935	0.0	0.6981	
53.2644	18.6695	-2.9246	0.4	0.7069	
53.2167	18.6052	-2.9036	0.8	0.7156	
53.1481	18.5068	-2.8718	1.2	0.7243	
53.0621	18.3719	-2.8289	1.6	0.733	
52.9633	18.1979	-2.7749	2.0	0.7418	
52.8581	17.9822	-2.7094	2.4	0.7505	
52.7553	17.7242	-2.6329	2.7778	0.7592	
52.6747	17.4583	-2.5557	2.7778	0.7679	
52.6173	17.1866	-2.4779	2.7778	0.7767	
52.5836	16.9108	-2.3993	2.7778	0.7854	
52.5716	16.6333	-2.3207	2.7778	0.7854	
52.5814	16.3557	-2.2422	2.7778	0.7854	
52.613	16.0798	-2.1636	2.7778	0.7854	
52.6662	15.8071	-2.085	2.7778	0.7854	
52.7406	15.5395	-2.0065	2.7778	0.7854	
52.8358	15.2785	-1.9279	2.7778	0.7854	
52.9512	15.0258	-1.8493	2.7778	0.7854	
53.086	14.783	-1.7708	2.7778	0.7854	
53.2395	14.5515	-1.6922	2.7778	0.7854	
53.4107	14.3327	-1.6136	2.7778	0.7854	
53.5967	14.1264	-1.5357	2.7778	0.7767	
53.7966	13.9335	-1.4586	2.7778	0.7679	
54.0091	13.7547	-1.3821	2.7778	0.7592	
54.2333	13.5907	-1.3063	2.7778	0.7505	
54.468	13.442	-1.2312	2.7778	0.7418	
54.712	13.3093	-1.1569	2.7778	0.733	
54.9642	13.1929	-1.0833	2.7778	0.7243	
55.2234	13.093	-1.0104	2.7778	0.7156	
55.4885	13.01	-0.9382	2.7778	0.7069	
55.7583	12.9439	-0.8668	2.7778	0.6981	
-1
79.1389	42.9988	-0.0005	1.3889	-0.0087	
79.2778	42.9963	-0.0015	1.3889	-0.0175	
79.4166	42.9925	-0.0029	1.3889	-0.0262	
79.5554	42.9872	-0.0048	1.3889	-0.0349	
79.6941	42.9805	-0.0073	1.3889	-0.0436	
79.8327	42.9722	-0.0102	1.3889	-0.0524	
79.9713	42.9623	-0.0136	1.3889	-0.0611	
80.1097	42.9507	-0.0174	1.3889	-0.0698	
80.2479	42.9374	-0.0218	1.3889	-0.0785	
80.386	42.9223	-0.0266	1.3889	-0.0873	
80.544	42.9056	-0.0316	1.5889	-0.0785	
80.722	42.8875	-0.0366	1.7889	-0.0698	
80.9199	42.8681	-0.0415	1.9889	-0.0611	
81.1378	42.8476	-0.0461	2.1889	-0.0524	
81.3758	42.8262	-0.0502	2.3889	-0.0436	
81.6337	42.8042	-0.0538	2.5889	-0.0349	
81.9106	42.782	-0.0568	2.7778	-0.0262	
82.1876	42.7614	-0.0587	2.7778	-0.0175	
82.4648	42.7427	-0.0597	2.7778	-0.0087	
82.7421	42.7261	-0.0597	2.7778	0.0	
82.9894	42.7113	-0.0597	2.4778	0.0	
83.2068	42.6984	-0.0597	2.1778	0.0	
83.3942	42.6872	-0.0597	1.8778	0.0	
83.5517	42.6777	-0.0597	1.5778	0.0	
83.6793	42.6701	-0.0597	1.2778	0.0	
83.7769	42.6643	-0.0597	0.9778	0.0	
83.8445	42.6603	-0.0597	0.6778	0.0	
83.8822	42.658	-0.0597	0.3778	0.0	
83.89	42.6575	-0.0597	0.0778	0.0	
83.89	42.6575	-0.0597	0.0	0.0	
83.89	42.6575	-0.0597	0.0	0.0087	
83.89	42.6575	-0.0597	0.0	0.0175	
83.89	42.6575	-0.0597	0.0	0.0262	
83.89	42.6575	-0.0597	0.0	0.0349	
83.89	42.6575	-0.0597	0.0	0.0436	
83.89	42.6575	-0.0597	0.0	0.0524	
83.89	42.6575	-0.0597	0.0	0.0611	
83.89	42.6575	-0.0597	0.0	0.0698	
83.89	42.6575	-0.0597	0.0	0.0785	
83.89	42.6575	-0.0597	0.0	0.0873	
83.92	42.6586	-0.0585	0.3	0.096	
83.9799	42.6614	-0.056	0.6	0.1047	
84.0698	42.6666	-0.0519	0.9	0.1134	
84.1895	42.675	-0.0461	1.2	0.1222	
84.3389	42.6877	-0.0382	1.5	0.1309	
84.518	42.7059	-0.0282	1.8	0.1396	
84.7265	42.7311	-0.0158	2.1	0.1484	
84.9641	42.7649	-0.0008	2.4	0.1571	
85.2304	42.8092	0.017	2.7	0.1658	
85.5031	42.8621	0.0363	2.7778	0.1745	
85.7263	42.9078	0.0514	2.2778	0.1658	
85.9002	42.9446	0.0625	1.7778	0.1571	
86.0252	42.9714	0.07	1.2778	0.1484	
86.1012	42.9876	0.0744	0.7778	0.1396	
86.1284	42.9932	0.0758	0.2778	0.1309	
86.1284	42.9932	0.0758	0.0	0.1222	
86.1284	42.9932	0.0758	0.0	0.1134	
86.1284	42.9932	0.0758	0.0	0.1047	
86.1284	42.9932	0.0758	0.0	0.096	
86.1284	42.9932	0.0758	0.0	0.0873	
86.1778	43.0013	0.0776	0.5	0.0873	
86.2764	43.0178	0.0811	1.0	0.0873	
86.4243	43.0429	0.0863	1.5	0.0873	
86.6213	43.0774	0.0933	2.0	0.0873	
86.8672	43.1223	0.102	2.5	0.0873	
87.14	43.1746	0.1117	2.7778	0.0873	
87.4123	43.2294	0.1213	2.7778	0.0873	
87.6841	43.287	0.131	2.7778	0.0873	
87.9553	43.3471	0.1407	2.7778	0.0873	
88.2259	43.4099	0.1504	2.7778	0.0873	
88.4575	43.4639	0.1579	2.3778	0.0785	
88.6501	43.5085	0.1634	1.9778	0.0698	
88.8039	43.5436	0.1672	1.5778	0.0611	
88.9189	43.5693	0.1697	1.1778	0.0524	
88.9949	43.5857	0.171	0.7778	0.0436	
89.0319	43.5935	0.1716	0.3778	0.0349	
89.0319	43.5935	0.1716	0.0	0.0262	
89.0319	43.5935	0.1716	0.0	0.0175	
89.0319	43.5935	0.1716	0.0	0.0087	
89.0319	43.5935	0.1716	0.0	0.0	
89.0319	43.5935	0.1716	0.0	0.0087	
89.0319	43.5935	0.1716	0.0	0.0175	
89.0319	43.5935	0.1716	0.0	0.0262	
89.0319	43.5935	0.1716	0.0	0.0349	
89.0319	43.5935	0.1716	0.0	0.0436	
89.0319	43.5935	0.1716	0.0	0.0524	
89.0319	43.5935	0.1716	0.0	0.0611	
89.0319	43.5935	0.1716	0.0	0.0698	
89.0319	43.5935	0.1716	0.0	0.0785	
89.0319	43.5935	0.1716	0.0	0.0873	
89.0319	43.5935	0.1716	0.0	0.0785	
89.0319	43.5935	0.1716	0.0	0.0698	
89.0319	43.5935	0.1716	0.0	0.0611	
89.0319	43.5935	0.1716	0.0	0.0524	
89.0319	43.5935	0.1716	0.0	0.0436	
89.0319	43.5935	0.1716	0.0	0.0349	
89.0319	43.5935	0.1716	0.0	0.0262	
89.0319	43.5935	0.1716	0.0	0.0175	
89.0319	43.5935	0.1716	0.0	0.0087	
89.0319	43.5935	0.1716	0.0	0.0	
89.0319	43.5935	0.1716	0.0	0.0	
89.0319	43.5935	0.1716	0.0	0.0	
89.0319	43.5935	0.1716	0.0	0.0	
89.0319	43.5935	0.1716	0.0	0.0	
89.0319	43.5935	0.1716	0.0	0.0	
89.0319	43.5935	0.1716	0.0	0.0	
89.0319	43.5935	0.1716	0.0	0.0	
89.0319	43.5935	0.1716	0.0	0.0	
89.0319	43.5935	0.1716	0.0	0.0	
89.0319	43.5935	0.1716	0.0	0.0	
89.0319	43.5935	0.1716	0.0	-0.0087	
89.0319	43.5935	0.1716	0.0	-0.0175	
89.0319	43.5935	0.1716	0.0	-0.0262	
89.0319	43.5935	0.1716	0.0	-0.0349	
89.0319	43.5935	0.1716	0.0	-0.0436	
89.0319	43.5935	0.1716	0.0	-0.0524	
89.0319	43.5935	0.1716	0.0	-0.0611	
89.0319	43.5935	0.1716	0.0	-0.0698	
89.0319	43.5935	0.1716	0.0	-0.0785	
89.0319	43.5935	0.1716	0.0	-0.0873	
89.0319	43.5935	0.1716	0.0	-0.096	
89.0319	43.5935	0.1716	0.0	-0.1047	
89.0319	43.5935	0.1716	0.0	-0.1134	
89.0319	43.5935	0.1716	0.0	-0.1222	
89.0319	43.5935	0.1716	0.0	-0.1309	
89.0319	43.5935	0.1716	0.0	-0.1396	
89.0319	43.5935	0.1716	0.0	-0.1484	
89.0319	43.5935	0.1716	0.0	-0.1571	
89.0319	43.5935	0.1716	0.0	-0.1658	
89.0319	43.5935	0.1716	0.0	-0.1745	
89.0519	43.5934	0.1702	0.2	-0.1745	
89.0919	43.5932	0.1674	0.4	-0.1745	
89.1519	43.5928	0.1632	0.6	-0.1745	
89.2319	43.5919	0.1577	0.8	-0.1745	
89.3319	43.5902	0.1507	1.0	-0.1745	
89.4518	43.5874	0.1424	1.2	-0.1745	
89.5918	43.5829	0.1327	1.4	-0.1745	
89.7516	43.5762	0.1216	1.6	-0.1745	
89.9314	43.5666	0.1091	1.8	-0.1745	
90.1309	43.5536	0.0952	2.0	-0.1745	
90.3304	43.5394	0.082	2.0	-0.1658	
90.5299	43.5244	0.0694	2.0	-0.1571	
90.7293	43.5087	0.0576	2.0	-0.1484	
90.9286	43.4923	0.0465	2.0	-0.1396	
91.1279	43.4754	0.036	2.0	-0.1309	
91.3271	43.4582	0.0263	2.0	-0.1222	
91.5264	43.4408	0.0172	2.0	-0.1134	
91.7256	43.4233	0.0089	2.0	-0.1047	
91.9248	43.4059	0.0012	2.0	-0.096	
92.1241	43.3887	-0.0058	2.0	-0.0873	
92.3432	43.3683	-0.0134	2.2	-0.0873	
92.5819	43.3442	-0.0218	2.4	-0.0873	
92.8404	43.3159	-0.0309	2.6	-0.0873	
93.1162	43.2831	-0.0405	2.7778	-0.0873	
93.3918	43.2477	-0.0502	2.7778	-0.0873	
93.6669	43.2097	-0.0599	2.7778	-0.0873	
93.9417	43.1689	-0.0696	2.7778	-0.0873	
94.216	43.1255	-0.0793	2.7778	-0.0873	
94.49	43.0795	-0.089	2.7778	-0.0873	
94.7635	43.0308	-0.0986	2.7778	-0.0873	
94.9877	42.9906	-0.1058	2.2778	-0.0785	
95.1627	42.9596	-0.1108	1.7778	-0.0698	
95.2886	42.9377	-0.1139	1.2778	-0.0611	
95.3653	42.9249	-0.1155	0.7778	-0.0524	
95.3927	42.9205	-0.116	0.2778	-0.0436	
95.3927	42.9205	-0.116	0.0	-0.0349	
95.3927	42.9205	-0.116	0.0	-0.0262	
95.3927	42.9205	-0.116	0.0	-0.0175	
95.3927	42.9205	-0.116	0.0	-0.0087	
95.3927	42.9205	-0.116	0.0	0.0	
95.3927	42.9205	-0.116	0.0	0.0	
95.3927	42.9205	-0.116	0.0	0.0	
95.3927	42.9205	-0.116	0.0	0.0	
95.3927	42.9205	-0.116	0.0	0.0	
95.3927	42.9205	-0.116	0.0	0.0	
95.3927	42.9205	-0.116	0.0	0.0	
95.3927	42.9205	-0.116	0.0	0.0	
95.3927	42.9205	-0.116	0.0	0.0	
95.3927	42.9205	-0.116	0.0	0.0	
95.3927	42.9205	-0.116	0.0	0.0	
95.3927	42.9205	-0.116	0.0	-0.0087	
95.3927	42.9205	-0.116	0.0	-0.0175	
95.3927	42.9205	-0.116	0.0	-0.0262	
95.3927	42.9205	-0.116	0.0	-0.0349	
95.3927	42.9205	-0.116	0.0	-0.0436	
95.3927	42.9205	-0.116	0.0	-0.0524	
95.3927	42.9205	-0.116	0.0	-0.0611	
95.3927	42.9205	-0.116	0.0	-0.0698	
95.3927	42.9205	-0.116	0.0	-0.0785	
95.3927	42.9205	-0.116	0.0	-0.0873	
95.3927	42.9205	-0.116	0.0	-0.096	
95.3927	42.9205	-0.116	0.0	-0.1047	
95.3927	42.9205	-0.116	0.0	-0.1134	
95.3927	42.9205	-0.116	0.0	-0.1222	
95.3927	42.9205	-0.116	0.0	-0.1309	
95.3927	42.9205	-0.116	0.0	-0.1396	
95.3927	42.9205	-0.116	0.0	-0.1484	
95.3927	42.9205	-0.116	0.0	-0.1571	
95.3927	42.9205	-0.116	0.0	-0.1658	
95.3927	42.9205	-0.116	0.0	-0.1745	
95.3927	42.9205	-0.116	0.0	-0.1745	
95.3927	42.9205	-0.116	0.0	-0.1745	
95.3927	42.9205	-0.116	0.0	-0.1745	
95.3927	42.9205	-0.116	0.0	-0.1745	
95.3927	42.9205	-0.116	0.0	-0.1745	
95.3927	42.9205	-0.116	0.0	-0.1745	
95.3927	42.9205	-0.116	0.0	-0.1745	
95.3927	42.9205	-0.116	0.0	-0.1745	
95.3927	42.9205	-0.116	0.0	-0.1745	
95.3927	42.9205	-0.116	0.0	-0.1745	
95.431	42.9087	-0.1189	0.4	-0.1833	
95.5071	42.8842	-0.125	0.8	-0.192	
95.6208	42.8458	-0.1346	1.2	-0.2007	
95.7714	42.7918	-0.1479	1.6	-0.2094	
95.9582	42.7202	-0.1652	2.0	-0.2182	
55	27	1.5708	2.4	-0.2269	
55.0648	27.2701	1.5449	2.7778	-0.2356	
55.139	27.5378	1.518	2.7778	-0.2443	
55.2227	27.8027	1.4902	2.7778	-0.2531	
55.3159	28.0643	1.4614	2.7778	-0.2618	
55.4022	28.2859	1.4368	2.3778	-0.2618	
55.4784	28.4684	1.4163	1.9778	-0.2618	
55.5422	28.6127	1.4	1.5778	-0.2618	
55.5916	28.7196	1.3878	1.1778	-0.2618	
55.6251	28.7898	1.3797	0.7778	-0.2618	
55.6416	28.8238	1.3758	0.3778	-0.2618	
55.6416	28.8238	1.3758	0.0	-0.2618	
55.6416	28.8238	1.3758	0.0	-0.2618	
55.6416	28.8238	1.3758	0.0	-0.2618	
55.6416	28.8238	1.3758	0.0	-0.2618	
55.6637	28.8687	1.3706	0.5	-0.2618	
55.7082	28.9582	1.3603	1.0	-0.2618	
55.7765	29.0918	1.3448	1.5	-0.2618	
55.8702	29.2684	1.3241	2.0	-0.2618	
55.992	29.4868	1.2982	2.5	-0.2618	
56.1334	29.7259	1.2694	2.7778	-0.2618	
56.2817	29.9607	1.2407	2.7778	-0.2618	
56.4367	30.1913	1.2119	2.7778	-0.2618	
56.5983	30.4172	1.1831	2.7778	-0.2618	
56.7663	30.6384	1.1544	2.7778	-0.2618	
56.9361	30.8455	1.1258	2.6778	-0.2705	
57.1069	31.0386	1.0973	2.5778	-0.2793	
57.2779	31.2179	1.0692	2.4778	-0.288	
57.4481	31.3839	1.0414	2.3778	-0.2967	
57.617	31.5368	1.014	2.2778	-0.3054	
57.7836	31.677	0.9871	2.1778	-0.3142	
57.9472	31.8051	0.9607	2.0778	-0.3229	
58.1071	31.9215	0.9349	1.9778	-0.3316	
58.2626	32.0267	0.9099	1.8778	-0.3403	
58.4132	32.1212	0.8855	1.7778	-0.3491	
58.5994	32.2342	0.8565	2.1778	-0.3403	
58.8225	32.3633	0.8229	2.5778	-0.3316	
59.0662	32.4965	0.7876	2.7778	-0.3229	
59.3135	32.6232	0.7533	2.7778	-0.3142	
59.5638	32.7435	0.7199	2.7778	-0.3054	
59.8171	32.8575	0.6874	2.7778	-0.2967	
60.073	32.9656	0.6558	2.7778	-0.288	
60.3313	33.0677	0.6252	2.7778	-0.2793	
60.5918	33.1642	0.5955	2.7778	-0.2705	
60.8543	33.2552	0.5668	2.7778	-0.2618	
61.0817	33.3246	0.5414	2.3778	-0.2705	
61.2727	33.3758	0.5195	1.9778	-0.2793	
61.4263	33.412	0.5016	1.5778	-0.288	
61.5416	33.436	0.4878	1.1778	-0.2967	
61.6181	33.4501	0.4785	0.7778	-0.3054	
61.6554	33.4563	0.4738	0.3778	-0.3142	
61.6554	33.4563	0.4738	0.0	-0.3229	
61.6554	33.4563	0.4738	0.0	-0.3316	
61.6554	33.4563	0.4738	0.0	-0.3403	
61.6554	33.4563	0.4738	0.0	-0.3491	
61.705	33.4621	0.4668	0.5	-0.3578	
61.8045	33.4721	0.4525	1.0	-0.3665	
61.9541	33.4837	0.4305	1.5	-0.3752	
62.1539	33.493	0.4005	2.0	-0.384	
62.4038	33.4949	0.3623	2.5	-0.3927	
62.6814	33.4841	0.3188	2.7778	-0.4014	
62.958	33.4587	0.2745	2.7778	-0.4102	
63.2329	33.4188	0.2293	2.7778	-0.4189	
63.5053	33.3641	0.1833	2.7778	-0.4276	
63.7742	33.2945	0.1363	2.7778	-0.4363	
64.0109	33.2213	0.0944	2.4778	-0.4363	
64.2161	33.1483	0.0576	2.1778	-0.4363	
64.3905	33.0788	0.0259	1.8778	-0.4363	
64.5352	33.0159	-0.0008	1.5778	-0.4363	
64.651	32.9618	-0.0224	1.2778	-0.4363	
64.7386	32.9185	-0.0389	0.9778	-0.4363	
64.7989	32.8875	-0.0504	0.6778	-0.4363	
64.8323	32.8698	-0.0568	0.3778	-0.4363	
64.8392	32.8661	-0.0581	0.0778	-0.4363	
64.8392	32.8661	-0.0581	0.0	-0.4363	
64.8392	32.8661	-0.0581	0.0	-0.4451	
64.8392	32.8661	-0.0581	0.0	-0.4538	
64.8392	32.8661	-0.0581	0.0	-0.4625	
64.8392	32.8661	-0.0581	0.0	-0.4712	
64.8392	32.8661	-0.0581	0.0	-0.48	
64.8392	32.8661	-0.0581	0.0	-0.4887	
64.8392	32.8661	-0.0581	0.0	-0.4974	
64.8392	32.8661	-0.0581	0.0	-0.5061	
64.8392	32.8661	-0.0581	0.0	-0.5149	
64.8392	32.8661	-0.0581	0.0	-0.5236	
64.8476	32.8607	-0.0601	0.1	-0.5149	
64.8644	32.85	-0.0639	0.2	-0.5061	
64.8898	32.834	-0.0697	0.3	-0.4974	
64.9238	32.8128	-0.0772	0.4	-0.4887	
64.9662	32.7864	-0.0864	0.5	-0.48	
65.0171	32.7546	-0.0973	0.6	-0.4712	
65.0764	32.7175	-0.1098	0.7	-0.4625	
65.144	32.6747	-0.1238	0.8	-0.4538	
65.2199	32.6262	-0.1393	0.9	-0.4451	
65.3038	32.5718	-0.1562	1.0	-0.4363	
65.395	32.5104	-0.1748	1.1	-0.4363	
65.4933	32.4415	-0.1951	1.2	-0.4363	
65.5982	32.3648	-0.2171	1.3	-0.4363	
65.7094	32.2797	-0.2408	1.4	-0.4363	
65.8263	32.1857	-0.2661	1.5	-0.4363	
65.9484	32.0823	-0.2932	1.6	-0.4363	
66.0751	31.969	-0.3219	1.7	-0.4363	
66.2058	31.8452	-0.3523	1.8	-0.4363	
66.3397	31.7104	-0.3844	1.9	-0.4363	
66.4761	31.5641	-0.4183	2.0	-0.4363	
66.6191	31.3969	-0.4561	2.2	-0.4451	
66.7664	31.2074	-0.4982	2.4	-0.4538	
66.9153	30.9943	-0.5446	2.6	-0.4625	
67.0617	30.7582	-0.5951	2.7778	-0.4712	
67.1938	30.5139	-0.6464	2.7778	-0.48	
67.3111	30.2621	-0.6985	2.7778	-0.4887	
67.4128	30.0036	-0.7516	2.7778	-0.4974	
67.4983	29.7393	-0.8054	2.7778	-0.5061	
67.5672	29.4702	-0.8601	2.7778	-0.5149	
67.6188	29.1973	-0.9157	2.7778	-0.5236	
67.6553	28.9219	-0.9713	2.7778	-0.5236	
67.6763	28.6449	-1.0268	2.7778	-0.5236	
67.682	28.3672	-1.0824	2.7778	-0.5236	
67.6722	28.0896	-1.1379	2.7778	-0.5236	
67.6471	27.8129	-1.1935	2.7778	-0.5236	
67.6066	27.5381	-1.249	2.7778	-0.5236	
67.5509	27.266	-1.3046	2.7778	-0.5236	
67.4802	26.9974	-1.3601	2.7778	-0.5236	
67.3947	26.7331	-1.4157	2.7778	-0.5236	
67.2946	26.474	-1.4713	2.7778	-0.5236	
67.1949	26.2581	-1.5195	2.3778	-0.5323	
67.1018	26.0836	-1.5603	1.9778	-0.5411	
67.0208	25.9482	-1.5932	1.5778	-0.5498	
66.9562	25.8497	-1.6182	1.1778	-0.5585	
66.9113	25.7862	-1.6349	0.7778	-0.5672	
66.8888	25.7559	-1.6432	0.3778	-0.576	
66.8888	25.7559	-1.6432	0.0	-0.5847	
66.8888	25.7559	-1.6432	0.0	-0.5934	
66.8888	25.7559	-1.6432	0.0	-0.6021	
66.8888	25.7559	-1.6432	0.0	-0.6109	
66.8572	25.7171	-1.6546	0.5	-0.6109	
66.7932	25.6403	-1.6776	1.0	-0.6109	
66.6945	25.5273	-1.712	1.5	-0.6109	
66.5579	25.3812	-1.7579	2.0	-0.6109	
66.3789	25.2067	-1.8152	2.5	-0.6109	
66.1693	25.0245	-1.879	2.7778	-0.6109	
65.9484	24.856	-1.9427	2.7778	-0.6109	
65.7173	24.7019	-2.0064	2.7778	-0.6109	
65.4769	24.5628	-2.0702	2.7778	-0.6109	
65.228	24.4394	-2.1339	2.7778	-0.6109	
64.9718	24.332	-2.1976	2.7778	-0.6109	
64.7093	24.2412	-2.2613	2.7778	-0.6109	
64.4416	24.1672	-2.3251	2.7778	-0.6109	
64.1696	24.1105	-2.3888	2.7778	-0.6109	
63.8947	24.0712	-2.4525	2.7778	-0.6109	
63.6177	24.0495	-2.5163	2.7778	-0.6109	
63.34	24.0455	-2.58	2.7778	-0.6109	
63.0625	24.0592	-2.6437	2.7778	-0.6109	
62.7865	24.0905	-2.7075	2.7778	-0.6109	
62.5131	24.1393	-2.7712	2.7778	-0.6109	
62.2427	24.2031	-2.8341	2.7778	-0.6021	
61.9762	24.2815	-2.8963	2.7778	-0.5934	
61.7143	24.374	-2.9576	2.7778	-0.5847	
61.4576	24.4801	-3.0181	2.7778	-0.576	
61.2067	24.5993	-3.0778	2.7778	-0.5672	
60.9622	24.7312	-3.1367	2.7778	-0.5585	
60.7247	24.8752	3.0885	2.7778	-0.5498	
60.4945	25.0307	3.0312	2.7778	-0.5411	
60.2721	25.1972	2.9748	2.7778	-0.5323	
60.058	25.3741	2.9193	2.7778	-0.5236	
59.8629	25.5575	2.8649	2.6778	-0.5323	
59.6866	25.7456	2.8118	2.5778	-0.5411	
59.5287	25.9365	2.76	2.4778	-0.5498	
59.3884	26.1285	2.7096	2.3778	-0.5585	
59.2652	26.3201	2.6607	2.2778	-0.5672	
59.1582	26.5097	2.6132	2.1778	-0.576	
59.0663	26.6961	2.5673	2.0778	-0.5847	
58.9887	26.878	2.5231	1.9778	-0.5934	
58.9243	27.0544	2.4806	1.8778	-0.6021	
58.872	27.2243	2.4398	1.7778	-0.6109	
58.824	27.4059	2.3967	1.8778	-0.6109	
58.7818	27.5991	2.3513	1.9778	-0.6109	
58.7468	27.8039	2.3037	2.0778	-0.6109	
58.7202	28.02	2.2537	2.1778	-0.6109	
58.7039	28.2472	2.2014	2.2778	-0.6109	
58.6992	28.485	2.1469	2.3778	-0.6109	
58.7078	28.7326	2.09	2.4778	-0.6109	
58.7314	28.9893	2.0309	2.5778	-0.6109	
58.7716	29.254	1.9694	2.6778	-0.6109	
58.8301	29.5256	1.9057	2.7778	-0.6109	
-1
52.0019	53.7856	-1.57	2.1444	0.0087	
52.0061	53.5512	-1.5684	2.3444	0.0175	
52.0134	53.2968	-1.5657	2.5444	0.0262	
52.0244	53.0226	-1.5619	2.7444	0.0349	
52.0389	52.7452	-1.5571	2.7778	0.0436	
52.0573	52.468	-1.5513	2.7778	0.0524	
52.0797	52.1912	-1.5445	2.7778	0.0611	
52.1063	51.9147	-1.5367	2.7778	0.0698	
52.1375	51.6386	-1.528	2.7778	0.0785	
52.1736	51.3632	-1.5183	2.7778	0.0873	
52.2147	51.0885	-1.5077	2.7778	0.096	
52.2611	50.8146	-1.4961	2.7778	0.1047	
52.313	50.5417	-1.4835	2.7778	0.1134	
52.3708	50.27	-1.4699	2.7778	0.1222	
52.4346	49.9997	-1.4554	2.7778	0.1309	
52.5047	49.7309	-1.44	2.7778	0.1396	
52.5812	49.4639	-1.4235	2.7778	0.1484	
52.6645	49.1988	-1.4062	2.7778	0.1571	
52.7546	48.9361	-1.3878	2.7778	0.1658	
52.8518	48.6759	-1.3685	2.7778	0.1745	
52.9481	48.426	-1.3509	2.6778	0.1658	
53.043	48.1864	-1.3347	2.5778	0.1571	
53.136	47.9567	-1.3201	2.4778	0.1484	
53.2264	47.7368	-1.3068	2.3778	0.1396	
53.3141	47.5265	-1.2949	2.2778	0.1309	
53.3985	47.3258	-1.2843	2.1778	0.1222	
53.4794	47.1344	-1.2749	2.0778	0.1134	
53.5565	46.9523	-1.2666	1.9778	0.1047	
53.6296	46.7793	-1.2595	1.8778	0.096	
53.6986	46.6155	-1.2533	1.7778	0.0873	
53.7479	46.4976	-1.2492	1.2778	0.0785	
53.7776	46.4257	-1.2471	0.7778	0.0698	
53.788	46.4	-1.2464	0.2778	0.0611	
53.788	46.4	-1.2464	0.0	0.0524	
53.788	46.4	-1.2464	0.0	0.0436	
53.788	46.4	-1.2464	0.0	0.0349	
53.788	46.4	-1.2464	0.0	0.0262	
53.788	46.4	-1.2464	0.0	0.0175	
53.788	46.4	-1.2464	0.0	0.0087	
53.788	46.4	-1.2464	0.0	0.0	
53.788	46.4	-1.2464	0.0	0.0	
53.788	46.4	-1.2464	0.0	0.0	
53.788	46.4	-1.2464	0.0	0.0	
53.788	46.4	-1.2464	0.0	0.0	
53.788	46.4	-1.2464	0.0	0.0	
53.788	46.4	-1.2464	0.0	0.0	
53.788	46.4	-1.2464	0.0	0.0	
53.788	46.4	-1.2464	0.0	0.0	
53.788	46.4	-1.2464	0.0	0.0	
53.788	46.4	-1.2464	0.0	0.0	
53.7979	46.3716	-1.2463	0.3	0.0087	
53.818	46.3151	-1.2459	0.6	0.0175	
53.8489	46.2306	-1.2449	0.9	0.0262	
53.8913	46.1183	-1.2433	1.2	0.0349	
53.9457	45.9785	-1.2406	1.5	0.0436	
54.0129	45.8115	-1.2369	1.8	0.0524	
54.0937	45.6177	-1.2317	2.1	0.0611	
54.1891	45.3975	-1.225	2.4	0.0698	
54.3003	45.1514	-1.2166	2.7	0.0785	
54.419	44.9003	-1.2069	2.7778	0.0873	
54.5226	44.6863	-1.1986	2.3778	0.0873	
54.6103	44.509	-1.1917	1.9778	0.0873	
54.6813	44.3681	-1.1862	1.5778	0.0873	
54.7348	44.2632	-1.1821	1.1778	0.0873	
54.7705	44.1941	-1.1794	0.7778	0.0873	
54.7879	44.1605	-1.1781	0.3778	0.0873	
54.7879	44.1605	-1.1781	0.0	0.0873	
54.7879	44.1605	-1.1781	0.0	0.0873	
54.7879	44.1605	-1.1781	0.0	0.0873	
54.7879	44.1605	-1.1781	0.0	0.0873	
54.7879	44.1605	-1.1781	0.0	0.0873	
54.7879	44.1605	-1.1781	0.0	0.0873	
54.7879	44.1605	-1.1781	0.0	0.0873	
54.7879	44.1605	-1.1781	0.0	0.0873	
54.7879	44.1605	-1.1781	0.0	0.0873	
54.7879	44.1605	-1.1781	0.0	0.0873	
54.7879	44.1605	-1.1781	0.0	0.0873	
54.7879	44.1605	-1.1781	0.0	0.0873	
54.7879	44.1605	-1.1781	0.0	0.0873	
54.7879	44.1605	-1.1781	0.0	0.0873	
54.7879	44.1605	-1.1781	0.0	0.0785	
54.7879	44.1605	-1.1781	0.0	0.0698	
54.7879	44.1605	-1.1781	0.0	0.0611	
54.7879	44.1605	-1.1781	0.0	0.0524	
54.7879	44.1605	-1.1781	0.0	0.0436	
54.7879	44.1605	-1.1781	0.0	0.0349	
54.7879	44.1605	-1.1781	0.0	0.0262	
54.7879	44.1605	-1.1781	0.0	0.0175	
54.7879	44.1605	-1.1781	0.0	0.0087	
54.7879	44.1605	-1.1781	0.0	0.0	
54.7879	44.1605	-1.1781	0.0	0.0	
54.7879	44.1605	-1.1781	0.0	0.0	
54.7879	44.1605	-1.1781	0.0	0.0	
54.7879	44.1605	-1.1781	0.0	0.0	
54.7879	44.1605	-1.1781	0.0	0.0	
54.7879	44.1605	-1.1781	0.0	0.0	
54.7879	44.1605	-1.1781	0.0	0.0	
54.7879	44.1605	-1.1781	0.0	0.0	
54.7879	44.1605	-1.1781	0.0	0.0	
54.7879	44.1605	-1.1781	0.0	0.0	
54.8028	44.1234	-1.1782	0.4	-0.0087	
54.8322	44.049	-1.1788	0.8	-0.0175	
54.8751	43.9369	-1.18	1.2	-0.0262	
54.9308	43.787	-1.1823	1.6	-0.0349	
54.9984	43.5988	-1.1857	2.0	-0.0436	
55.0768	43.3719	-1.1908	2.4	-0.0524	
55.1639	43.1081	-1.1976	2.7778	-0.0611	
55.2469	42.8431	-1.2053	2.7778	-0.0698	
55.3255	42.5766	-1.214	2.7778	-0.0785	
55.3995	42.3089	-1.2237	2.7778	-0.0873	
55.4626	42.0796	-1.2312	2.3778	-0.0785	
55.5153	41.889	-1.2367	1.9778	-0.0698	
55.5579	41.7371	-1.2405	1.5778	-0.0611	
55.5902	41.6238	-1.243	1.1778	-0.0524	
55.612	41.5492	-1.2444	0.7778	-0.0436	
55.6228	41.513	-1.2449	0.3778	-0.0349	
55.6228	41.513	-1.2449	0.0	-0.0262	
55.6228	41.513	-1.2449	0.0	-0.0175	
55.6228	41.513	-1.2449	0.0	-0.0087	
55.6228	41.513	-1.2449	0.0	0.0	
55.6294	41.4941	-1.2448	0.2	0.0087	
55.6429	41.4564	-1.2445	0.4	0.0175	
55.6636	41.4001	-1.2439	0.6	0.0262	
55.6919	41.3253	-1.2428	0.8	0.0349	
55.7282	41.2321	-1.241	1.0	0.0436	
55.773	41.1208	-1.2385	1.2	0.0524	
55.8266	40.9915	-1.2351	1.4	0.0611	
55.8897	40.8444	-1.2307	1.6	0.0698	
55.9629	40.68	-1.225	1.8	0.0785	
56.0468	40.4984	-1.218	2.0	0.0873	
56.115	40.3537	-1.2125	1.6	0.0873	
56.1667	40.2454	-1.2083	1.2	0.0873	
56.2015	40.1734	-1.2055	0.8	0.0873	
56.219	40.1374	-1.2041	0.4	0.0873	
56.219	40.1374	-1.2041	0.0	0.0873	
56.219	40.1374	-1.2041	0.0	0.0873	
56.219	40.1374	-1.2041	0.0	0.0873	
56.219	40.1374	-1.2041	0.0	0.0873	
56.219	40.1374	-1.2041	0.0	0.0873	
56.219	40.1374	-1.2041	0.0	0.0873	
56.219	40.1374	-1.2041	0.0	0.0873	
56.219	40.1374	-1.2041	0.0	0.0873	
56.219	40.1374	-1.2041	0.0	0.0873	
56.219	40.1374	-1.2041	0.0	0.0873	
56.219	40.1374	-1.2041	0.0	0.0873	
56.219	40.1374	-1.2041	0.0	0.0873	
56.219	40.1374	-1.2041	0.0	0.0873	
56.219	40.1374	-1.2041	0.0	0.0873	
56.219	40.1374	-1.2041	0.0	0.0873	
56.219	40.1374	-1.2041	0.0	0.0873	
56.2322	40.1104	-1.203	0.3	0.0873	
56.2585	40.0565	-1.2009	0.6	0.0873	
56.2982	39.9758	-1.1978	0.9	0.0873	
56.3515	39.8683	-1.1936	1.2	0.0873	
56.4187	39.7341	-1.1884	1.5	0.0873	
56.5002	39.5736	-1.1821	1.8	0.0873	
56.5964	39.387	-1.1748	2.1	0.0873	
56.7079	39.1745	-1.1664	2.4	0.0873	
56.8354	38.9364	-1.157	2.7	0.0873	
56.9688	38.6928	-1.1473	2.7778	0.0873	
57.1067	38.4517	-1.1367	2.7778	0.096	
57.2492	38.2132	-1.1251	2.7778	0.1047	
57.3966	37.9778	-1.1125	2.7778	0.1134	
57.5489	37.7455	-1.099	2.7778	0.1222	
57.7064	37.5167	-1.0845	2.7778	0.1309	
57.8692	37.2916	-1.069	2.7778	0.1396	
58.0373	37.0704	-1.0526	2.7778	0.1484	
58.211	36.8536	-1.0352	2.7778	0.1571	
58.3902	36.6414	-1.0168	2.7778	0.1658	
58.5751	36.4342	-0.9976	2.7778	0.1745	
58.7658	36.2322	-0.9773	2.7778	0.1833	
58.9622	36.0358	-0.9561	2.7778	0.192	
59.1644	35.8453	-0.9339	2.7778	0.2007	
59.3725	35.6612	-0.9108	2.7778	0.2094	
59.5862	35.4838	-0.8868	2.7778	0.2182	
59.8057	35.3135	-0.8618	2.7778	0.2269	
60.0307	35.1507	-0.8359	2.7778	0.2356	
60.2613	34.9958	-0.809	2.7778	0.2443	
60.4973	34.8493	-0.7812	2.7778	0.2531	
60.7384	34.7114	-0.7524	2.7778	0.2618	
60.9735	34.5832	-0.7256	2.6778	0.2531	
61.202	34.4638	-0.7006	2.5778	0.2443	
61.4235	34.3527	-0.6775	2.4778	0.2356	
61.6375	34.2492	-0.6561	2.3778	0.2269	
61.8438	34.1526	-0.6364	2.2778	0.2182	
62.042	34.0624	-0.6183	2.1778	0.2094	
62.232	33.9781	-0.6017	2.0778	0.2007	
62.4134	33.8993	-0.5866	1.9778	0.192	
62.5861	33.8256	-0.5729	1.8778	0.1833	
62.7499	33.7567	-0.5606	1.7778	0.1745	
62.9239	33.686	-0.5475	1.8778	0.1745	
63.1081	33.6139	-0.5338	1.9778	0.1745	
63.3026	33.5408	-0.5194	2.0778	0.1745	
63.5075	33.4672	-0.5042	2.1778	0.1745	
63.723	33.3935	-0.4884	2.2778	0.1745	
63.9492	33.3201	-0.4719	2.3778	0.1745	
64.1861	33.2475	-0.4547	2.4778	0.1745	
64.4338	33.1762	-0.4368	2.5778	0.1745	
64.6924	33.1068	-0.4182	2.6778	0.1745	
64.962	33.0397	-0.3989	2.7778	0.1745	
65.2328	32.9779	-0.3796	2.7778	0.1745	
65.5048	32.9214	-0.3603	2.7778	0.1745	
65.7778	32.8701	-0.341	2.7778	0.1745	
66.0517	32.824	-0.3217	2.7778	0.1745	
66.3265	32.7833	-0.3024	2.7778	0.1745	
66.602	32.7479	-0.2831	2.7778	0.1745	
66.8782	32.7178	-0.2638	2.7778	0.1745	
67.1548	32.693	-0.2445	2.7778	0.1745	
67.4319	32.6736	-0.2252	2.7778	0.1745	
67.7093	32.6595	-0.206	2.7778	0.1745	
67.987	32.6508	-0.1867	2.7778	0.1745	
68.2647	32.6474	-0.1674	2.7778	0.1745	
68.5425	32.6494	-0.1481	2.7778	0.1745	
68.8202	32.6567	-0.1288	2.7778	0.1745	
69.0977	32.6694	-0.1095	2.7778	0.1745	
69.3749	32.6875	-0.0902	2.7778	0.1745	
69.6517	32.7109	-0.0709	2.7778	0.1745	
69.9279	32.7396	-0.0516	2.7778	0.1745	
70.2036	32.7737	-0.0323	2.7778	0.1745	
70.4786	32.8131	-0.013	2.7778	0.1745	
70.7531	32.8553	0.0053	2.7778	0.1658	
71.0273	32.9003	0.0227	2.7778	0.1571	
71.301	32.9475	0.0391	2.7778	0.1484	
71.5743	32.9969	0.0546	2.7778	0.1396	
71.8474	33.0482	0.0691	2.7778	0.1309	
72.1201	33.101	0.0826	2.7778	0.1222	
72.3925	33.1551	0.0952	2.7778	0.1134	
72.6648	33.2103	0.1068	2.7778	0.1047	
72.9368	33.2662	0.1175	2.7778	0.096	
73.2088	33.3227	0.1272	2.7778	0.0873	
73.4412	33.3733	0.1355	2.3778	0.0873	
73.634	33.417	0.1424	1.9778	0.0873	
73.7877	33.4529	0.1479	1.5778	0.0873	
73.9022	33.4803	0.152	1.1778	0.0873	
73.9778	33.4988	0.1547	0.7778	0.0873	
74.0145	33.5078	0.156	0.3778	0.0873	
74.0145	33.5078	0.156	0.0	0.0873	
74.0145	33.5078	0.156	0.0	0.0873	
74.0145	33.5078	0.156	0.0	0.0873	
74.0145	33.5078	0.156	0.0	0.0873	
74.0435	33.5153	0.1571	0.3	0.096	
74.1015	33.5308	0.1596	0.6	0.1047	
74.1881	33.5551	0.1637	0.9	0.1134	
74.3033	33.5889	0.1696	1.2	0.1222	
74.4465	33.6333	0.1774	1.5	0.1309	
74.6176	33.6894	0.1874	1.8	0.1396	
74.8158	33.7586	0.1998	2.1	0.1484	
75.0407	33.8425	0.2149	2.4	0.1571	
75.2914	33.9428	0.2327	2.7	0.1658	
75.5465	34.0528	0.252	2.7778	0.1745	
75.7994	34.1677	0.2713	2.7778	0.1745	
76.05	34.2875	0.2906	2.7778	0.1745	
76.2983	34.4121	0.3099	2.7778	0.1745	
76.5441	34.5415	0.3292	2.7778	0.1745	
76.7874	34.6755	0.3484	2.7778	0.1745	
77.028	34.8143	0.3677	2.7778	0.1745	
77.2659	34.9576	0.387	2.7778	0.1745	
77.501	35.1055	0.4063	2.7778	0.1745	
77.7333	35.258	0.4256	2.7778	0.1745	
77.9625	35.4149	0.4449	2.7778	0.1745	
78.1792	35.5722	0.4644	2.6778	0.1833	
78.3834	35.7295	0.4841	2.5778	0.192	
78.5753	35.8863	0.5039	2.4778	0.2007	
78.7551	36.0419	0.5236	2.3778	0.2094	
78.923	36.1957	0.5434	2.2778	0.2182	
79.0793	36.3474	0.563	2.1778	0.2269	
79.2243	36.4962	0.5824	2.0778	0.2356	
79.3582	36.6417	0.6015	1.9778	0.2443	
79.4815	36.7834	0.6203	1.8778	0.2531	
79.5945	36.9206	0.6387	1.7778	0.2618	
79.7049	37.06	0.6571	1.7778	0.2618	
79.8128	37.2013	0.6755	1.7778	0.2618	
79.918	37.3446	0.6939	1.7778	0.2618	
80.0206	37.4898	0.7123	1.7778	0.2618	
80.1205	37.6368	0.7307	1.7778	0.2618	
80.2177	37.7857	0.7491	1.7778	0.2618	
80.3121	37.9363	0.7675	1.7778	0.2618	
80.4037	38.0887	0.786	1.7778	0.2618	
80.4925	38.2427	0.8044	1.7778	0.2618	
80.5785	38.3983	0.8228	1.7778	0.2618	
80.6556	38.5473	0.8407	1.6778	0.2705	
80.7243	38.6893	0.8581	1.5778	0.2793	
80.7852	38.824	0.8749	1.4778	0.288	
80.8388	38.9509	0.891	1.3778	0.2967	
80.8855	39.0698	0.9064	1.2778	0.3054	
80.9259	39.1805	0.9209	1.1778	0.3142	
80.9605	39.2825	0.9346	1.0778	0.3229	
80.9899	39.3758	0.9473	0.9778	0.3316	
81.0144	39.4601	0.9591	0.8778	0.3403	
81.0346	39.5352	0.9697	0.7778	0.3491	
81.0546	39.6104	0.9801	0.7778	0.3403	
81.0745	39.6855	0.9902	0.7778	0.3316	
81.0944	39.7607	1.0001	0.7778	0.3229	
81.1141	39.836	1.0097	0.7778	0.3142	
81.1338	39.9112	1.0191	0.7778	0.3054	
81.1534	39.9865	1.0281	0.7778	0.2967	
81.173	40.0618	1.037	0.7778	0.288	
81.1926	40.137	1.0456	0.7778	0.2793	
81.2122	40.2123	1.0539	0.7778	0.2705	
81.2318	40.2876	1.0619	0.7778	0.2618	
81.262	40.4117	1.0756	1.2778	0.2705	
81.3001	40.5854	1.0952	1.7778	0.2793	
81.3426	40.8092	1.1211	2.2778	0.288	
81.3849	41.0837	1.1535	2.7778	0.2967	
81.4159	41.3597	1.187	2.7778	0.3054	
81.4352	41.6368	1.2213	2.7778	0.3142	
81.4426	41.9145	1.2565	2.7778	0.3229	
81.4378	42.1922	1.2927	2.7778	0.3316	
81.4205	42.4695	1.3298	2.7778	0.3403	
81.3906	42.7456	1.3678	2.7778	0.3491	
81.3501	43.0205	1.4058	2.7778	0.3491	
81.2993	43.2935	1.4438	2.7778	0.3491	
81.2381	43.5645	1.4818	2.7778	0.3491	
81.1667	43.8329	1.5198	2.7778	0.3491	
81.0851	44.0985	1.5578	2.7778	0.3491	
80.9935	44.3607	1.5958	2.7778	0.3491	
80.8919	44.6193	1.6338	2.7778	0.3491	
80.7807	44.8738	1.6718	2.7778	0.3491	
80.6598	45.1239	1.7098	2.7778	0.3491	
80.5296	45.3692	1.7478	2.7778	0.3491	
80.4001	45.5922	1.7831	2.5778	0.3491	
80.2735	45.7934	1.8156	2.3778	0.3491	
80.1517	45.9739	1.8454	2.1778	0.3491	
80.0362	46.1345	1.8725	1.9778	0.3491	
79.9285	46.2759	1.8968	1.7778	0.3491	
79.8299	46.3991	1.9184	1.5778	0.3491	
79.7415	46.5048	1.9372	1.3778	0.3491	
79.6642	46.5937	1.9534	1.1778	0.3491	
79.5989	46.6664	1.9667	0.9778	0.3491	
79.5461	46.7236	1.9774	0.7778	0.3491	
79.4785	46.7942	1.9911	0.9778	0.3578	
79.3951	46.8773	2.008	1.1778	0.3665	
79.2951	46.9721	2.0282	1.3778	0.3752	
79.1774	47.0772	2.0518	1.5778	0.384	
79.0411	47.1914	2.079	1.7778	0.3927	
78.885	47.3128	2.1099	1.9778	0.4014	
78.708	47.4396	2.1447	2.1778	0.4102	
78.5088	47.5695	2.1833	2.3778	0.4189	
78.2865	47.7	2.2261	2.5778	0.4276	
78.04	47.8281	2.2731	2.7778	0.4363	
77.7968	47.9402	2.3183	2.6778	0.4363	
77.5581	48.0375	2.3619	2.5778	0.4363	
77.3248	48.1209	2.4038	2.4778	0.4363	
77.0978	48.1915	2.444	2.3778	0.4363	
76.8777	48.2504	2.4825	2.2778	0.4363	
76.6653	48.2985	2.5193	2.1778	0.4363	
76.4611	48.3369	2.5544	2.0778	0.4363	
76.2656	48.3666	2.5879	1.9778	0.4363	
76.0791	48.3886	2.6196	1.8778	0.4363	
75.902	48.4038	2.6497	1.7778	0.4363	
75.7644	48.4115	2.6729	1.3778	0.4363	
75.6667	48.4146	2.6895	0.9778	0.4363	
75.6089	48.4156	2.6992	0.5778	0.4363	
75.5911	48.4157	2.7022	0.1778	0.4363	
75.5911	48.4157	2.7022	0.0	0.4363	
75.5911	48.4157	2.7022	0.0	0.4363	
75.5911	48.4157	2.7022	0.0	0.4363	
75.5911	48.4157	2.7022	0.0	0.4363	
75.5911	48.4157	2.7022	0.0	0.4363	
75.5911	48.4157	2.7022	0.0	0.4363	
75.5911	48.4157	2.7022	0.0	0.4363	
75.5911	48.4157	2.7022	0.0	0.4363	
75.5911	48.4157	2.7022	0.0	0.4363	
75.5911	48.4157	2.7022	0.0	0.4363	
75.5911	48.4157	2.7022	0.0	0.4363	
75.5911	48.4157	2.7022	0.0	0.4363	
75.5911	48.4157	2.7022	0.0	0.4363	
75.5911	48.4157	2.7022	0.0	0.4363	
75.5911	48.4157	2.7022	0.0	0.4363	
75.5911	48.4157	2.7022	0.0	0.4363	
75.5911	48.4157	2.7022	0.0	0.4451	
75.5911	48.4157	2.7022	0.0	0.4538	
75.5911	48.4157	2.7022	0.0	0.4625	
75.5911	48.4157	2.7022	0.0	0.4712	
75.5911	48.4157	2.7022	0.0	0.48	
75.5911	48.4157	2.7022	0.0	0.4887	
75.5911	48.4157	2.7022	0.0	0.4974	
75.5911	48.4157	2.7022	0.0	0.5061	
75.5911	48.4157	2.7022	0.0	0.5149	
75.5911	48.4157	2.7022	0.0	0.5236	
75.5911	48.4157	2.7022	0.0	0.5323	
75.5911	48.4157	2.7022	0.0	0.5411	
75.5911	48.4157	2.7022	0.0	0.5498	
75.5911	48.4157	2.7022	0.0	0.5585	
75.5911	48.4157	2.7022	0.0	0.5672	
75.5911	48.4157	2.7022	0.0	0.576	
75.5911	48.4157	2.7022	0.0	0.5847	
75.5911	48.4157	2.7022	0.0	0.5934	
75.5911	48.4157	2.7022	0.0	0.6021	
75.5911	48.4157	2.7022	0.0	0.6109	
75.5813	48.414	2.7045	0.1	0.6109	
75.5616	48.4105	2.7091	0.2	0.6109	
75.5321	48.4052	2.716	0.3	0.6109	
75.4927	48.3978	2.7252	0.4	0.6109	
75.4437	48.3881	2.7367	0.5	0.6109	
75.385	48.3759	2.7504	0.6	0.6109	
75.3166	48.3606	2.7665	0.7	0.6109	
75.2389	48.3419	2.7848	0.8	0.6109	
75.1517	48.3193	2.8055	0.9	0.6109	
75.0555	48.2922	2.8284	1.0	0.6109	
-1
52.9189	19.0	-3.1416	0.8111	0.0	
52.8678	19.0	-3.1416	0.5111	0.0	
52.8467	19.0	-3.1416	0.2111	0.0	
52.8467	19.0	-3.1416	0.0	0.0	
52.8467	19.0	-3.1416	0.0	0.0	
52.8467	19.0	-3.1416	0.0	0.0	
52.8467	19.0	-3.1416	0.0	0.0	
52.8467	19.0	-3.1416	0.0	0.0	
52.8467	19.0	-3.1416	0.0	0.0	
52.8467	19.0	-3.1416	0.0	0.0	
52.8467	19.0	-3.1416	0.0	0.0087	
52.8467	19.0	-3.1416	0.0	0.0175	
52.8467	19.0	-3.1416	0.0	0.0262	
52.8467	19.0	-3.1416	0.0	0.0349	
52.8467	19.0	-3.1416	0.0	0.0436	
52.8467	19.0	-3.1416	0.0	0.0524	
52.8467	19.0	-3.1416	0.0	0.0611	
52.8467	19.0	-3.1416	0.0	0.0698	
52.8467	19.0	-3.1416	0.0	0.0785	
52.8467	19.0	-3.1416	0.0	0.0873	
52.8467	19.0	-3.1416	0.0	0.0785	
52.8467	19.0	-3.1416	0.0	0.0698	
52.8467	19.0	-3.1416	0.0	0.0611	
52.8467	19.0	-3.1416	0.0	0.0524	
52.8467	19.0	-3.1416	0.0	0.0436	
52.8467	19.0	-3.1416	0.0	0.0349	
52.8467	19.0	-3.1416	0.0	0.0262	
52.8467	19.0	-3.1416	0.0	0.0175	
52.8467	19.0	-3.1416	0.0	0.0087	
52.8467	19.0	-3.1416	0.0	0.0	
52.8467	19.0	-3.1416	0.0	0.0	
52.8467	19.0	-3.1416	0.0	0.0	
52.8467	19.0	-3.1416	0.0	0.0	
52.8467	19.0	-3.1416	0.0	0.0	
52.8467	19.0	-3.1416	0.0	0.0	
52.8467	19.0	-3.1416	0.0	0.0	
52.8467	19.0	-3.1416	0.0	0.0	
52.8467	19.0	-3.1416	0.0	0.0	
52.8467	19.0	-3.1416	0.0	0.0	
52.8467	19.0	-3.1416	0.0	0.0	
52.8467	19.0	-3.1416	0.0	0.0087	
52.8467	19.0	-3.1416	0.0	0.0175	
52.8467	19.0	-3.1416	0.0	0.0262	
52.8467	19.0	-3.1416	0.0	0.0349	
52.8467	19.0	-3.1416	0.0	0.0436	
52.8467	19.0	-3.1416	0.0	0.0524	
52.8467	19.0	-3.1416	0.0	0.0611	
52.8467	19.0	-3.1416	0.0	0.0698	
52.8467	19.0	-3.1416	0.0	0.0785	
52.8467	19.0	-3.1416	0.0	0.0873	
52.8467	19.0	-3.1416	0.0	0.0785	
52.8467	19.0	-3.1416	0.0	0.0698	
52.8467	19.0	-3.1416	0.0	0.0611	
52.8467	19.0	-3.1416	0.0	0.0524	
52.8467	19.0	-3.1416	0.0	0.0436	
52.8467	19.0	-3.1416	0.0	0.0349	
52.8467	19.0	-3.1416	0.0	0.0262	
52.8467	19.0	-3.1416	0.0	0.0175	
52.8467	19.0	-3.1416	0.0	0.0087	
52.8467	19.0	-3.1416	0.0	0.0	
52.8067	19.0	-3.1416	0.4	0.0	
52.7267	19.0	-3.1416	0.8	0.0	
52.6067	19.0	-3.1416	1.2	0.0	
52.4467	19.0	-3.1416	1.6	0.0	
52.2467	19.0	-3.1416	2.0	0.0	
52.0067	19.0	-3.1416	2.4	0.0	
51.7289	19.0	-3.1416	2.7778	0.0	
51.4511	19.0	-3.1416	2.7778	0.0	
51.1733	19.0	-3.1416	2.7778	0.0	
50.8956	19.0	-3.1416	2.7778	0.0	
50.6578	19.0021	3.1408	2.3778	-0.0087	
50.46	19.0057	3.1394	1.9778	-0.0175	
50.3023	19.0102	3.1377	1.5778	-0.0262	
50.1846	19.0147	3.1361	1.1778	-0.0349	
50.107	19.0186	3.1347	0.7778	-0.0436	
50.0692	19.0208	3.1339	0.3778	-0.0524	
50.0692	19.0208	3.1339	0.0	-0.0611	
50.0692	19.0208	3.1339	0.0	-0.0698	
50.0692	19.0208	3.1339	0.0	-0.0785	
50.0692	19.0208	3.1339	0.0	-0.0873	
50.0593	19.0218	3.1336	0.1	-0.096	
50.0394	19.0241	3.1327	0.2	-0.1047	
50.0096	19.0277	3.1314	0.3	-0.1134	
49.97	19.033	3.1294	0.4	-0.1222	
49.9205	19.0401	3.1268	0.5	-0.1309	
49.8612	19.0494	3.1235	0.6	-0.1396	
49.7922	19.061	3.1193	0.7	-0.1484	
49.7135	19.0752	3.1143	0.8	-0.1571	
49.6251	19.0925	3.1084	0.9	-0.1658	
49.5273	19.1131	3.1014	1.0	-0.1745	
49.4784	19.1234	3.0981	0.5	-0.1658	
49.4784	19.1234	3.0981	0.0	-0.1571	
49.4784	19.1234	3.0981	0.0	-0.1484	
49.4784	19.1234	3.0981	0.0	-0.1396	
49.4784	19.1234	3.0981	0.0	-0.1309	
49.4784	19.1234	3.0981	0.0	-0.1222	
49.4784	19.1234	3.0981	0.0	-0.1134	
49.4784	19.1234	3.0981	0.0	-0.1047	
49.4784	19.1234	3.0981	0.0	-0.096	
49.4784	19.1234	3.0981	0.0	-0.0873	
49.4585	19.1258	3.0975	0.2	-0.0785	
49.4188	19.1303	3.0964	0.4	-0.0698	
49.3591	19.1367	3.0949	0.6	-0.0611	
49.2795	19.1446	3.0932	0.8	-0.0524	
49.1799	19.1538	3.0915	1.0	-0.0436	
49.0603	19.164	3.0898	1.2	-0.0349	
48.9208	19.1749	3.0884	1.4	-0.0262	
48.7612	19.1862	3.0872	1.6	-0.0175	
48.5815	19.1975	3.0866	1.8	-0.0087	
48.3818	19.2085	3.0866	2.0	0.0	
48.2022	19.22	3.086	1.8	-0.0087	
48.0426	19.2317	3.0849	1.6	-0.0175	
47.9031	19.2433	3.0834	1.4	-0.0262	
47.7836	19.2544	3.0817	1.2	-0.0349	
47.6842	19.2648	3.08	1.0	-0.0436	
47.6047	19.2739	3.0783	0.8	-0.0524	
47.5451	19.2813	3.0768	0.6	-0.0611	
47.5055	19.2867	3.0757	0.4	-0.0698	
47.4857	19.2895	3.0751	0.2	-0.0785	
47.4857	19.2895	3.0751	0.0	-0.0873	
47.4857	19.2895	3.0751	0.0	-0.096	
47.4857	19.2895	3.0751	0.0	-0.1047	
47.4857	19.2895	3.0751	0.0	-0.1134	
47.4857	19.2895	3.0751	0.0	-0.1222	
47.4857	19.2895	3.0751	0.0	-0.1309	
47.4857	19.2895	3.0751	0.0	-0.1396	
47.4857	19.2895	3.0751	0.0	-0.1484	
47.4857	19.2895	3.0751	0.0	-0.1571	
47.4857	19.2895	3.0751	0.0	-0.1658	
47.4857	19.2895	3.0751	0.0	-0.1745	
47.4857	19.2895	3.0751	0.0	-0.1658	
47.4857	19.2895	3.0751	0.0	-0.1571	
47.4857	19.2895	3.0751	0.0	-0.1484	
47.4857	19.2895	3.0751	0.0	-0.1396	
47.4857	19.2895	3.0751	0.0	-0.1309	
47.4857	19.2895	3.0751	0.0	-0.1222	
47.4857	19.2895	3.0751	0.0	-0.1134	
47.4857	19.2895	3.0751	0.0	-0.1047	
47.4857	19.2895	3.0751	0.0	-0.096	
47.4857	19.2895	3.0751	0.0	-0.0873	
47.4462	19.2957	3.0737	0.4	-0.0873	
47.3671	19.308	3.0709	0.8	-0.0873	
47.2486	19.3269	3.0667	1.2	-0.0873	
47.0907	19.3527	3.0612	1.6	-0.0873	
46.8935	19.3861	3.0542	2.0	-0.0873	
46.6572	19.4278	3.0458	2.4	-0.0873	
46.3841	19.4784	3.0361	2.7778	-0.0873	
46.1114	19.5316	3.0264	2.7778	-0.0873	
45.8393	19.5874	3.0168	2.7778	-0.0873	
45.5678	19.6459	3.0071	2.7778	-0.0873	
45.2968	19.707	2.9974	2.7778	-0.0873	
45.0264	19.7707	2.9877	2.7778	-0.0873	
44.7567	19.8371	2.978	2.7778	-0.0873	
44.4876	19.906	2.9683	2.7778	-0.0873	
44.2192	19.9776	2.9587	2.7778	-0.0873	
43.9515	20.0517	2.949	2.7778	-0.0873	
43.6845	20.1285	2.9393	2.7778	-0.0873	
43.4183	20.2078	2.9296	2.7778	-0.0873	
43.1529	20.2897	2.9199	2.7778	-0.0873	
42.8883	20.3741	2.9102	2.7778	-0.0873	
42.6237	20.4588	2.9015	2.7778	-0.0785	
42.3592	20.5435	2.8938	2.7778	-0.0698	
42.0945	20.628	2.887	2.7778	-0.0611	
41.8297	20.7119	2.8812	2.7778	-0.0524	
41.5647	20.7951	2.8763	2.7778	-0.0436	
41.2993	20.8772	2.8724	2.7778	-0.0349	
41.0336	20.9581	2.8695	2.7778	-0.0262	
40.7674	21.0374	2.8676	2.7778	-0.0175	
40.5006	21.1149	2.8666	2.7778	-0.0087	
40.2333	21.1903	2.8666	2.7778	0.0	
39.9659	21.2657	2.8666	2.7778	0.0	
39.6986	21.3411	2.8666	2.7778	0.0	
39.4313	21.4166	2.8666	2.7778	0.0	
39.1639	21.492	2.8666	2.7778	0.0	
38.8966	21.5674	2.8666	2.7778	0.0	
38.6292	21.6428	2.8666	2.7778	0.0	
38.3619	21.7182	2.8666	2.7778	0.0	
38.0945	21.7937	2.8666	2.7778	0.0	
37.8272	21.8691	2.8666	2.7778	0.0	
37.5599	21.9445	2.8666	2.7778	0.0	
37.2919	22.0176	2.8676	2.7778	0.0087	
37.0232	22.0881	2.8695	2.7778	0.0175	
36.7537	22.1557	2.8724	2.7778	0.0262	
36.4836	22.2202	2.8763	2.7778	0.0349	
36.2126	22.2812	2.8812	2.7778	0.0436	
35.9408	22.3386	2.887	2.7778	0.0524	
35.6682	22.392	2.8938	2.7778	0.0611	
35.3948	22.4412	2.9015	2.7778	0.0698	
35.1206	22.4859	2.9102	2.7778	0.0785	
34.8457	22.5258	2.9199	2.7778	0.0873	
34.6002	22.559	2.9286	2.4778	0.0873	
34.3841	22.5863	2.9362	2.1778	0.0873	
34.1977	22.6084	2.9427	1.8778	0.0873	
34.0409	22.626	2.9482	1.5778	0.0873	
33.9138	22.6395	2.9527	1.2778	0.0873	
33.8166	22.6495	2.9561	0.9778	0.0873	
33.7491	22.6561	2.9584	0.6778	0.0873	
33.7115	22.6597	2.9597	0.3778	0.0873	
33.7038	22.6605	2.96	0.0778	0.0873	
33.7038	22.6605	2.96	0.0	0.0873	
33.7038	22.6605	2.96	0.0	0.0785	
33.7038	22.6605	2.96	0.0	0.0698	
33.7038	22.6605	2.96	0.0	0.0611	
33.7038	22.6605	2.96	0.0	0.0524	
33.7038	22.6605	2.96	0.0	0.0436	
33.7038	22.6605	2.96	0.0	0.0349	
33.7038	22.6605	2.96	0.0	0.0262	
33.7038	22.6605	2.96	0.0	0.0175	
33.7038	22.6605	2.96	0.0	0.0087	
33.7038	22.6605	2.96	0.0	0.0	
33.7038	22.6605	2.96	0.0	-0.0087	
33.7038	22.6605	2.96	0.0	-0.0175	
33.7038	22.6605	2.96	0.0	-0.0262	
33.7038	22.6605	2.96	0.0	-0.0349	
33.7038	22.6605	2.96	0.0	-0.0436	
33.7038	22.6605	2.96	0.0	-0.0524	
33.7038	22.6605	2.96	0.0	-0.0611	
33.7038	22.6605	2.96	0.0	-0.0698	
33.7038	22.6605	2.96	0.0	-0.0785	
33.7038	22.6605	2.96	0.0	-0.0873	
33.6844	22.6656	2.9594	0.2	-0.0785	
33.6457	22.6756	2.9583	0.4	-0.0698	
33.5875	22.6901	2.9568	0.6	-0.0611	
33.5097	22.7089	2.9551	0.8	-0.0524	
33.4123	22.7317	2.9534	1.0	-0.0436	
33.2953	22.7583	2.9517	1.2	-0.0349	
33.1586	22.7883	2.9502	1.4	-0.0262	
33.0021	22.8214	2.9491	1.6	-0.0175	
32.8257	22.8574	2.9485	1.8	-0.0087	
32.6294	22.8958	2.9485	2.0	0.0	
32.4131	22.9361	2.9493	2.2	0.0087	
32.1768	22.9779	2.9509	2.4	0.0175	
31.9203	23.0204	2.9537	2.6	0.0262	
31.6458	23.0628	2.9575	2.7778	0.0349	
31.3707	23.1017	2.9624	2.7778	0.0436	
31.0952	23.1368	2.9682	2.7778	0.0524	
30.8191	23.1679	2.975	2.7778	0.0611	
30.5427	23.1948	2.9827	2.7778	0.0698	
30.2658	23.2171	2.9915	2.7778	0.0785	
29.9886	23.2345	3.0011	2.7778	0.0873	
29.7113	23.2517	3.0099	2.7778	0.0785	
29.4341	23.2689	3.0176	2.7778	0.0698	
29.1568	23.2864	3.0244	2.7778	0.0611	
28.8796	23.3044	3.0302	2.7778	0.0524	
28.6025	23.3232	3.0351	2.7778	0.0436	
28.3254	23.343	3.0389	2.7778	0.0349	
28.0485	23.3643	3.0418	2.7778	0.0262	
27.7716	23.3871	3.0438	2.7778	0.0175	
27.495	23.4118	3.0447	2.7778	0.0087	
27.2185	23.4387	3.0447	2.7778	0.0	
26.9918	23.4607	3.0447	2.2778	0.0	
26.8148	23.4779	3.0447	1.7778	0.0	
26.6876	23.4902	3.0447	1.2778	0.0	
26.6102	23.4978	3.0447	0.7778	0.0	
26.5826	23.5005	3.0447	0.2778	0.0	
26.5826	23.5005	3.0447	0.0	0.0	
26.5826	23.5005	3.0447	0.0	0.0	
26.5826	23.5005	3.0447	0.0	0.0	
26.5826	23.5005	3.0447	0.0	0.0	
26.5826	23.5005	3.0447	0.0	0.0	
26.5627	23.5024	3.0447	0.2	0.0	
26.5229	23.5063	3.0447	0.4	0.0	
26.4632	23.5121	3.0447	0.6	0.0	
26.3835	23.5198	3.0447	0.8	0.0	
26.284	23.5295	3.0447	1.0	0.0	
26.1646	23.5411	3.0447	1.2	0.0	
26.0252	23.5546	3.0447	1.4	0.0	
25.866	23.5701	3.0447	1.6	0.0	
25.6868	23.5875	3.0447	1.8	0.0	
25.4877	23.6068	3.0447	2.0	0.0	
25.2885	23.6244	3.0454	2.0	0.0087	
25.0891	23.6401	3.0468	2.0	0.0175	
24.8896	23.6538	3.0489	2.0	0.0262	
24.6899	23.6654	3.0517	2.0	0.0349	
24.4902	23.6746	3.0552	2.0	0.0436	
24.2903	23.6814	3.0594	2.0	0.0524	
24.0903	23.6857	3.0643	2.0	0.0611	
23.8903	23.6871	3.0699	2.0	0.0698	
23.6903	23.6858	3.0761	2.0	0.0785	
23.4904	23.6814	3.0831	2.0	0.0873	
23.2605	23.6748	3.0911	2.3	0.0873	
23.0006	23.6652	3.1002	2.6	0.0873	
22.7232	23.6525	3.1099	2.7778	0.0873	
22.4458	23.6371	3.1196	2.7778	0.0873	
22.1686	23.619	3.1293	2.7778	0.0873	
21.8916	23.5982	3.1389	2.7778	0.0873	
21.6148	23.5747	-3.1346	2.7778	0.0873	
21.3383	23.5485	-3.1249	2.7778	0.0873	
21.062	23.5197	-3.1152	2.7778	0.0873	
20.786	23.4882	-3.1055	2.7778	0.0873	
20.5399	23.4599	-3.0977	2.4778	0.0785	
20.3235	23.4352	-3.0917	2.1778	0.0698	
20.1369	23.4144	-3.0871	1.8778	0.0611	
19.98	23.3975	-3.0838	1.5778	0.0524	
19.8529	23.3846	-3.0815	1.2778	0.0436	
19.7556	23.3753	-3.0802	0.9778	0.0349	
19.688	23.3694	-3.0795	0.6778	0.0262	
19.6504	23.3664	-3.0792	0.3778	0.0175	
19.6426	23.3658	-3.0792	0.0778	0.0087	
19.6426	23.3658	-3.0792	0.0	0.0	
19.6127	23.3637	-3.0791	0.3	0.0087	
19.5529	23.3589	-3.0787	0.6	0.0175	
19.4632	23.3509	-3.0777	0.9	0.0262	
19.3438	23.3391	-3.076	1.2	0.0349	
19.1947	23.3227	-3.0734	1.5	0.0436	
19.016	23.3011	-3.0697	1.8	0.0524	
18.8079	23.2732	-3.0645	2.1	0.0611	
18.5705	23.2381	-3.0578	2.4	0.0698	
18.304	23.1945	-3.0494	2.7	0.0785	
18.0307	23.1449	-3.0397	2.7778	0.0873	
17.7775	23.0964	-3.0307	2.5778	0.0873	
17.5444	23.0496	-3.0224	2.3778	0.0873	
17.3312	23.0049	-3.0148	2.1778	0.0873	
17.138	22.9629	-3.0079	1.9778	0.0873	
16.9645	22.924	-3.0017	1.7778	0.0873	
16.8108	22.8884	-2.9962	1.5778	0.0873	
16.6767	22.8567	-2.9914	1.3778	0.0873	
16.5623	22.829	-2.9873	1.1778	0.0873	
16.4673	22.8056	-2.9839	0.9778	0.0873	
16.3919	22.7867	-2.9812	0.7778	0.0873	
16.326	22.7707	-2.9791	0.6778	0.0785	
16.2698	22.7574	-2.9774	0.5778	0.0698	
16.2232	22.7467	-2.9763	0.4778	0.0611	
16.1863	22.7385	-2.9755	0.3778	0.0524	
16.1592	22.7327	-2.975	0.2778	0.0436	
16.1417	22.7292	-2.9747	0.1778	0.0349	
16.1341	22.7277	-2.9747	0.0778	0.0262	
16.1341	22.7277	-2.9747	0.0	0.0175	
16.1341	22.7277	-2.9747	0.0	0.0087	
16.1341	22.7277	-2.9747	0.0	0.0	
16.1341	22.7277	-2.9747	0.0	0.0	
16.1341	22.7277	-2.9747	0.0	0.0	
16.1341	22.7277	-2.9747	0.0	0.0	
16.1341	22.7277	-2.9747	0.0	0.0	
16.1341	22.7277	-2.9747	0.0	0.0	
16.1341	22.7277	-2.9747	0.0	0.0	
16.1341	22.7277	-2.9747	0.0	0.0	
16.1341	22.7277	-2.9747	0.0	0.0	
16.1341	22.7277	-2.9747	0.0	0.0	
16.1341	22.7277	-2.9747	0.0	0.0	
16.1341	22.7277	-2.9747	0.0	0.0	
16.1341	22.7277	-2.9747	0.0	0.0	
16.1341	22.7277	-2.9747	0.0	0.0	
16.1341	22.7277	-2.9747	0.0	0.0	
16.1341	22.7277	-2.9747	0.0	0.0	
16.1341	22.7277	-2.9747	0.0	0.0	
16.1341	22.7277	-2.9747	0.0	0.0	
16.1341	22.7277	-2.9747	0.0	0.0	
16.1341	22.7277	-2.9747	0.0	0.0	
16.1341	22.7277	-2.9747	0.0	0.0	
16.1341	22.7277	-2.9747	0.0	0.0087	
16.1341	22.7277	-2.9747	0.0	0.0175	
16.1341	22.7277	-2.9747	0.0	0.0262	
16.1341	22.7277	-2.9747	0.0	0.0349	
16.1341	22.7277	-2.9747	0.0	0.0436	
16.1341	22.7277	-2.9747	0.0	0.0524	
16.1341	22.7277	-2.9747	0.0	0.0611	
16.1341	22.7277	-2.9747	0.0	0.0698	
16.1341	22.7277	-2.9747	0.0	0.0785	
16.1341	22.7277	-2.9747	0.0	0.0873	
16.0953	22.718	-2.9734	0.4	0.0785	
16.0176	22.6991	-2.9712	0.8	0.0698	
15.9008	22.6716	-2.9682	1.2	0.0611	
15.7448	22.6358	-2.9649	1.6	0.0524	
15.5497	22.5921	-2.9614	2.0	0.0436	
15.3152	22.5408	-2.9581	2.4	0.0349	
15.0435	22.483	-2.9552	2.7778	0.0262	
14.7715	22.4268	-2.9532	2.7778	0.0175	
14.4991	22.3724	-2.9522	2.7778	0.0087	
14.2263	22.3201	-2.9522	2.7778	0.0	
13.9924	22.2774	-2.9531	2.3778	-0.0087	
13.7975	22.2437	-2.9545	1.9778	-0.0175	
13.6417	22.2184	-2.9561	1.5778	-0.0262	
13.5253	22.2007	-2.9577	1.1778	-0.0349	
13.4483	22.1899	-2.9591	0.7778	-0.0436	
13.4108	22.185	-2.9599	0.3778	-0.0524	
13.4108	22.185	-2.9599	0.0	-0.0611	
13.4108	22.185	-2.9599	0.0	-0.0698	
13.4108	22.185	-2.9599	0.0	-0.0785	
13.4108	22.185	-2.9599	0.0	-0.0873	
13.381	22.1819	-2.9608	0.3	-0.0785	
13.3213	22.1752	-2.9625	0.6	-0.0698	
13.232	22.1646	-2.9647	0.9	-0.0611	
13.1129	22.1497	-2.9672	1.2	-0.0524	
12.9642	22.1302	-2.9698	1.5	-0.0436	
12.7859	22.1056	-2.9724	1.8	-0.0349	
12.578	22.0757	-2.9746	2.1	-0.0262	
12.3407	22.0399	-2.9762	2.4	-0.0175	
12.074	21.9978	-2.9772	2.7	-0.0087	
11.8	21.9523	-2.9772	2.7778	0.0	
11.5255	21.9093	-2.9781	2.7778	-0.0087	
11.2507	21.8689	-2.9801	2.7778	-0.0175	
10.9755	21.8314	-2.983	2.7778	-0.0262	
10.6998	21.7971	-2.9869	2.7778	-0.0349	
10.4238	21.7663	-2.9917	2.7778	-0.0436	
10.1473	21.7393	-2.9975	2.7778	-0.0524	
9.8705	21.7162	-3.0043	2.7778	-0.0611	
9.5933	21.6975	-3.0121	2.7778	-0.0698	
9.3159	21.6833	-3.0208	2.7778	-0.0785	
9.0383	21.674	-3.0305	2.7778	-0.0873	
-1
47.001	18.8811	-1.5704	1.1889	0.0087	
47.0028	18.7822	-1.5697	0.9889	0.0175	
47.005	18.7034	-1.5689	0.7889	0.0262	
47.0071	18.6445	-1.568	0.5889	0.0349	
47.0089	18.6057	-1.5674	0.3889	0.0436	
47.01	18.5868	-1.567	0.1889	0.0524	
47.01	18.5868	-1.567	0.0	0.0611	
47.01	18.5868	-1.567	0.0	0.0698	
47.01	18.5868	-1.567	0.0	0.0785	
47.01	18.5868	-1.567	0.0	0.0873	
47.01	18.5868	-1.567	0.0	0.096	
47.01	18.5868	-1.567	0.0	0.1047	
47.01	18.5868	-1.567	0.0	0.1134	
47.01	18.5868	-1.567	0.0	0.1222	
47.01	18.5868	-1.567	0.0	0.1309	
47.01	18.5868	-1.567	0.0	0.1396	
47.01	18.5868	-1.567	0.0	0.1484	
47.01	18.5868	-1.567	0.0	0.1571	
47.01	18.5868	-1.567	0.0	0.1658	
47.01	18.5868	-1.567	0.0	0.1745	
47.01	18.5868	-1.567	0.0	0.1658	
47.01	18.5868	-1.567	0.0	0.1571	
47.01	18.5868	-1.567	0.0	0.1484	
47.01	18.5868	-1.567	0.0	0.1396	
47.01	18.5868	-1.567	0.0	0.1309	
47.01	18.5868	-1.567	0.0	0.1222	
47.01	18.5868	-1.567	0.0	0.1134	
47.01	18.5868	-1.567	0.0	0.1047	
47.01	18.5868	-1.567	0.0	0.096	
47.01	18.5868	-1.567	0.0	0.0873	
47.01	18.5868	-1.567	0.0	0.0785	
47.01	18.5868	-1.567	0.0	0.0698	
47.01	18.5868	-1.567	0.0	0.0611	
47.01	18.5868	-1.567	0.0	0.0524	
47.01	18.5868	-1.567	0.0	0.0436	
47.01	18.5868	-1.567	0.0	0.0349	
47.01	18.5868	-1.567	0.0	0.0262	
47.01	18.5868	-1.567	0.0	0.0175	
47.01	18.5868	-1.567	0.0	0.0087	
47.01	18.5868	-1.567	0.0	0.0	
47.01	18.5868	-1.567	0.0	-0.0087	
47.01	18.5868	-1.567	0.0	-0.0175	
47.01	18.5868	-1.567	0.0	-0.0262	
47.01	18.5868	-1.567	0.0	-0.0349	
47.01	18.5868	-1.567	0.0	-0.0436	
47.01	18.5868	-1.567	0.0	-0.0524	
47.01	18.5868	-1.567	0.0	-0.0611	
47.01	18.5868	-1.567	0.0	-0.0698	
47.01	18.5868	-1.567	0.0	-0.0785	
47.01	18.5868	-1.567	0.0	-0.0873	
47.0092	18.5769	-1.5673	0.1	-0.0785	
47.0079	18.5569	-1.5678	0.2	-0.0698	
47.0062	18.527	-1.5686	0.3	-0.0611	
47.0042	18.487	-1.5694	0.4	-0.0524	
47.0021	18.437	-1.5703	0.5	-0.0436	
47.0	18.3771	-1.5711	0.6	-0.0349	
46.9981	18.3071	-1.5719	0.7	-0.0262	
46.9967	18.2271	-1.5724	0.8	-0.0175	
46.9957	18.1371	-1.5727	0.9	-0.0087	
46.9955	18.0371	-1.5727	1.0	0.0	
46.9949	17.9771	-1.5729	0.6	-0.0087	
46.9945	17.9571	-1.5731	0.2	-0.0175	
46.9945	17.9571	-1.5731	0.0	-0.0262	
46.9945	17.9571	-1.5731	0.0	-0.0349	
46.9945	17.9571	-1.5731	0.0	-0.0436	
46.9945	17.9571	-1.5731	0.0	-0.0524	
46.9945	17.9571	-1.5731	0.0	-0.0611	
46.9945	17.9571	-1.5731	0.0	-0.0698	
46.9945	17.9571	-1.5731	0.0	-0.0785	
46.9945	17.9571	-1.5731	0.0	-0.0873	
46.9945	17.9571	-1.5731	0.0	-0.096	
46.9945	17.9571	-1.5731	0.0	-0.1047	
46.9945	17.9571	-1.5731	0.0	-0.1134	
46.9945	17.9571	-1.5731	0.0	-0.1222	
46.9945	17.9571	-1.5731	0.0	-0.1309	
46.9945	17.9571	-1.5731	0.0	-0.1396	
46.9945	17.9571	-1.5731	0.0	-0.1484	
46.9945	17.9571	-1.5731	0.0	-0.1571	
46.9945	17.9571	-1.5731	0.0	-0.1658	
46.9945	17.9571	-1.5731	0.0	-0.1745	
46.9945	17.9571	-1.5731	0.0	-0.1833	
46.9945	17.9571	-1.5731	0.0	-0.192	
46.9945	17.9571	-1.5731	0.0	-0.2007	
46.9945	17.9571	-1.5731	0.0	-0.2094	
46.9945	17.9571	-1.5731	0.0	-0.2182	
46.9945	17.9571	-1.5731	0.0	-0.2269	
46.9945	17.9571	-1.5731	0.0	-0.2356	
46.9945	17.9571	-1.5731	0.0	-0.2443	
46.9945	17.9571	-1.5731	0.0	-0.2531	
46.9945	17.9571	-1.5731	0.0	-0.2618	
46.9945	17.9571	-1.5731	0.0	-0.2531	
46.9945	17.9571	-1.5731	0.0	-0.2443	
46.9945	17.9571	-1.5731	0.0	-0.2356	
46.9945	17.9571	-1.5731	0.0	-0.2269	
46.9945	17.9571	-1.5731	0.0	-0.2182	
46.9945	17.9571	-1.5731	0.0	-0.2094	
46.9945	17.9571	-1.5731	0.0	-0.2007	
46.9945	17.9571	-1.5731	0.0	-0.192	
46.9945	17.9571	-1.5731	0.0	-0.1833	
46.9945	17.9571	-1.5731	0.0	-0.1745	
46.9895	17.9276	-1.5751	0.3	-0.1658	
46.9798	17.8683	-1.5788	0.6	-0.1571	
46.9658	17.7794	-1.5841	0.9	-0.1484	
46.9475	17.6608	-1.5908	1.2	-0.1396	
46.925	17.5125	-1.5986	1.5	-0.1309	
46.8981	17.3346	-1.6074	1.8	-0.1222	
46.8667	17.1269	-1.6169	2.1	-0.1134	
46.8306	16.8896	-1.627	2.4	-0.1047	
46.7897	16.6228	-1.6373	2.7	-0.096	
46.7471	16.3483	-1.647	2.7778	-0.0873	
46.7068	16.1038	-1.6556	2.4778	-0.0873	
46.6695	15.8892	-1.6632	2.1778	-0.0873	
46.636	15.7045	-1.6698	1.8778	-0.0873	
46.6068	15.5494	-1.6753	1.5778	-0.0873	
46.5824	15.424	-1.6797	1.2778	-0.0873	
46.5633	15.3281	-1.6831	0.9778	-0.0873	
46.5499	15.2617	-1.6855	0.6778	-0.0873	
46.5423	15.2246	-1.6868	0.3778	-0.0873	
46.5408	15.217	-1.6871	0.0778	-0.0873	
46.5408	15.217	-1.6871	0.0	-0.0873	
46.5408	15.217	-1.6871	0.0	-0.096	
46.5408	15.217	-1.6871	0.0	-0.1047	
46.5408	15.217	-1.6871	0.0	-0.1134	
46.5408	15.217	-1.6871	0.0	-0.1222	
46.5408	15.217	-1.6871	0.0	-0.1309	
46.5408	15.217	-1.6871	0.0	-0.1396	
46.5408	15.217	-1.6871	0.0	-0.1484	
46.5408	15.217	-1.6871	0.0	-0.1571	
46.5408	15.217	-1.6871	0.0	-0.1658	
46.5408	15.217	-1.6871	0.0	-0.1745	
46.526	15.1693	-1.6907	0.5	-0.1833	
46.4953	15.0741	-1.6984	1.0	-0.192	
46.4469	14.9321	-1.7103	1.5	-0.2007	
46.3786	14.7441	-1.727	2.0	-0.2094	
46.2871	14.5115	-1.7486	2.5	-0.2182	
46.1778	14.2561	-1.7736	2.7778	-0.2269	
46.0599	14.0046	-1.7995	2.7778	-0.2356	
45.9333	13.7573	-1.8264	2.7778	-0.2443	
45.798	13.5147	-1.8542	2.7778	-0.2531	
45.6539	13.2772	-1.883	2.7778	-0.2618	
45.5248	13.0776	-1.9076	2.3778	-0.2618	
45.4134	12.9142	-1.9281	1.9778	-0.2618	
45.3218	12.7857	-1.9444	1.5778	-0.2618	
45.2519	12.6909	-1.9566	1.1778	-0.2618	
45.205	12.6289	-1.9647	0.7778	-0.2618	
45.182	12.5989	-1.9686	0.3778	-0.2618	
45.182	12.5989	-1.9686	0.0	-0.2618	
45.182	12.5989	-1.9686	0.0	-0.2618	
45.182	12.5989	-1.9686	0.0	-0.2618	
45.182	12.5989	-1.9686	0.0	-0.2618	
45.182	12.5989	-1.9686	0.0	-0.2705	
45.182	12.5989	-1.9686	0.0	-0.2793	
45.182	12.5989	-1.9686	0.0	-0.288	
45.182	12.5989	-1.9686	0.0	-0.2967	
45.182	12.5989	-1.9686	0.0	-0.3054	
45.182	12.5989	-1.9686	0.0	-0.3142	
45.182	12.5989	-1.9686	0.0	-0.3229	
45.182	12.5989	-1.9686	0.0	-0.3316	
45.182	12.5989	-1.9686	0.0	-0.3403	
45.182	12.5989	-1.9686	0.0	-0.3491	
45.182	12.5989	-1.9686	0.0	-0.3578	
45.182	12.5989	-1.9686	0.0	-0.3665	
45.182	12.5989	-1.9686	0.0	-0.3752	
45.182	12.5989	-1.9686	0.0	-0.384	
45.182	12.5989	-1.9686	0.0	-0.3927	
45.182	12.5989	-1.9686	0.0	-0.4014	
45.182	12.5989	-1.9686	0.0	-0.4102	
45.182	12.5989	-1.9686	0.0	-0.4189	
45.182	12.5989	-1.9686	0.0	-0.4276	
45.182	12.5989	-1.9686	0.0	-0.4363	
45.182	12.5989	-1.9686	0.0	-0.4363	
45.182	12.5989	-1.9686	0.0	-0.4363	
45.182	12.5989	-1.9686	0.0	-0.4363	
45.182	12.5989	-1.9686	0.0	-0.4363	
45.182	12.5989	-1.9686	0.0	-0.4363	
45.182	12.5989	-1.9686	0.0	-0.4363	
45.182	12.5989	-1.9686	0.0	-0.4363	
45.182	12.5989	-1.9686	0.0	-0.4363	
45.182	12.5989	-1.9686	0.0	-0.4363	
45.182	12.5989	-1.9686	0.0	-0.4363	
45.167	12.5856	-1.972	0.2	-0.4451	
45.1368	12.5594	-1.979	0.4	-0.4538	
45.091	12.5207	-1.9897	0.6	-0.4625	
45.0288	12.4704	-2.0043	0.8	-0.4712	
44.9496	12.4093	-2.0227	1.0	-0.48	
44.8527	12.3386	-2.0453	1.2	-0.4887	
44.737	12.2596	-2.072	1.4	-0.4974	
44.6018	12.1742	-2.103	1.6	-0.5061	
44.4459	12.0842	-2.1385	1.8	-0.5149	
44.2685	11.9919	-2.1785	2.0	-0.5236	
44.0958	11.9125	-2.2171	1.9	-0.5323	
43.9289	11.8452	-2.2541	1.8	-0.5411	
43.7685	11.7889	-2.2897	1.7	-0.5498	
43.6153	11.7426	-2.3236	1.6	-0.5585	
43.47	11.7054	-2.3558	1.5	-0.5672	
43.3331	11.6762	-2.3863	1.4	-0.576	
43.205	11.6542	-2.415	1.3	-0.5847	
43.086	11.6382	-2.4419	1.2	-0.5934	
42.9766	11.6275	-2.4668	1.1	-0.6021	
42.8768	11.6211	-2.4897	1.0	-0.6109	
42.7768	11.617	-2.5127	1.0	-0.6109	
42.6769	11.6152	-2.5356	1.0	-0.6109	
42.5769	11.6157	-2.5586	1.0	-0.6109	
42.4769	11.6185	-2.5815	1.0	-0.6109	
42.377	11.6236	-2.6044	1.0	-0.6109	
42.2773	11.6309	-2.6274	1.0	-0.6109	
42.1778	11.6406	-2.6503	1.0	-0.6109	
42.0785	11.6525	-2.6733	1.0	-0.6109	
41.9795	11.6667	-2.6962	1.0	-0.6109	
41.8809	11.6832	-2.7192	1.0	-0.6109	
41.7436	11.7106	-2.7517	1.4	-0.6196	
41.5687	11.7531	-2.794	1.8	-0.6283	
41.3578	11.8159	-2.8463	2.2	-0.637	
41.1136	11.9052	-2.9089	2.6	-0.6458	
40.8602	12.0189	-2.9766	2.7778	-0.6545	
40.6162	12.1516	-3.045	2.7778	-0.6632	
40.3831	12.3028	-3.1141	2.7778	-0.672	
40.1625	12.4716	3.0991	2.7778	-0.6807	
39.9559	12.6572	3.0284	2.7778	-0.6894	
39.7646	12.8587	2.957	2.7778	-0.6981	
39.5901	13.0748	2.8849	2.7778	-0.7069	
39.4336	13.3043	2.812	2.7778	-0.7156	
39.2963	13.5458	2.7383	2.7778	-0.7243	
39.1794	13.7977	2.664	2.7778	-0.733	
39.0838	14.0585	2.5889	2.7778	-0.7418	
39.0103	14.3264	2.5131	2.7778	-0.7505	
38.9597	14.5996	2.4367	2.7778	-0.7592	
38.9326	14.876	2.3595	2.7778	-0.7679	
38.9292	15.1538	2.2816	2.7778	-0.7767	
38.9499	15.4308	2.203	2.7778	-0.7854	
38.9923	15.7053	2.1245	2.7778	-0.7854	
39.0561	15.9757	2.0459	2.7778	-0.7854	
39.1409	16.2402	1.9673	2.7778	-0.7854	
39.2463	16.4972	1.8888	2.7778	-0.7854	
39.3714	16.7452	1.8102	2.7778	-0.7854	
39.5157	16.9826	1.7316	2.7778	-0.7854	
39.6781	17.2079	1.6531	2.7778	-0.7854	
39.8577	17.4198	1.5745	2.7778	-0.7854	
40.0534	17.617	1.4959	2.7778	-0.7854	
40.264	17.7981	1.4174	2.7778	-0.7854	
40.4866	17.9642	1.3395	2.7778	-0.7767	
40.7203	18.1144	1.2623	2.7778	-0.7679	
40.9636	18.2484	1.1858	2.7778	-0.7592	
41.2155	18.3655	1.11	2.7778	-0.7505	
41.4747	18.4655	1.035	2.7778	-0.7418	
41.7399	18.5481	0.9606	2.7778	-0.733	
42.0099	18.6131	0.887	2.7778	-0.7243	
42.2836	18.6605	0.8141	2.7778	-0.7156	
42.5598	18.6902	0.7419	2.7778	-0.7069	
42.8373	18.7024	0.6705	2.7778	-0.6981	
43.0749	18.6938	0.6088	2.3778	-0.7069	
43.2716	18.6727	0.5568	1.9778	-0.7156	
43.4272	18.6464	0.515	1.5778	-0.7243	
43.5422	18.6209	0.4835	1.1778	-0.733	
43.6174	18.601	0.4625	0.7778	-0.7418	
43.6536	18.5903	0.4522	0.3778	-0.7505	
43.6536	18.5903	0.4522	0.0	-0.7592	
43.6536	18.5903	0.4522	0.0	-0.7679	
43.6536	18.5903	0.4522	0.0	-0.7767	
43.6536	18.5903	0.4522	0.0	-0.7854	
43.6536	18.5903	0.4522	0.0	-0.7767	
43.6536	18.5903	0.4522	0.0	-0.7679	
43.6536	18.5903	0.4522	0.0	-0.7592	
43.6536	18.5903	0.4522	0.0	-0.7505	
43.6536	18.5903	0.4522	0.0	-0.7418	
43.6536	18.5903	0.4522	0.0	-0.733	
43.6536	18.5903	0.4522	0.0	-0.7243	
43.6536	18.5903	0.4522	0.0	-0.7156	
43.6536	18.5903	0.4522	0.0	-0.7069	
43.6536	18.5903	0.4522	0.0	-0.6981	
43.7021	18.5781	0.4393	0.5	-0.6981	
43.7987	18.5525	0.4136	1.0	-0.6981	
43.9427	18.5104	0.375	1.5	-0.6981	
44.1324	18.4469	0.3236	2.0	-0.6981	
44.365	18.3555	0.2593	2.5	-0.6981	
44.6165	18.2375	0.1879	2.7778	-0.6981	
44.8589	18.1018	0.1165	2.7778	-0.6981	
45.091	17.9492	0.0451	2.7778	-0.6981	
45.3116	17.7804	-0.0263	2.7778	-0.6981	
45.5196	17.5963	-0.0978	2.7778	-0.6981	
45.6804	17.435	-0.1557	2.2778	-0.6894	
45.7996	17.303	-0.2005	1.7778	-0.6807	
45.8817	17.2052	-0.2323	1.2778	-0.672	
45.9303	17.1445	-0.2514	0.7778	-0.6632	
45.9475	17.1226	-0.2582	0.2778	-0.6545	
45.9475	17.1226	-0.2582	0.0	-0.6458	
45.9475	17.1226	-0.2582	0.0	-0.637	
45.9475	17.1226	-0.2582	0.0	-0.6283	
45.9475	17.1226	-0.2582	0.0	-0.6196	
45.9475	17.1226	-0.2582	0.0	-0.6109	
45.9475	17.1226	-0.2582	0.0	-0.6021	
45.9475	17.1226	-0.2582	0.0	-0.5934	
45.9475	17.1226	-0.2582	0.0	-0.5847	
45.9475	17.1226	-0.2582	0.0	-0.576	
45.9475	17.1226	-0.2582	0.0	-0.5672	
45.9475	17.1226	-0.2582	0.0	-0.5585	
45.9475	17.1226	-0.2582	0.0	-0.5498	
45.9475	17.1226	-0.2582	0.0	-0.5411	
45.9475	17.1226	-0.2582	0.0	-0.5323	
45.9475	17.1226	-0.2582	0.0	-0.5236	
45.9475	17.1226	-0.2582	0.0	-0.5149	
45.9475	17.1226	-0.2582	0.0	-0.5061	
45.9475	17.1226	-0.2582	0.0	-0.4974	
45.9475	17.1226	-0.2582	0.0	-0.4887	
45.9475	17.1226	-0.2582	0.0	-0.48	
45.9475	17.1226	-0.2582	0.0	-0.4712	
45.9475	17.1226	-0.2582	0.0	-0.4625	
45.9475	17.1226	-0.2582	0.0	-0.4538	
45.9475	17.1226	-0.2582	0.0	-0.4451	
45.9475	17.1226	-0.2582	0.0	-0.4363	
45.9475	17.1226	-0.2582	0.0	-0.4363	
45.9475	17.1226	-0.2582	0.0	-0.4363	
45.9475	17.1226	-0.2582	0.0	-0.4363	
45.9475	17.1226	-0.2582	0.0	-0.4363	
45.9475	17.1226	-0.2582	0.0	-0.4363	
45.9475	17.1226	-0.2582	0.0	-0.4363	
45.9475	17.1226	-0.2582	0.0	-0.4363	
45.9475	17.1226	-0.2582	0.0	-0.4363	
45.9475	17.1226	-0.2582	0.0	-0.4363	
45.9475	17.1226	-0.2582	0.0	-0.4363	
45.9856	17.0903	-0.2668	0.5	-0.4451	
46.0608	17.0243	-0.2843	1.0	-0.4538	
46.1708	16.9224	-0.3111	1.5	-0.4625	
46.3127	16.7814	-0.3474	2.0	-0.4712	
46.4819	16.5974	-0.3936	2.5	-0.48	
46.6584	16.3829	-0.4458	2.7778	-0.4887	
46.8215	16.158	-0.4988	2.7778	-0.4974	
46.9704	15.9235	-0.5527	2.7778	-0.5061	
47.1044	15.6802	-0.6074	2.7778	-0.5149	
47.2227	15.4289	-0.6629	2.7778	-0.5236	
47.3245	15.1704	-0.7193	2.7778	-0.5323	
47.4094	14.9059	-0.7765	2.7778	-0.5411	
47.4766	14.6364	-0.8346	2.7778	-0.5498	
47.5257	14.363	-0.8935	2.7778	-0.5585	
47.5562	14.0869	-0.9532	2.7778	-0.5672	
47.5678	13.8094	-1.0137	2.7778	-0.576	
47.5601	13.5317	-1.075	2.7778	-0.5847	
47.5331	13.2553	-1.1372	2.7778	-0.5934	
47.4865	12.9814	-1.2001	2.7778	-0.6021	
47.4204	12.7116	-1.2638	2.7778	-0.6109	
47.3373	12.4466	-1.3276	2.7778	-0.6109	
47.2375	12.1873	-1.3913	2.7778	-0.6109	
47.1213	11.935	-1.455	2.7778	-0.6109	
46.9893	11.6906	-1.5187	2.7778	-0.6109	
46.8421	11.4551	-1.5825	2.7778	-0.6109	
46.6801	11.2294	-1.6462	2.7778	-0.6109	
46.5041	11.0145	-1.7099	2.7778	-0.6109	
46.3147	10.8112	-1.7737	2.7778	-0.6109	
46.1128	10.6205	-1.8374	2.7778	-0.6109	
45.8992	10.4429	-1.9011	2.7778	-0.6109	
45.6761	10.2774	-1.9641	2.7778	-0.6021	
45.4444	10.1242	-2.0262	2.7778	-0.5934	
45.2048	9.9837	-2.0875	2.7778	-0.5847	
44.9582	9.8558	-2.148	2.7778	-0.576	
44.7053	9.741	-2.2077	2.7778	-0.5672	
44.4468	9.6391	-2.2666	2.7778	-0.5585	
44.1836	9.5504	-2.3247	2.7778	-0.5498	
43.9163	9.4747	-2.3819	2.7778	-0.5411	
43.6457	9.4121	-2.4383	2.7778	-0.5323	
43.3724	9.3625	-2.4938	2.7778	-0.5236	
43.0968	9.3281	-2.5494	2.7778	-0.5236	
42.8196	9.309	-2.605	2.7778	-0.5236	
42.5419	9.3054	-2.6605	2.7778	-0.5236	
42.2644	9.3172	-2.7161	2.7778	-0.5236	
41.9879	9.3444	-2.7716	2.7778	-0.5236	
41.7134	9.3869	-2.8272	2.7778	-0.5236	
41.4417	9.4446	-2.8827	2.7778	-0.5236	
41.1736	9.5173	-2.9383	2.7778	-0.5236	
40.9099	9.6048	-2.9938	2.7778	-0.5236	
40.6515	9.7067	-3.0494	2.7778	-0.5236	
40.4165	9.8125	-3.1002	2.5778	-0.5149	
40.2039	9.919	3.1369	2.3778	-0.5061	
40.013	10.0238	3.0953	2.1778	-0.4974	
39.8428	10.1247	3.0582	1.9778	-0.4887	
39.6925	10.2196	3.0254	1.7778	-0.48	
39.5612	10.3071	2.9967	1.5778	-0.4712	
39.4481	10.3857	2.9721	1.3778	-0.4625	
39.3525	10.4544	2.9515	1.1778	-0.4538	
39.2737	10.5125	2.9346	0.9778	-0.4451	
39.2115	10.5591	2.9215	0.7778	-0.4363	
39.1816	10.5822	2.9151	0.3778	-0.4363	
39.1816	10.5822	2.9151	0.0	-0.4363	
39.1816	10.5822	2.9151	0.0	-0.4363	
39.1816	10.5822	2.9151	0.0	-0.4363	
39.1816	10.5822	2.9151	0.0	-0.4363	
39.1816	10.5822	2.9151	0.0	-0.4363	
39.1816	10.5822	2.9151	0.0	-0.4363	
39.1816	10.5822	2.9151	0.0	-0.4363	
39.1816	10.5822	2.9151	0.0	-0.4363	
39.1816	10.5822	2.9151	0.0	-0.4363	
39.1737	10.5883	2.9134	0.1	-0.4363	
39.158	10.6007	2.91	0.2	-0.4363	
39.1344	10.6192	2.9049	0.3	-0.4363	
39.1031	10.6442	2.8982	0.4	-0.4363	
39.0642	10.6756	2.8897	0.5	-0.4363	
39.0179	10.7137	2.8796	0.6	-0.4363	
38.9643	10.7587	2.8678	0.7	-0.4363	
38.9036	10.8109	2.8542	0.8	-0.4363	
38.8362	10.8705	2.839	0.9	-0.4363	
38.7623	10.9378	2.8221	1.0	-0.4363	
-1
