75.0	4.0	-3.141592653589793	0.0	0.10471975511965977	69.0	57.0	-3.141592653589793	2.7777777777777777	0.0	6
70.0256	14.0	0.0	0.2556	0.0	
70.0256	14.0	0.0	0.0	0.0	
70.0256	14.0	0.0	0.0	0.0	
70.0256	14.0	0.0	0.0	0.0	
70.0256	14.0	0.0	0.0	0.0	
70.0256	14.0	0.0	0.0	0.0	
70.0256	14.0	0.0	0.0	0.0	
70.0256	14.0	0.0	0.0	0.0	
70.0256	14.0	0.0	0.0	0.0	
70.0256	14.0	0.0	0.0	0.0	
70.0256	14.0	0.0	0.0	-0.0087	
70.0256	14.0	0.0	0.0	-0.0175	
70.0256	14.0	0.0	0.0	-0.0262	
70.0256	14.0	0.0	0.0	-0.0349	
70.0256	14.0	0.0	0.0	-0.0436	
70.0256	14.0	0.0	0.0	-0.0524	
70.0256	14.0	0.0	0.0	-0.0611	
70.0256	14.0	0.0	0.0	-0.0698	
70.0256	14.0	0.0	0.0	-0.0785	
70.0256	14.0	0.0	0.0	-0.0873	
70.0455	13.9983	-0.0007	0.2	-0.0873	
70.0853	13.9947	-0.0021	0.4	-0.0873	
70.1451	13.9894	-0.0042	0.6	-0.0873	
70.2248	13.9821	-0.007	0.8	-0.0873	
70.3243	13.9727	-0.0105	1.0	-0.0873	
70.4437	13.961	-0.0146	1.2	-0.0873	
70.583	13.9467	-0.0195	1.4	-0.0873	
70.7421	13.9297	-0.0251	1.6	-0.0873	
70.921	13.9095	-0.0314	1.8	-0.0873	
71.1196	13.8858	-0.0383	2.0	-0.0873	
71.3673	13.8523	-0.0479	2.5	-0.096	
71.6419	13.8101	-0.0595	2.7778	-0.1047	
71.9155	13.7623	-0.0721	2.7778	-0.1134	
72.188	13.7086	-0.0857	2.7778	-0.1222	
72.4593	13.649	-0.1002	2.7778	-0.1309	
72.7292	13.583	-0.1156	2.7778	-0.1396	
72.9973	13.5105	-0.1321	2.7778	-0.1484	
73.2636	13.4313	-0.1494	2.7778	-0.1571	
73.5276	13.3452	-0.1678	2.7778	-0.1658	
73.7893	13.2519	-0.1871	2.7778	-0.1745	
74.05	13.1559	-0.2054	2.7778	-0.1658	
74.3097	13.0574	-0.2228	2.7778	-0.1571	
74.5686	12.9567	-0.2392	2.7778	-0.1484	
74.8266	12.854	-0.2547	2.7778	-0.1396	
75.084	12.7495	-0.2692	2.7778	-0.1309	
75.3408	12.6435	-0.2827	2.7778	-0.1222	
75.5971	12.5363	-0.2953	2.7778	-0.1134	
75.8529	12.4282	-0.3069	2.7778	-0.1047	
76.1084	12.3192	-0.3176	2.7778	-0.096	
76.3638	12.2098	-0.3272	2.7778	-0.0873	
76.619	12.1002	-0.336	2.7778	-0.0785	
76.8742	11.9905	-0.3437	2.7778	-0.0698	
77.1295	11.8811	-0.3505	2.7778	-0.0611	
77.3851	11.7722	-0.3563	2.7778	-0.0524	
77.6409	11.6641	-0.3612	2.7778	-0.0436	
77.8972	11.5569	-0.365	2.7778	-0.0349	
78.154	11.451	-0.3679	2.7778	-0.0262	
78.4114	11.3466	-0.3699	2.7778	-0.0175	
78.6695	11.2439	-0.3709	2.7778	-0.0087	
78.9284	11.1432	-0.3709	2.7778	0.0	
79.1882	11.0448	-0.3699	2.7778	0.0087	
79.4489	10.9489	-0.3679	2.7778	0.0175	
79.7106	10.8558	-0.365	2.7778	0.0262	
79.9734	10.7658	-0.3612	2.7778	0.0349	
80.2372	10.6791	-0.3563	2.7778	0.0436	
80.5023	10.5959	-0.3505	2.7778	0.0524	
80.7685	10.5166	-0.3437	2.7778	0.0611	
81.0359	10.4415	-0.336	2.7778	0.0698	
81.3046	10.3708	-0.3272	2.7778	0.0785	
81.5744	10.3048	-0.3176	2.7778	0.0873	
81.8448	10.2414	-0.3079	2.7778	0.0873	
82.1159	10.1806	-0.2982	2.7778	0.0873	
82.3875	10.1224	-0.2885	2.7778	0.0873	
82.6597	10.0669	-0.2788	2.7778	0.0873	
82.9324	10.014	-0.2691	2.7778	0.0873	
83.2056	9.9638	-0.2595	2.7778	0.0873	
83.4792	9.9162	-0.2498	2.7778	0.0873	
83.7533	9.8712	-0.2401	2.7778	0.0873	
84.0279	9.8289	-0.2304	2.7778	0.0873	
84.3028	9.7893	-0.2207	2.7778	0.0873	
84.5288	9.761	-0.212	2.2778	0.096	
84.7056	9.7419	-0.2046	1.7778	0.1047	
84.8328	9.7303	-0.1988	1.2778	0.1134	
84.9104	9.7244	-0.195	0.7778	0.1222	
84.9381	9.7226	-0.1935	0.2778	0.1309	
84.9381	9.7226	-0.1935	0.0	0.1396	
84.9381	9.7226	-0.1935	0.0	0.1484	
84.9381	9.7226	-0.1935	0.0	0.1571	
84.9381	9.7226	-0.1935	0.0	0.1658	
84.9381	9.7226	-0.1935	0.0	0.1745	
84.9381	9.7226	-0.1935	0.0	0.1658	
84.9381	9.7226	-0.1935	0.0	0.1571	
84.9381	9.7226	-0.1935	0.0	0.1484	
84.9381	9.7226	-0.1935	0.0	0.1396	
84.9381	9.7226	-0.1935	0.0	0.1309	
84.9381	9.7226	-0.1935	0.0	0.1222	
84.9381	9.7226	-0.1935	0.0	0.1134	
84.9381	9.7226	-0.1935	0.0	0.1047	
84.9381	9.7226	-0.1935	0.0	0.096	
84.9381	9.7226	-0.1935	0.0	0.0873	
84.9381	9.7226	-0.1935	0.0	0.0873	
84.9381	9.7226	-0.1935	0.0	0.0873	
84.9381	9.7226	-0.1935	0.0	0.0873	
84.9381	9.7226	-0.1935	0.0	0.0873	
84.9381	9.7226	-0.1935	0.0	0.0873	
84.9381	9.7226	-0.1935	0.0	0.0873	
84.9381	9.7226	-0.1935	0.0	0.0873	
84.9381	9.7226	-0.1935	0.0	0.0873	
84.9381	9.7226	-0.1935	0.0	0.0873	
84.9381	9.7226	-0.1935	0.0	0.0873	
84.9381	9.7226	-0.1935	0.0	0.096	
84.9381	9.7226	-0.1935	0.0	0.1047	
84.9381	9.7226	-0.1935	0.0	0.1134	
84.9381	9.7226	-0.1935	0.0	0.1222	
84.9381	9.7226	-0.1935	0.0	0.1309	
84.9381	9.7226	-0.1935	0.0	0.1396	
84.9381	9.7226	-0.1935	0.0	0.1484	
84.9381	9.7226	-0.1935	0.0	0.1571	
84.9381	9.7226	-0.1935	0.0	0.1658	
84.9381	9.7226	-0.1935	0.0	0.1745	
84.9881	9.7221	-0.1899	0.5	0.1833	
85.0881	9.7223	-0.1823	1.0	0.192	
85.2381	9.725	-0.1703	1.5	0.2007	
85.4379	9.7329	-0.1537	2.0	0.2094	
85.6874	9.749	-0.132	2.5	0.2182	
85.9639	9.7753	-0.107	2.7778	0.2269	
86.2394	9.8109	-0.0811	2.7778	0.2356	
86.5135	9.8561	-0.0542	2.7778	0.2443	
86.7858	9.911	-0.0264	2.7778	0.2531	
87.0559	9.9757	0.0024	2.7778	0.2618	
87.3042	10.0452	0.0299	2.5778	0.2705	
87.5307	10.1176	0.0561	2.3778	0.2793	
87.7357	10.191	0.0809	2.1778	0.288	
87.9195	10.264	0.104	1.9778	0.2967	
88.0826	10.3347	0.1254	1.7778	0.3054	
88.2254	10.4019	0.1449	1.5778	0.3142	
88.3484	10.464	0.1624	1.3778	0.3229	
88.452	10.5199	0.1777	1.1778	0.3316	
88.537	10.5683	0.1908	0.9778	0.3403	
88.6037	10.6083	0.2014	0.7778	0.3491	
88.6532	10.638	0.2091	0.5778	0.3403	
88.6856	10.6575	0.2141	0.3778	0.3316	
88.7009	10.6666	0.2163	0.1778	0.3229	
88.7009	10.6666	0.2163	0.0	0.3142	
88.7009	10.6666	0.2163	0.0	0.3054	
88.7009	10.6666	0.2163	0.0	0.2967	
88.7009	10.6666	0.2163	0.0	0.288	
88.7009	10.6666	0.2163	0.0	0.2793	
88.7009	10.6666	0.2163	0.0	0.2705	
88.7009	10.6666	0.2163	0.0	0.2618	
88.7186	10.6758	0.2184	0.2	0.2618	
88.7541	10.6943	0.2225	0.4	0.2618	
88.8072	10.7222	0.2287	0.6	0.2618	
88.8778	10.7599	0.237	0.8	0.2618	
88.9656	10.8077	0.2474	1.0	0.2618	
89.0704	10.8662	0.2598	1.2	0.2618	
89.1918	10.936	0.2743	1.4	0.2618	
89.3293	11.0177	0.2909	1.6	0.2618	
89.4825	11.1122	0.3095	1.8	0.2618	
89.6508	11.2203	0.3302	2.0	0.2618	
89.7827	11.3108	0.3473	1.6	0.2705	
89.8799	11.3811	0.3605	1.2	0.2793	
89.9437	11.4295	0.3696	0.8	0.288	
89.9752	11.4542	0.3743	0.4	0.2967	
89.9752	11.4542	0.3743	0.0	0.3054	
89.9752	11.4542	0.3743	0.0	0.3142	
89.9752	11.4542	0.3743	0.0	0.3229	
89.9752	11.4542	0.3743	0.0	0.3316	
89.9752	11.4542	0.3743	0.0	0.3403	
89.9752	11.4542	0.3743	0.0	0.3491	
89.9976	11.474	0.3784	0.3	0.3491	
90.0425	11.5139	0.3866	0.6	0.3491	
90.1092	11.5743	0.3989	0.9	0.3491	
90.1971	11.656	0.4153	1.2	0.3491	
90.3054	11.7598	0.4359	1.5	0.3491	
90.4328	11.887	0.4605	1.8	0.3491	
90.5776	12.039	0.4892	2.1	0.3491	
90.7381	12.2175	0.522	2.4	0.3491	
90.912	12.424	0.559	2.7	0.3491	
91.0829	12.643	0.597	2.7778	0.3491	
91.2434	12.8697	0.6359	2.7778	0.3578	
91.3929	13.1038	0.6757	2.7778	0.3665	
91.5309	13.3449	0.7164	2.7778	0.3752	
91.6568	13.5925	0.7581	2.7778	0.384	
91.7701	13.8462	0.8006	2.7778	0.3927	
91.8702	14.1053	0.844	2.7778	0.4014	
91.9567	14.3692	0.8883	2.7778	0.4102	
92.0291	14.6374	0.9335	2.7778	0.4189	
92.0869	14.9091	0.9796	2.7778	0.4276	
92.1297	15.1836	1.0265	2.7778	0.4363	
92.1543	15.4301	1.0692	2.4778	0.4451	
92.1647	15.6476	1.1074	2.1778	0.4538	
92.1649	15.8354	1.1409	1.8778	0.4625	
92.1583	15.9931	1.1696	1.5778	0.4712	
92.1483	16.1204	1.1932	1.2778	0.48	
92.1375	16.2176	1.2115	0.9778	0.4887	
92.1281	16.2848	1.2245	0.6778	0.4974	
92.1221	16.322	1.2318	0.3778	0.5061	
92.1207	16.3297	1.2333	0.0778	0.5149	
92.1207	16.3297	1.2333	0.0	0.5236	
92.1149	16.3591	1.2394	0.3	0.5323	
92.1025	16.4178	1.2518	0.6	0.5411	
92.0819	16.5054	1.2706	0.9	0.5498	
92.0512	16.6215	1.296	1.2	0.5585	
92.008	16.7651	1.3282	1.5	0.5672	
91.9491	16.9352	1.3675	1.8	0.576	
91.8709	17.1301	1.4138	2.1	0.5847	
91.7695	17.3476	1.4675	2.4	0.5934	
91.6403	17.5847	1.5287	2.7	0.6021	
91.4907	17.8187	1.5924	2.7778	0.6109	
91.3265	18.0428	1.6561	2.7778	0.6109	
91.1483	18.2559	1.7199	2.7778	0.6109	
90.957	18.4573	1.7836	2.7778	0.6109	
90.7532	18.646	1.8473	2.7778	0.6109	
90.5378	18.8214	1.9111	2.7778	0.6109	
90.3117	18.9828	1.9748	2.7778	0.6109	
90.0757	19.1293	2.0385	2.7778	0.6109	
89.8309	19.2606	2.1023	2.7778	0.6109	
89.5782	19.376	2.166	2.7778	0.6109	
89.3187	19.4751	2.2297	2.7778	0.6109	
89.0725	19.5515	2.2889	2.5778	0.6109	
88.8417	19.6085	2.3434	2.3778	0.6109	
88.6277	19.649	2.3934	2.1778	0.6109	
88.4318	19.6761	2.4388	1.9778	0.6109	
88.2548	19.6925	2.4795	1.7778	0.6109	
88.0972	19.7005	2.5157	1.5778	0.6109	
87.9594	19.7026	2.5473	1.3778	0.6109	
87.8417	19.7006	2.5744	1.1778	0.6109	
87.744	19.6964	2.5968	0.9778	0.6109	
87.6664	19.6912	2.6146	0.7778	0.6109	
87.5988	19.6861	2.63	0.6778	0.6021	
87.5412	19.6814	2.6429	0.5778	0.5934	
87.4936	19.6773	2.6535	0.4778	0.5847	
87.456	19.674	2.6617	0.3778	0.576	
87.4283	19.6716	2.6677	0.2778	0.5672	
87.4106	19.6701	2.6714	0.1778	0.5585	
87.4029	19.6695	2.6731	0.0778	0.5498	
87.4029	19.6695	2.6731	0.0	0.5411	
87.4029	19.6695	2.6731	0.0	0.5323	
87.4029	19.6695	2.6731	0.0	0.5236	
87.3729	19.6681	2.679	0.3	0.5149	
87.3129	19.6655	2.6906	0.6	0.5061	
87.223	19.6613	2.7078	0.9	0.4974	
87.1032	19.6547	2.7303	1.2	0.4887	
86.9536	19.6444	2.758	1.5	0.48	
86.7743	19.6286	2.7907	1.8	0.4712	
86.5656	19.6052	2.8282	2.1	0.4625	
86.3279	19.5717	2.8703	2.4	0.4538	
86.062	19.525	2.9168	2.7	0.4451	
85.7904	19.4667	2.9637	2.7778	0.4363	
85.5503	19.4054	3.0048	2.4778	0.4276	
85.3412	19.3448	3.0403	2.1778	0.4189	
85.1623	19.2877	3.0702	1.8778	0.4102	
85.013	19.2366	3.0949	1.5778	0.4014	
84.8928	19.1932	3.1144	1.2778	0.3927	
84.8012	19.1591	3.1291	0.9778	0.384	
84.7378	19.135	3.139	0.6778	0.3752	
84.7025	19.1216	-3.1387	0.3778	0.3665	
84.6952	19.1189	-3.1377	0.0778	0.3578	
84.6952	19.1189	-3.1377	0.0	0.3491	
84.6764	19.1121	-3.135	0.2	0.3403	
84.6387	19.0988	-3.1298	0.4	0.3316	
84.582	19.0791	-3.1222	0.6	0.3229	
84.5064	19.0529	-3.1123	0.8	0.3142	
84.412	19.0201	-3.1002	1.0	0.3054	
84.2987	18.9803	-3.0862	1.2	0.2967	
84.1669	18.9331	-3.0703	1.4	0.288	
84.0166	18.8782	-3.0527	1.6	0.2793	
83.8482	18.8149	-3.0334	1.8	0.2705	
83.6617	18.7426	-3.0127	2.0	0.2618	
83.4498	18.6531	-2.9881	2.3	0.2705	
83.2138	18.5441	-2.9595	2.6	0.2793	
82.9661	18.4183	-2.9279	2.7778	0.288	
82.7237	18.2826	-2.8954	2.7778	0.2967	
82.4872	18.137	-2.862	2.7778	0.3054	
82.2569	17.9816	-2.8277	2.7778	0.3142	
82.0336	17.8164	-2.7924	2.7778	0.3229	
81.8177	17.6416	-2.7562	2.7778	0.3316	
81.6099	17.4572	-2.7192	2.7778	0.3403	
81.4108	17.2636	-2.6812	2.7778	0.3491	
81.2174	17.0641	-2.6441	2.7778	0.3403	
81.0298	16.8593	-2.6079	2.7778	0.3316	
80.8478	16.6494	-2.5726	2.7778	0.3229	
80.6715	16.4348	-2.5383	2.7778	0.3142	
80.5008	16.2157	-2.5049	2.7778	0.3054	
80.3355	15.9925	-2.4724	2.7778	0.2967	
80.1755	15.7654	-2.4408	2.7778	0.288	
80.0208	15.5347	-2.4102	2.7778	0.2793	
79.8711	15.3006	-2.3805	2.7778	0.2705	
79.7264	15.0635	-2.3518	2.7778	0.2618	
79.5865	14.8236	-2.3239	2.7778	0.2531	
79.4512	14.581	-2.2971	2.7778	0.2443	
79.3203	14.336	-2.2711	2.7778	0.2356	
79.1937	14.0887	-2.2461	2.7778	0.2269	
79.071	13.8395	-2.2221	2.7778	0.2182	
78.9523	13.5884	-2.199	2.7778	0.2094	
78.8371	13.3356	-2.1768	2.7778	0.2007	
78.7254	13.0813	-2.1556	2.7778	0.192	
78.6168	12.8256	-2.1354	2.7778	0.1833	
78.5112	12.5687	-2.1161	2.7778	0.1745	
78.4083	12.3107	-2.0977	2.7778	0.1658	
78.3078	12.0517	-2.0804	2.7778	0.1571	
78.2097	11.7918	-2.0639	2.7778	0.1484	
78.1135	11.5312	-2.0485	2.7778	0.1396	
78.0191	11.27	-2.034	2.7778	0.1309	
77.9262	11.0082	-2.0204	2.7778	0.1222	
77.8346	10.746	-2.0079	2.7778	0.1134	
77.7439	10.4834	-1.9962	2.7778	0.1047	
77.6541	10.2206	-1.9856	2.7778	0.096	
77.5647	9.9576	-1.9759	2.7778	0.0873	
77.4904	9.7317	-1.9676	2.3778	0.0873	
77.4301	9.5433	-1.9607	1.9778	0.0873	
77.3831	9.3927	-1.9552	1.5778	0.0873	
77.3486	9.2801	-1.9511	1.1778	0.0873	
77.3262	9.2056	-1.9484	0.7778	0.0873	
77.3153	9.1694	-1.9471	0.3778	0.0873	
77.3153	9.1694	-1.9471	0.0	0.0873	
77.3153	9.1694	-1.9471	0.0	0.0873	
77.3153	9.1694	-1.9471	0.0	0.0873	
77.3153	9.1694	-1.9471	0.0	0.0873	
77.3153	9.1694	-1.9471	0.0	0.0873	
77.3153	9.1694	-1.9471	0.0	0.0873	
77.3153	9.1694	-1.9471	0.0	0.0873	
77.3153	9.1694	-1.9471	0.0	0.0873	
77.3153	9.1694	-1.9471	0.0	0.0873	
77.3153	9.1694	-1.9471	0.0	0.0873	
77.3153	9.1694	-1.9471	0.0	0.0873	
77.3153	9.1694	-1.9471	0.0	0.0873	
77.3153	9.1694	-1.9471	0.0	0.0873	
77.3153	9.1694	-1.9471	0.0	0.0873	
77.3153	9.1694	-1.9471	0.0	0.0785	
77.3153	9.1694	-1.9471	0.0	0.0698	
77.3153	9.1694	-1.9471	0.0	0.0611	
77.3153	9.1694	-1.9471	0.0	0.0524	
77.3153	9.1694	-1.9471	0.0	0.0436	
77.3153	9.1694	-1.9471	0.0	0.0349	
77.3153	9.1694	-1.9471	0.0	0.0262	
77.3153	9.1694	-1.9471	0.0	0.0175	
77.3153	9.1694	-1.9471	0.0	0.0087	
77.3153	9.1694	-1.9471	0.0	0.0	
77.3153	9.1694	-1.9471	0.0	0.0087	
77.3153	9.1694	-1.9471	0.0	0.0175	
77.3153	9.1694	-1.9471	0.0	0.0262	
77.3153	9.1694	-1.9471	0.0	0.0349	
77.3153	9.1694	-1.9471	0.0	0.0436	
77.3153	9.1694	-1.9471	0.0	0.0524	
77.3153	9.1694	-1.9471	0.0	0.0611	
77.3153	9.1694	-1.9471	0.0	0.0698	
77.3153	9.1694	-1.9471	0.0	0.0785	
77.3153	9.1694	-1.9471	0.0	0.0873	
77.3125	9.1599	-1.9467	0.1	0.0873	
77.3068	9.1407	-1.946	0.2	0.0873	
77.2983	9.1119	-1.945	0.3	0.0873	
77.287	9.0735	-1.9436	0.4	0.0873	
77.2729	9.0256	-1.9419	0.5	0.0873	
77.2561	8.968	-1.9398	0.6	0.0873	
77.2366	8.9007	-1.9373	0.7	0.0873	
77.2146	8.8238	-1.9345	0.8	0.0873	
77.19	8.7373	-1.9314	0.9	0.0873	
77.163	8.641	-1.9279	1.0	0.0873	
77.1269	8.5057	-1.9225	1.4	0.096	
77.0828	8.3312	-1.915	1.8	0.1047	
77.0325	8.117	-1.9051	2.2	0.1134	
76.9778	7.8628	-1.8924	2.6	0.1222	
76.9251	7.5901	-1.8779	2.7778	0.1309	
76.8788	7.3162	-1.8624	2.7778	0.1396	
76.8392	7.0413	-1.846	2.7778	0.1484	
76.8064	6.7654	-1.8286	2.7778	0.1571	
76.7809	6.4888	-1.8103	2.7778	0.1658	
76.7629	6.2116	-1.791	2.7778	0.1745	
76.753	5.944	-1.7715	2.6778	0.1833	
76.7508	5.6863	-1.7518	2.5778	0.192	
76.7557	5.4385	-1.732	2.4778	0.2007	
76.7671	5.201	-1.7123	2.3778	0.2094	
76.7846	4.9739	-1.6925	2.2778	0.2182	
76.8074	4.7574	-1.6729	2.1778	0.2269	
76.8351	4.5514	-1.6535	2.0778	0.2356	
76.8669	4.3562	-1.6344	1.9778	0.2443	
76.9023	4.1718	-1.6156	1.8778	0.2531	
70	10	4.7124	1.7778	0.2618	
70.0341	9.8769	-1.5571	1.2778	0.2705	
70.0566	9.8024	-1.5486	0.7778	0.2793	
70.0651	9.776	-1.5454	0.2778	0.288	
70.0651	9.776	-1.5454	0.0	0.2967	
70.0651	9.776	-1.5454	0.0	0.3054	
70.0651	9.776	-1.5454	0.0	0.3142	
70.0651	9.776	-1.5454	0.0	0.3229	
70.0651	9.776	-1.5454	0.0	0.3316	
70.0651	9.776	-1.5454	0.0	0.3403	
70.0651	9.776	-1.5454	0.0	0.3491	
70.0651	9.776	-1.5454	0.0	0.3491	
70.0651	9.776	-1.5454	0.0	0.3491	
70.0651	9.776	-1.5454	0.0	0.3491	
70.0651	9.776	-1.5454	0.0	0.3491	
70.0651	9.776	-1.5454	0.0	0.3491	
70.0651	9.776	-1.5454	0.0	0.3491	
70.0651	9.776	-1.5454	0.0	0.3491	
70.0651	9.776	-1.5454	0.0	0.3491	
70.0651	9.776	-1.5454	0.0	0.3491	
70.0651	9.776	-1.5454	0.0	0.3491	
-1
72.0022	26.7478	-1.5699	2.5222	0.0087	
72.0073	26.4701	-1.568	2.7778	0.0175	
72.0153	26.1924	-1.5651	2.7778	0.0262	
72.0266	25.9148	-1.5612	2.7778	0.0349	
72.0414	25.6375	-1.5563	2.7778	0.0436	
72.06	25.3603	-1.5505	2.7778	0.0524	
72.0825	25.0834	-1.5437	2.7778	0.0611	
72.1094	24.807	-1.536	2.7778	0.0698	
72.1408	24.531	-1.5273	2.7778	0.0785	
72.177	24.2556	-1.5176	2.7778	0.0873	
72.2109	24.0303	-1.5089	2.2778	0.096	
72.2404	23.855	-1.5014	1.7778	0.1047	
72.2636	23.7294	-1.4956	1.2778	0.1134	
72.2789	23.6531	-1.4919	0.7778	0.1222	
72.2847	23.6259	-1.4904	0.2778	0.1309	
72.2847	23.6259	-1.4904	0.0	0.1396	
72.2847	23.6259	-1.4904	0.0	0.1484	
72.2847	23.6259	-1.4904	0.0	0.1571	
72.2847	23.6259	-1.4904	0.0	0.1658	
72.2847	23.6259	-1.4904	0.0	0.1745	
72.2847	23.6259	-1.4904	0.0	0.1833	
72.2847	23.6259	-1.4904	0.0	0.192	
72.2847	23.6259	-1.4904	0.0	0.2007	
72.2847	23.6259	-1.4904	0.0	0.2094	
72.2847	23.6259	-1.4904	0.0	0.2182	
72.2847	23.6259	-1.4904	0.0	0.2269	
72.2847	23.6259	-1.4904	0.0	0.2356	
72.2847	23.6259	-1.4904	0.0	0.2443	
72.2847	23.6259	-1.4904	0.0	0.2531	
72.2847	23.6259	-1.4904	0.0	0.2618	
72.2847	23.6259	-1.4904	0.0	0.2531	
72.2847	23.6259	-1.4904	0.0	0.2443	
72.2847	23.6259	-1.4904	0.0	0.2356	
72.2847	23.6259	-1.4904	0.0	0.2269	
72.2847	23.6259	-1.4904	0.0	0.2182	
72.2847	23.6259	-1.4904	0.0	0.2094	
72.2847	23.6259	-1.4904	0.0	0.2007	
72.2847	23.6259	-1.4904	0.0	0.192	
72.2847	23.6259	-1.4904	0.0	0.1833	
72.2847	23.6259	-1.4904	0.0	0.1745	
72.2847	23.6259	-1.4904	0.0	0.1745	
72.2847	23.6259	-1.4904	0.0	0.1745	
72.2847	23.6259	-1.4904	0.0	0.1745	
72.2847	23.6259	-1.4904	0.0	0.1745	
72.2847	23.6259	-1.4904	0.0	0.1745	
72.2847	23.6259	-1.4904	0.0	0.1745	
72.2847	23.6259	-1.4904	0.0	0.1745	
72.2847	23.6259	-1.4904	0.0	0.1745	
72.2847	23.6259	-1.4904	0.0	0.1745	
72.2847	23.6259	-1.4904	0.0	0.1745	
72.292	23.5968	-1.4884	0.3	0.1658	
72.3062	23.5385	-1.4847	0.6	0.1571	
72.3271	23.451	-1.4793	0.9	0.1484	
72.3546	23.3342	-1.4727	1.2	0.1396	
72.3886	23.1881	-1.4648	1.5	0.1309	
72.4294	23.0128	-1.4561	1.8	0.1222	
72.4769	22.8082	-1.4465	2.1	0.1134	
72.5313	22.5745	-1.4365	2.4	0.1047	
72.593	22.3116	-1.4262	2.7	0.096	
72.6568	22.0413	-1.4165	2.7778	0.0873	
72.7117	21.8099	-1.409	2.3778	0.0785	
72.7571	21.6174	-1.4035	1.9778	0.0698	
72.7928	21.4637	-1.3996	1.5778	0.0611	
72.8189	21.3489	-1.3972	1.1778	0.0524	
72.8357	21.2729	-1.3958	0.7778	0.0436	
72.8435	21.236	-1.3953	0.3778	0.0349	
72.8435	21.236	-1.3953	0.0	0.0262	
72.8435	21.236	-1.3953	0.0	0.0175	
72.8435	21.236	-1.3953	0.0	0.0087	
72.8435	21.236	-1.3953	0.0	0.0	
72.8527	21.1868	-1.3951	0.5	0.0087	
72.8719	21.0887	-1.3944	1.0	0.0175	
72.9021	20.9418	-1.3929	1.5	0.0262	
72.9443	20.7463	-1.3901	2.0	0.0349	
72.9999	20.5025	-1.3857	2.5	0.0436	
73.0653	20.2325	-1.3799	2.7778	0.0524	
73.1345	19.9635	-1.3731	2.7778	0.0611	
73.208	19.6956	-1.3653	2.7778	0.0698	
73.2858	19.429	-1.3566	2.7778	0.0785	
73.3683	19.1637	-1.3469	2.7778	0.0873	
73.4441	18.9279	-1.3383	2.4778	0.0873	
73.5126	18.7211	-1.3307	2.1778	0.0873	
73.5729	18.5433	-1.3242	1.8778	0.0873	
73.6246	18.3942	-1.3187	1.5778	0.0873	
73.6672	18.2738	-1.3142	1.2778	0.0873	
73.7001	18.1817	-1.3108	0.9778	0.0873	
73.7232	18.118	-1.3084	0.6778	0.0873	
73.7362	18.0825	-1.3071	0.3778	0.0873	
73.7388	18.0752	-1.3069	0.0778	0.0873	
73.7388	18.0752	-1.3069	0.0	0.0873	
73.7526	18.0376	-1.3055	0.4	0.0873	
73.7802	17.9625	-1.3027	0.8	0.0873	
73.822	17.85	-1.2985	1.2	0.0873	
73.8783	17.7003	-1.2929	1.6	0.0873	
73.9497	17.5135	-1.2859	2.0	0.0873	
74.037	17.2899	-1.2776	2.4	0.0873	
74.1401	17.032	-1.2679	2.7778	0.0873	
74.2458	16.7751	-1.2582	2.7778	0.0873	
74.3539	16.5192	-1.2485	2.7778	0.0873	
74.4645	16.2644	-1.2388	2.7778	0.0873	
74.5754	16.0097	-1.2301	2.7778	0.0785	
74.6862	15.755	-1.2224	2.7778	0.0698	
74.7968	15.5002	-1.2156	2.7778	0.0611	
74.9069	15.2452	-1.2098	2.7778	0.0524	
75.0163	14.9898	-1.2049	2.7778	0.0436	
75.1247	14.7341	-1.201	2.7778	0.0349	
75.2318	14.4778	-1.1981	2.7778	0.0262	
75.3374	14.2209	-1.1962	2.7778	0.0175	
75.4413	13.9632	-1.1952	2.7778	0.0087	
75.5432	13.7048	-1.1952	2.7778	0.0	
75.6473	13.4473	-1.1943	2.7778	0.0087	
75.754	13.1908	-1.1923	2.7778	0.0175	
75.8633	12.9355	-1.1894	2.7778	0.0262	
75.9757	12.6814	-1.1855	2.7778	0.0349	
76.0912	12.4288	-1.1807	2.7778	0.0436	
76.2101	12.1778	-1.1749	2.7778	0.0524	
76.3327	11.9285	-1.1681	2.7778	0.0611	
76.4591	11.6812	-1.1603	2.7778	0.0698	
76.5896	11.4359	-1.1516	2.7778	0.0785	
76.7244	11.193	-1.1419	2.7778	0.0873	
76.8545	10.959	-1.1335	2.6778	0.0785	
76.9796	10.7336	-1.1263	2.5778	0.0698	
77.0996	10.5169	-1.1203	2.4778	0.0611	
77.2142	10.3085	-1.1153	2.3778	0.0524	
77.3233	10.1085	-1.1113	2.2778	0.0436	
77.4266	9.9168	-1.1083	2.1778	0.0349	
77.5241	9.7334	-1.1061	2.0778	0.0262	
77.6158	9.5581	-1.1047	1.9778	0.0175	
77.7017	9.3911	-1.1041	1.8778	0.0087	
77.7817	9.2324	-1.1041	1.7778	0.0	
77.8437	9.1093	-1.1041	1.3778	0.0	
77.8877	9.022	-1.1041	0.9778	0.0	
77.9137	8.9704	-1.1041	0.5778	0.0	
77.9217	8.9545	-1.1041	0.1778	0.0	
77.9217	8.9545	-1.1041	0.0	0.0	
77.9217	8.9545	-1.1041	0.0	0.0	
77.9217	8.9545	-1.1041	0.0	0.0	
77.9217	8.9545	-1.1041	0.0	0.0	
77.9217	8.9545	-1.1041	0.0	0.0	
77.9217	8.9545	-1.1041	0.0	0.0	
77.9217	8.9545	-1.1041	0.0	-0.0087	
77.9217	8.9545	-1.1041	0.0	-0.0175	
77.9217	8.9545	-1.1041	0.0	-0.0262	
77.9217	8.9545	-1.1041	0.0	-0.0349	
77.9217	8.9545	-1.1041	0.0	-0.0436	
77.9217	8.9545	-1.1041	0.0	-0.0524	
77.9217	8.9545	-1.1041	0.0	-0.0611	
77.9217	8.9545	-1.1041	0.0	-0.0698	
77.9217	8.9545	-1.1041	0.0	-0.0785	
77.9217	8.9545	-1.1041	0.0	-0.0873	
77.933	8.9268	-1.105	0.3	-0.0785	
77.9562	8.8714	-1.1067	0.6	-0.0698	
77.9915	8.7886	-1.1089	0.9	-0.0611	
78.0392	8.6785	-1.1114	1.2	-0.0524	
78.0998	8.5413	-1.114	1.5	-0.0436	
78.1735	8.3771	-1.1165	1.8	-0.0349	
78.2607	8.186	-1.1187	2.1	-0.0262	
78.3618	7.9684	-1.1204	2.4	-0.0175	
78.4772	7.7243	-1.1214	2.7	-0.0087	
78.5978	7.4741	-1.1214	2.7778	0.0	
78.7163	7.2228	-1.1223	2.7778	-0.0087	
78.8324	6.9705	-1.1243	2.7778	-0.0175	
78.9458	6.7169	-1.1272	2.7778	-0.0262	
79.0561	6.462	-1.1311	2.7778	-0.0349	
79.1633	6.2057	-1.1359	2.7778	-0.0436	
79.267	5.948	-1.1417	2.7778	-0.0524	
79.3669	5.6888	-1.1485	2.7778	-0.0611	
79.4628	5.4281	-1.1562	2.7778	-0.0698	
79.5544	5.1659	-1.165	2.7778	-0.0785	
79.6414	4.9021	-1.1746	2.7778	-0.0873	
79.7117	4.6749	-1.1838	2.3778	-0.096	
79.7668	4.485	-1.192	1.9778	-0.1047	
79.8082	4.3327	-1.1992	1.5778	-0.1134	
79.8373	4.2186	-1.2049	1.1778	-0.1222	
79.8554	4.143	-1.209	0.7778	-0.1309	
79.8637	4.1061	-1.2111	0.3778	-0.1396	
79.8637	4.1061	-1.2111	0.0	-0.1484	
79.8637	4.1061	-1.2111	0.0	-0.1571	
79.8637	4.1061	-1.2111	0.0	-0.1658	
79.8637	4.1061	-1.2111	0.0	-0.1745	
79.8637	4.1061	-1.2111	0.0	-0.1833	
79.8637	4.1061	-1.2111	0.0	-0.192	
79.8637	4.1061	-1.2111	0.0	-0.2007	
79.8637	4.1061	-1.2111	0.0	-0.2094	
79.8637	4.1061	-1.2111	0.0	-0.2182	
79.8637	4.1061	-1.2111	0.0	-0.2269	
79.8637	4.1061	-1.2111	0.0	-0.2356	
79.8637	4.1061	-1.2111	0.0	-0.2443	
79.8637	4.1061	-1.2111	0.0	-0.2531	
79.8637	4.1061	-1.2111	0.0	-0.2618	
79.8664	4.0762	-1.2143	0.3	-0.2705	
79.871	4.0164	-1.2209	0.6	-0.2793	
21	27	1.5708	0.9	-0.288	
21.0351	27.1148	1.5568	1.2	-0.2967	
21.0822	27.2572	1.5387	1.5	-0.3054	
21.1433	27.4265	1.5165	1.8	-0.3142	
21.2206	27.6217	1.4898	2.1	-0.3229	
21.3169	27.8416	1.4586	2.4	-0.3316	
21.4349	28.0844	1.4225	2.7	-0.3403	
21.5675	28.3285	1.3845	2.7778	-0.3491	
21.7071	28.5687	1.3474	2.7778	-0.3403	
21.8534	28.8048	1.3112	2.7778	-0.3316	
22.0062	29.0367	1.276	2.7778	-0.3229	
22.1651	29.2646	1.2417	2.7778	-0.3142	
22.3298	29.4883	1.2082	2.7778	-0.3054	
22.5	29.7078	1.1758	2.7778	-0.2967	
22.6753	29.9233	1.1442	2.7778	-0.288	
22.8555	30.1347	1.1136	2.7778	-0.2793	
23.0402	30.3421	1.0839	2.7778	-0.2705	
23.2293	30.5456	1.0551	2.7778	-0.2618	
23.4031	30.7222	1.0295	2.4778	-0.2618	
23.5598	30.8734	1.0069	2.1778	-0.2618	
23.6978	31.0008	0.9875	1.8778	-0.2618	
23.8159	31.1055	0.9711	1.5778	-0.2618	
23.9128	31.1887	0.9579	1.2778	-0.2618	
23.9879	31.2514	0.9478	0.9778	-0.2618	
24.0403	31.2943	0.9408	0.6778	-0.2618	
24.0697	31.3181	0.9369	0.3778	-0.2618	
24.0758	31.3229	0.9361	0.0778	-0.2618	
24.0758	31.3229	0.9361	0.0	-0.2618	
24.0758	31.3229	0.9361	0.0	-0.2531	
24.0758	31.3229	0.9361	0.0	-0.2443	
24.0758	31.3229	0.9361	0.0	-0.2356	
24.0758	31.3229	0.9361	0.0	-0.2269	
24.0758	31.3229	0.9361	0.0	-0.2182	
24.0758	31.3229	0.9361	0.0	-0.2094	
24.0758	31.3229	0.9361	0.0	-0.2007	
24.0758	31.3229	0.9361	0.0	-0.192	
24.0758	31.3229	0.9361	0.0	-0.1833	
24.0758	31.3229	0.9361	0.0	-0.1745	
24.0758	31.3229	0.9361	0.0	-0.1833	
24.0758	31.3229	0.9361	0.0	-0.192	
24.0758	31.3229	0.9361	0.0	-0.2007	
24.0758	31.3229	0.9361	0.0	-0.2094	
24.0758	31.3229	0.9361	0.0	-0.2182	
24.0758	31.3229	0.9361	0.0	-0.2269	
24.0758	31.3229	0.9361	0.0	-0.2356	
24.0758	31.3229	0.9361	0.0	-0.2443	
24.0758	31.3229	0.9361	0.0	-0.2531	
24.0758	31.3229	0.9361	0.0	-0.2618	
24.1151	31.3538	0.9307	0.5	-0.2705	
24.1946	31.4144	0.9197	1.0	-0.2793	
24.3157	31.503	0.9027	1.5	-0.288	
24.4801	31.6169	0.8793	2.0	-0.2967	
24.69	31.7526	0.8492	2.5	-0.3054	
24.929	31.8943	0.8149	2.7778	-0.3142	
25.1738	32.0255	0.7796	2.7778	-0.3229	
25.4242	32.1458	0.7434	2.7778	-0.3316	
25.6797	32.2548	0.7063	2.7778	-0.3403	
25.9399	32.3519	0.6683	2.7778	-0.3491	
26.2037	32.4391	0.6303	2.7778	-0.3491	
26.4705	32.5162	0.5923	2.7778	-0.3491	
26.7401	32.5831	0.5543	2.7778	-0.3491	
27.0121	32.6397	0.5163	2.7778	-0.3491	
27.286	32.686	0.4783	2.7778	-0.3491	
27.5614	32.7218	0.4403	2.7778	-0.3491	
27.8381	32.7471	0.4023	2.7778	-0.3491	
28.1154	32.7619	0.3643	2.7778	-0.3491	
28.3932	32.7661	0.3263	2.7778	-0.3491	
28.6709	32.7598	0.2883	2.7778	-0.3491	
28.9483	32.7453	0.2512	2.7778	-0.3403	
29.2252	32.723	0.2151	2.7778	-0.3316	
29.5013	32.6931	0.1798	2.7778	-0.3229	
29.7766	32.6559	0.1455	2.7778	-0.3142	
30.0509	32.6117	0.112	2.7778	-0.3054	
30.3239	32.5607	0.0796	2.7778	-0.2967	
30.5957	32.5032	0.048	2.7778	-0.288	
30.8661	32.4395	0.0174	2.7778	-0.2793	
31.135	32.37	-0.0123	2.7778	-0.2705	
31.4024	32.2948	-0.0411	2.7778	-0.2618	
31.6682	32.2142	-0.0689	2.7778	-0.2531	
31.9325	32.1286	-0.0958	2.7778	-0.2443	
32.1952	32.0383	-0.1217	2.7778	-0.2356	
32.4562	31.9434	-0.1467	2.7778	-0.2269	
32.7157	31.8443	-0.1708	2.7778	-0.2182	
32.9737	31.7412	-0.1939	2.7778	-0.2094	
33.2301	31.6344	-0.216	2.7778	-0.2007	
33.4851	31.5242	-0.2372	2.7778	-0.192	
33.7387	31.4108	-0.2575	2.7778	-0.1833	
33.9909	31.2945	-0.2768	2.7778	-0.1745	
34.2409	31.1734	-0.296	2.7778	-0.1745	
34.4885	31.0474	-0.3153	2.7778	-0.1745	
34.7336	30.9167	-0.3346	2.7778	-0.1745	
34.9761	30.7813	-0.3539	2.7778	-0.1745	
35.216	30.6413	-0.3732	2.7778	-0.1745	
35.4531	30.4966	-0.3925	2.7778	-0.1745	
35.6874	30.3474	-0.4118	2.7778	-0.1745	
35.9188	30.1937	-0.4311	2.7778	-0.1745	
36.1472	30.0356	-0.4504	2.7778	-0.1745	
36.3725	29.873	-0.4697	2.7778	-0.1745	
36.596	29.7082	-0.488	2.7778	-0.1658	
36.818	29.5411	-0.5054	2.7778	-0.1571	
37.0385	29.3722	-0.5218	2.7778	-0.1484	
37.2577	29.2016	-0.5373	2.7778	-0.1396	
37.4757	29.0295	-0.5518	2.7778	-0.1309	
37.6928	28.8561	-0.5653	2.7778	-0.1222	
37.909	28.6817	-0.5779	2.7778	-0.1134	
38.1245	28.5065	-0.5895	2.7778	-0.1047	
38.3395	28.3306	-0.6002	2.7778	-0.096	
38.5542	28.1543	-0.6099	2.7778	-0.0873	
38.7656	27.9741	-0.6205	2.7778	-0.096	
38.9735	27.7899	-0.6321	2.7778	-0.1047	
39.1775	27.6014	-0.6447	2.7778	-0.1134	
39.3776	27.4087	-0.6583	2.7778	-0.1222	
39.5732	27.2115	-0.6728	2.7778	-0.1309	
39.7643	27.0099	-0.6882	2.7778	-0.1396	
39.9504	26.8037	-0.7046	2.7778	-0.1484	
40.1313	26.5929	-0.722	2.7778	-0.1571	
40.3066	26.3774	-0.7404	2.7778	-0.1658	
40.476	26.1572	-0.7597	2.7778	-0.1745	
40.6411	25.9339	-0.779	2.7778	-0.1745	
40.8019	25.7074	-0.7982	2.7778	-0.1745	
40.9583	25.4778	-0.8175	2.7778	-0.1745	
41.1102	25.2453	-0.8368	2.7778	-0.1745	
41.2577	25.0098	-0.8561	2.7778	-0.1745	
41.4005	24.7716	-0.8754	2.7778	-0.1745	
41.5387	24.5306	-0.8947	2.7778	-0.1745	
41.6723	24.2871	-0.914	2.7778	-0.1745	
41.8011	24.041	-0.9333	2.7778	-0.1745	
41.9252	23.7924	-0.9526	2.7778	-0.1745	
42.0466	23.5426	-0.9709	2.7778	-0.1658	
42.1656	23.2916	-0.9883	2.7778	-0.1571	
42.2824	23.0396	-1.0047	2.7778	-0.1484	
42.3973	22.7867	-1.0202	2.7778	-0.1396	
42.5105	22.533	-1.0347	2.7778	-0.1309	
42.6222	22.2787	-1.0483	2.7778	-0.1222	
42.7327	22.0238	-1.0608	2.7778	-0.1134	
42.8422	21.7686	-1.0724	2.7778	-0.1047	
42.951	21.513	-1.0831	2.7778	-0.096	
43.0593	21.2572	-1.0928	2.7778	-0.0873	
43.1673	21.0013	-1.1015	2.7778	-0.0785	
43.2754	20.7454	-1.1092	2.7778	-0.0698	
43.3837	20.4896	-1.116	2.7778	-0.0611	
43.4925	20.234	-1.1218	2.7778	-0.0524	
43.602	19.9787	-1.1267	2.7778	-0.0436	
43.7125	19.7239	-1.1306	2.7778	-0.0349	
43.8243	19.4695	-1.1335	2.7778	-0.0262	
43.9375	19.2159	-1.1354	2.7778	-0.0175	
44.0524	18.963	-1.1364	2.7778	-0.0087	
44.1694	18.711	-1.1364	2.7778	0.0	
44.2841	18.4581	-1.1374	2.7778	-0.0087	
44.3963	18.204	-1.1393	2.7778	-0.0175	
44.5058	17.9487	-1.1422	2.7778	-0.0262	
44.6124	17.6922	-1.1461	2.7778	-0.0349	
44.7157	17.4343	-1.1509	2.7778	-0.0436	
44.8155	17.1751	-1.1567	2.7778	-0.0524	
44.9115	16.9144	-1.1635	2.7778	-0.0611	
45.0035	16.6523	-1.1713	2.7778	-0.0698	
45.0911	16.3887	-1.18	2.7778	-0.0785	
45.1742	16.1237	-1.1897	2.7778	-0.0873	
45.2546	15.8578	-1.1994	2.7778	-0.0873	
45.3325	15.5911	-1.209	2.7778	-0.0873	
45.4078	15.3238	-1.2187	2.7778	-0.0873	
45.4805	15.0557	-1.2284	2.7778	-0.0873	
45.5506	14.7869	-1.2381	2.7778	-0.0873	
45.6181	14.5174	-1.2478	2.7778	-0.0873	
45.683	14.2473	-1.2575	2.7778	-0.0873	
45.7452	13.9766	-1.2672	2.7778	-0.0873	
45.8049	13.7053	-1.2768	2.7778	-0.0873	
45.8619	13.4335	-1.2865	2.7778	-0.0873	
45.9162	13.1611	-1.2962	2.7778	-0.0873	
45.968	12.8881	-1.3059	2.7778	-0.0873	
46.0171	12.6147	-1.3156	2.7778	-0.0873	
46.0635	12.3409	-1.3253	2.7778	-0.0873	
46.1073	12.0666	-1.3349	2.7778	-0.0873	
46.1484	11.7918	-1.3446	2.7778	-0.0873	
46.1869	11.5167	-1.3543	2.7778	-0.0873	
46.2227	11.2413	-1.364	2.7778	-0.0873	
46.2558	10.9655	-1.3737	2.7778	-0.0873	
46.2862	10.6894	-1.3834	2.7778	-0.0873	
46.3116	10.4128	-1.394	2.7778	-0.096	
46.3316	10.1357	-1.4056	2.7778	-0.1047	
46.346	9.8583	-1.4182	2.7778	-0.1134	
46.3544	9.5806	-1.4317	2.7778	-0.1222	
46.3567	9.3029	-1.4462	2.7778	-0.1309	
46.3525	9.0251	-1.4617	2.7778	-0.1396	
46.3416	8.7476	-1.4781	2.7778	-0.1484	
46.3237	8.4704	-1.4955	2.7778	-0.1571	
46.2986	8.1937	-1.5139	2.7778	-0.1658	
46.266	7.9179	-1.5331	2.7778	-0.1745	
46.2281	7.6427	-1.5524	2.7778	-0.1745	
46.1849	7.3683	-1.5717	2.7778	-0.1745	
46.1364	7.0948	-1.591	2.7778	-0.1745	
46.0826	6.8223	-1.6103	2.7778	-0.1745	
46.0236	6.5508	-1.6296	2.7778	-0.1745	
45.9594	6.2806	-1.6489	2.7778	-0.1745	
45.89	6.0116	-1.6682	2.7778	-0.1745	
45.8154	5.744	-1.6875	2.7778	-0.1745	
45.7356	5.478	-1.7068	2.7778	-0.1745	
45.6507	5.2135	-1.7261	2.7778	-0.1745	
45.5672	4.9696	-1.744	2.5778	-0.1745	
45.4862	4.746	-1.7605	2.3778	-0.1745	
45.4086	4.5425	-1.7756	2.1778	-0.1745	
45.3354	4.3588	-1.7894	1.9778	-0.1745	
45.2673	4.1946	-1.8017	1.7778	-0.1745	
45.205	4.0496	-1.8127	1.5778	-0.1745	
23	17	0.0	1.3778	-0.1745	
23.116	16.9795	-0.0082	1.1778	-0.1745	
23.2121	16.9618	-0.015	0.9778	-0.1745	
23.2885	16.9471	-0.0204	0.7778	-0.1745	
-1
68.0014	16.8356	-1.5702	1.6444	0.0087	
68.0039	16.7011	-1.5693	1.3444	0.0175	
68.0068	16.5967	-1.5682	1.0444	0.0262	
68.0095	16.5223	-1.5672	0.7444	0.0349	
68.0116	16.4779	-1.5664	0.4444	0.0436	
68.0125	16.4635	-1.5661	0.1444	0.0524	
68.0125	16.4635	-1.5661	0.0	0.0611	
68.0125	16.4635	-1.5661	0.0	0.0698	
68.0125	16.4635	-1.5661	0.0	0.0785	
68.0125	16.4635	-1.5661	0.0	0.0873	
68.0125	16.4635	-1.5661	0.0	0.0873	
68.0125	16.4635	-1.5661	0.0	0.0873	
68.0125	16.4635	-1.5661	0.0	0.0873	
68.0125	16.4635	-1.5661	0.0	0.0873	
68.0125	16.4635	-1.5661	0.0	0.0873	
68.0125	16.4635	-1.5661	0.0	0.0873	
68.0125	16.4635	-1.5661	0.0	0.0873	
68.0125	16.4635	-1.5661	0.0	0.0873	
68.0125	16.4635	-1.5661	0.0	0.0873	
68.0125	16.4635	-1.5661	0.0	0.0873	
68.0125	16.4635	-1.5661	0.0	0.0873	
68.0125	16.4635	-1.5661	0.0	0.0873	
68.0125	16.4635	-1.5661	0.0	0.0873	
68.0125	16.4635	-1.5661	0.0	0.0873	
68.0125	16.4635	-1.5661	0.0	0.0873	
68.0125	16.4635	-1.5661	0.0	0.0873	
68.0125	16.4635	-1.5661	0.0	0.0873	
68.0125	16.4635	-1.5661	0.0	0.0873	
68.0125	16.4635	-1.5661	0.0	0.0873	
68.0125	16.4635	-1.5661	0.0	0.0873	
68.0125	16.4635	-1.5661	0.0	0.096	
68.0125	16.4635	-1.5661	0.0	0.1047	
68.0125	16.4635	-1.5661	0.0	0.1134	
68.0125	16.4635	-1.5661	0.0	0.1222	
68.0125	16.4635	-1.5661	0.0	0.1309	
68.0125	16.4635	-1.5661	0.0	0.1396	
68.0125	16.4635	-1.5661	0.0	0.1484	
68.0125	16.4635	-1.5661	0.0	0.1571	
68.0125	16.4635	-1.5661	0.0	0.1658	
68.0125	16.4635	-1.5661	0.0	0.1745	
68.0125	16.4635	-1.5661	0.0	0.1745	
68.0125	16.4635	-1.5661	0.0	0.1745	
68.0125	16.4635	-1.5661	0.0	0.1745	
68.0125	16.4635	-1.5661	0.0	0.1745	
68.0125	16.4635	-1.5661	0.0	0.1745	
68.0125	16.4635	-1.5661	0.0	0.1745	
68.0125	16.4635	-1.5661	0.0	0.1745	
68.0125	16.4635	-1.5661	0.0	0.1745	
68.0125	16.4635	-1.5661	0.0	0.1745	
68.0125	16.4635	-1.5661	0.0	0.1745	
68.0176	16.434	-1.5641	0.3	0.1658	
68.0273	16.3748	-1.5603	0.6	0.1571	
68.0416	16.2859	-1.555	0.9	0.1484	
68.0601	16.1673	-1.5483	1.2	0.1396	
68.0831	16.0191	-1.5405	1.5	0.1309	
68.1104	15.8412	-1.5317	1.8	0.1222	
68.1423	15.6336	-1.5222	2.1	0.1134	
68.1789	15.3964	-1.5122	2.4	0.1047	
68.2205	15.1297	-1.5018	2.7	0.096	
68.2637	14.8553	-1.4922	2.7778	0.0873	
68.3072	14.5809	-1.4834	2.7778	0.0785	
68.3507	14.3066	-1.4757	2.7778	0.0698	
68.3939	14.0322	-1.4689	2.7778	0.0611	
68.4366	13.7577	-1.4631	2.7778	0.0524	
68.4785	13.4831	-1.4582	2.7778	0.0436	
68.5193	13.2083	-1.4544	2.7778	0.0349	
68.5588	12.9334	-1.4515	2.7778	0.0262	
68.5967	12.6582	-1.4495	2.7778	0.0175	
68.6327	12.3827	-1.4485	2.7778	0.0087	
68.6665	12.107	-1.4485	2.7778	0.0	
68.6963	11.8812	-1.4477	2.2778	0.0087	
68.7212	11.7052	-1.4465	1.7778	0.0175	
68.7403	11.5789	-1.4452	1.2778	0.0262	
68.7528	11.5021	-1.4441	0.7778	0.0349	
68.7575	11.4747	-1.4436	0.2778	0.0436	
68.7575	11.4747	-1.4436	0.0	0.0524	
68.7575	11.4747	-1.4436	0.0	0.0611	
68.7575	11.4747	-1.4436	0.0	0.0698	
68.7575	11.4747	-1.4436	0.0	0.0785	
68.7575	11.4747	-1.4436	0.0	0.0873	
68.7619	11.4552	-1.4428	0.2	0.096	
68.7711	11.4163	-1.4412	0.4	0.1047	
68.7856	11.358	-1.4384	0.6	0.1134	
68.8057	11.2806	-1.4345	0.8	0.1222	
68.8321	11.1842	-1.4293	1.0	0.1309	
68.8654	11.0689	-1.4226	1.2	0.1396	
68.9063	10.935	-1.4144	1.4	0.1484	
68.9557	10.7828	-1.4044	1.6	0.1571	
69.0144	10.6126	-1.3925	1.8	0.1658	
69.0835	10.425	-1.3786	2.0	0.1745	
69.136	10.2845	-1.3687	1.5	0.1658	
69.1712	10.1908	-1.3624	1.0	0.1571	
69.1887	10.144	-1.3595	0.5	0.1484	
69.1887	10.144	-1.3595	0.0	0.1396	
69.1887	10.144	-1.3595	0.0	0.1309	
69.1887	10.144	-1.3595	0.0	0.1222	
69.1887	10.144	-1.3595	0.0	0.1134	
69.1887	10.144	-1.3595	0.0	0.1047	
69.1887	10.144	-1.3595	0.0	0.096	
69.1887	10.144	-1.3595	0.0	0.0873	
69.1887	10.144	-1.3595	0.0	0.0873	
69.1887	10.144	-1.3595	0.0	0.0873	
69.1887	10.144	-1.3595	0.0	0.0873	
69.1887	10.144	-1.3595	0.0	0.0873	
69.1887	10.144	-1.3595	0.0	0.0873	
69.1887	10.144	-1.3595	0.0	0.0873	
69.1887	10.144	-1.3595	0.0	0.0873	
69.1887	10.144	-1.3595	0.0	0.0873	
69.1887	10.144	-1.3595	0.0	0.0873	
69.1887	10.144	-1.3595	0.0	0.0873	
69.1887	10.144	-1.3595	0.0	0.096	
69.1887	10.144	-1.3595	0.0	0.1047	
69.1887	10.144	-1.3595	0.0	0.1134	
69.1887	10.144	-1.3595	0.0	0.1222	
69.1887	10.144	-1.3595	0.0	0.1309	
69.1887	10.144	-1.3595	0.0	0.1396	
69.1887	10.144	-1.3595	0.0	0.1484	
69.1887	10.144	-1.3595	0.0	0.1571	
69.1887	10.144	-1.3595	0.0	0.1658	
69.1887	10.144	-1.3595	0.0	0.1745	
69.1923	10.1347	-1.3588	0.1	0.1658	
69.1996	10.116	-1.3575	0.2	0.1571	
69.2102	10.088	-1.3558	0.3	0.1484	
69.2241	10.0505	-1.3535	0.4	0.1396	
69.2411	10.0035	-1.3509	0.5	0.1309	
69.2612	9.9469	-1.348	0.6	0.1222	
69.2843	9.8809	-1.3448	0.7	0.1134	
69.3103	9.8052	-1.3415	0.8	0.1047	
69.3391	9.7199	-1.338	0.9	0.096	
69.3705	9.625	-1.3346	1.0	0.0873	
69.4031	9.5305	-1.3307	1.0	0.096	
69.4369	9.4364	-1.3265	1.0	0.1047	
69.472	9.3427	-1.322	1.0	0.1134	
69.5082	9.2495	-1.3171	1.0	0.1222	
69.5457	9.1568	-1.3119	1.0	0.1309	
69.5845	9.0646	-1.3064	1.0	0.1396	
69.6246	8.973	-1.3004	1.0	0.1484	
69.6661	8.882	-1.2942	1.0	0.1571	
69.7089	8.7916	-1.2876	1.0	0.1658	
69.7531	8.7019	-1.2806	1.0	0.1745	
69.8158	8.5768	-1.2709	1.4	0.1745	
69.8981	8.4167	-1.2584	1.8	0.1745	
70.001	8.2222	-1.2431	2.2	0.1745	
70.1262	7.9943	-1.2251	2.6	0.1745	
70.2642	7.7533	-1.2058	2.7778	0.1745	
70.407	7.515	-1.1865	2.7778	0.1745	
70.5542	7.2795	-1.1672	2.7778	0.1745	
70.706	7.0468	-1.1479	2.7778	0.1745	
70.8623	6.8172	-1.1286	2.7778	0.1745	
71.0229	6.5906	-1.1093	2.7778	0.1745	
71.1761	6.3832	-1.0914	2.5778	0.1745	
71.3207	6.1945	-1.0749	2.3778	0.1745	
71.456	6.0238	-1.0598	2.1778	0.1745	
71.5812	5.8707	-1.046	1.9778	0.1745	
71.6957	5.7347	-1.0337	1.7778	0.1745	
71.7987	5.6152	-1.0227	1.5778	0.1745	
71.8898	5.5119	-1.0131	1.3778	0.1745	
71.9686	5.4243	-1.005	1.1778	0.1745	
72.0345	5.3521	-0.9982	0.9778	0.1745	
72.0874	5.295	-0.9928	0.7778	0.1745	
72.1197	5.2599	-0.9896	0.4778	0.1658	
72.1317	5.2467	-0.9885	0.1778	0.1571	
72.1317	5.2467	-0.9885	0.0	0.1484	
72.1317	5.2467	-0.9885	0.0	0.1396	
72.1317	5.2467	-0.9885	0.0	0.1309	
72.1317	5.2467	-0.9885	0.0	0.1222	
72.1317	5.2467	-0.9885	0.0	0.1134	
72.1317	5.2467	-0.9885	0.0	0.1047	
72.1317	5.2467	-0.9885	0.0	0.096	
72.1317	5.2467	-0.9885	0.0	0.0873	
72.1379	5.2389	-0.9882	0.1	0.0873	
72.1503	5.2232	-0.9875	0.2	0.0873	
72.169	5.1997	-0.9864	0.3	0.0873	
72.1939	5.1684	-0.985	0.4	0.0873	
72.225	5.1293	-0.9833	0.5	0.0873	
72.2625	5.0825	-0.9812	0.6	0.0873	
72.3064	5.0279	-0.9787	0.7	0.0873	
72.3566	4.9656	-0.976	0.8	0.0873	
72.4134	4.8958	-0.9728	0.9	0.0873	
72.4766	4.8184	-0.9693	1.0	0.0873	
72.5084	4.7798	-0.9676	0.5	0.0873	
72.5084	4.7798	-0.9676	0.0	0.0873	
72.5084	4.7798	-0.9676	0.0	0.0873	
72.5084	4.7798	-0.9676	0.0	0.0873	
72.5084	4.7798	-0.9676	0.0	0.0873	
72.5084	4.7798	-0.9676	0.0	0.0873	
72.5084	4.7798	-0.9676	0.0	0.0873	
72.5084	4.7798	-0.9676	0.0	0.0873	
72.5084	4.7798	-0.9676	0.0	0.0873	
72.5084	4.7798	-0.9676	0.0	0.0873	
72.5273	4.7565	-0.9666	0.3	0.0785	
72.5648	4.7096	-0.965	0.6	0.0698	
72.6204	4.6389	-0.9628	0.9	0.0611	
72.6941	4.5441	-0.9603	1.2	0.0524	
72.7853	4.4251	-0.9576	1.5	0.0436	
72.894	4.2816	-0.9551	1.8	0.0349	
73.0197	4.1133	-0.9529	2.1	0.0262	
45	8	0.0	2.4	0.0175	
45.27	8.0024	0.0009	2.7	0.0087	
45.5478	8.0026	0.0009	2.7778	0.0	
45.8255	8.0053	0.0019	2.7778	0.0087	
46.1033	8.0107	0.0039	2.7778	0.0175	
46.3809	8.019	0.0068	2.7778	0.0262	
46.6584	8.0306	0.0106	2.7778	0.0349	
46.9358	8.0457	0.0155	2.7778	0.0436	
47.213	8.0645	0.0213	2.7778	0.0524	
47.4898	8.0874	0.0281	2.7778	0.0611	
47.7662	8.1145	0.0358	2.7778	0.0698	
48.0422	8.1462	0.0446	2.7778	0.0785	
48.3176	8.1827	0.0542	2.7778	0.0873	
48.5626	8.2198	0.0637	2.4778	0.096	
48.7773	8.2563	0.0728	2.1778	0.1047	
48.9618	8.2911	0.0813	1.8778	0.1134	
49.1163	8.323	0.089	1.5778	0.1222	
49.241	8.3509	0.0957	1.2778	0.1309	
49.3361	8.3737	0.1011	0.9778	0.1396	
49.4018	8.3904	0.1052	0.6778	0.1484	
49.4382	8.4002	0.1075	0.3778	0.1571	
49.4457	8.4023	0.108	0.0778	0.1658	
49.4457	8.4023	0.108	0.0	0.1745	
49.4457	8.4023	0.108	0.0	0.1833	
49.4457	8.4023	0.108	0.0	0.192	
49.4457	8.4023	0.108	0.0	0.2007	
49.4457	8.4023	0.108	0.0	0.2094	
49.4457	8.4023	0.108	0.0	0.2182	
49.4457	8.4023	0.108	0.0	0.2269	
49.4457	8.4023	0.108	0.0	0.2356	
49.4457	8.4023	0.108	0.0	0.2443	
49.4457	8.4023	0.108	0.0	0.2531	
49.4457	8.4023	0.108	0.0	0.2618	
49.4457	8.4023	0.108	0.0	0.2618	
49.4457	8.4023	0.108	0.0	0.2618	
49.4457	8.4023	0.108	0.0	0.2618	
49.4457	8.4023	0.108	0.0	0.2618	
49.4457	8.4023	0.108	0.0	0.2618	
49.4457	8.4023	0.108	0.0	0.2618	
49.4457	8.4023	0.108	0.0	0.2618	
49.4457	8.4023	0.108	0.0	0.2618	
49.4457	8.4023	0.108	0.0	0.2618	
49.4457	8.4023	0.108	0.0	0.2618	
49.4457	8.4023	0.108	0.0	0.2531	
49.4457	8.4023	0.108	0.0	0.2443	
49.4457	8.4023	0.108	0.0	0.2356	
49.4457	8.4023	0.108	0.0	0.2269	
49.4457	8.4023	0.108	0.0	0.2182	
49.4457	8.4023	0.108	0.0	0.2094	
49.4457	8.4023	0.108	0.0	0.2007	
49.4457	8.4023	0.108	0.0	0.192	
49.4457	8.4023	0.108	0.0	0.1833	
49.4457	8.4023	0.108	0.0	0.1745	
49.4457	8.4023	0.108	0.0	0.1658	
49.4457	8.4023	0.108	0.0	0.1571	
49.4457	8.4023	0.108	0.0	0.1484	
49.4457	8.4023	0.108	0.0	0.1396	
49.4457	8.4023	0.108	0.0	0.1309	
49.4457	8.4023	0.108	0.0	0.1222	
49.4457	8.4023	0.108	0.0	0.1134	
49.4457	8.4023	0.108	0.0	0.1047	
49.4457	8.4023	0.108	0.0	0.096	
49.4457	8.4023	0.108	0.0	0.0873	
49.4555	8.4043	0.1084	0.1	0.096	
49.4751	8.4085	0.1093	0.2	0.1047	
49.5043	8.4152	0.1106	0.3	0.1134	
49.5433	8.4244	0.1126	0.4	0.1222	
49.5918	8.4364	0.1152	0.5	0.1309	
49.6498	8.4516	0.1185	0.6	0.1396	
49.7174	8.47	0.1227	0.7	0.1484	
49.7943	8.4921	0.1277	0.8	0.1571	
49.8804	8.5181	0.1336	0.9	0.1658	
49.9757	8.5485	0.1405	1.0	0.1745	
50.0613	8.5764	0.1468	0.9	0.1745	
50.1372	8.6016	0.1524	0.8	0.1745	
50.2035	8.6241	0.1572	0.7	0.1745	
50.2602	8.6436	0.1614	0.6	0.1745	
50.3074	8.6601	0.1649	0.5	0.1745	
50.3451	8.6734	0.1676	0.4	0.1745	
50.3734	8.6835	0.1697	0.3	0.1745	
50.3922	8.6903	0.1711	0.2	0.1745	
50.4016	8.6937	0.1718	0.1	0.1745	
50.4016	8.6937	0.1718	0.0	0.1745	
50.4298	8.7038	0.1739	0.3	0.1745	
50.4862	8.7243	0.1781	0.6	0.1745	
50.5707	8.7554	0.1843	0.9	0.1745	
50.6831	8.7975	0.1926	1.2	0.1745	
50.8231	8.8514	0.2031	1.5	0.1745	
50.9904	8.9177	0.2156	1.8	0.1745	
51.1846	8.9976	0.2301	2.1	0.1745	
51.4052	9.0921	0.2468	2.4	0.1745	
51.6516	9.2025	0.2656	2.7	0.1745	
51.9029	9.3209	0.2849	2.7778	0.1745	
52.1529	9.4419	0.3032	2.7778	0.1658	
52.4018	9.5653	0.3206	2.7778	0.1571	
52.6496	9.6908	0.337	2.7778	0.1484	
52.8964	9.8182	0.3525	2.7778	0.1396	
53.1424	9.9473	0.367	2.7778	0.1309	
53.3876	10.0779	0.3805	2.7778	0.1222	
53.6322	10.2096	0.3931	2.7778	0.1134	
53.8762	10.3422	0.4047	2.7778	0.1047	
54.1199	10.4755	0.4154	2.7778	0.096	
54.3633	10.6094	0.425	2.7778	0.0873	
54.5628	10.7193	0.4322	2.2778	0.0785	
54.7187	10.8048	0.4372	1.7778	0.0698	
54.8309	10.8659	0.4403	1.2778	0.0611	
54.8994	10.9027	0.4419	0.7778	0.0524	
54.924	10.9156	0.4424	0.2778	0.0436	
54.924	10.9156	0.4424	0.0	0.0349	
54.924	10.9156	0.4424	0.0	0.0262	
54.924	10.9156	0.4424	0.0	0.0175	
54.924	10.9156	0.4424	0.0	0.0087	
54.924	10.9156	0.4424	0.0	0.0	
54.924	10.9156	0.4424	0.0	-0.0087	
54.924	10.9156	0.4424	0.0	-0.0175	
54.924	10.9156	0.4424	0.0	-0.0262	
54.924	10.9156	0.4424	0.0	-0.0349	
54.924	10.9156	0.4424	0.0	-0.0436	
54.924	10.9156	0.4424	0.0	-0.0524	
54.924	10.9156	0.4424	0.0	-0.0611	
54.924	10.9156	0.4424	0.0	-0.0698	
54.924	10.9156	0.4424	0.0	-0.0785	
54.924	10.9156	0.4424	0.0	-0.0873	
54.924	10.9156	0.4424	0.0	-0.0785	
54.924	10.9156	0.4424	0.0	-0.0698	
54.924	10.9156	0.4424	0.0	-0.0611	
54.924	10.9156	0.4424	0.0	-0.0524	
54.924	10.9156	0.4424	0.0	-0.0436	
54.924	10.9156	0.4424	0.0	-0.0349	
54.924	10.9156	0.4424	0.0	-0.0262	
54.924	10.9156	0.4424	0.0	-0.0175	
54.924	10.9156	0.4424	0.0	-0.0087	
54.924	10.9156	0.4424	0.0	0.0	
54.924	10.9156	0.4424	0.0	-0.0087	
54.924	10.9156	0.4424	0.0	-0.0175	
54.924	10.9156	0.4424	0.0	-0.0262	
54.924	10.9156	0.4424	0.0	-0.0349	
54.924	10.9156	0.4424	0.0	-0.0436	
54.924	10.9156	0.4424	0.0	-0.0524	
54.924	10.9156	0.4424	0.0	-0.0611	
54.924	10.9156	0.4424	0.0	-0.0698	
54.924	10.9156	0.4424	0.0	-0.0785	
54.924	10.9156	0.4424	0.0	-0.0873	
54.971	10.9326	0.4405	0.5	-0.096	
55.0655	10.9655	0.4363	1.0	-0.1047	
55.2077	11.0131	0.4295	1.5	-0.1134	
55.3983	11.0736	0.4197	2.0	-0.1222	
55.638	11.1448	0.4067	2.5	-0.1309	
55.9059	11.2182	0.3912	2.7778	-0.1396	
56.1755	11.285	0.3748	2.7778	-0.1484	
56.4468	11.345	0.3574	2.7778	-0.1571	
56.7194	11.3979	0.3391	2.7778	-0.1658	
56.9935	11.4434	0.3198	2.7778	-0.1745	
57.229	11.4757	0.3025	2.3778	-0.1833	
57.4256	11.4975	0.2874	1.9778	-0.192	
57.5828	11.5112	0.2748	1.5778	-0.2007	
57.7003	11.5189	0.265	1.1778	-0.2094	
57.778	11.5225	0.2583	0.7778	-0.2182	
57.8158	11.5237	0.2549	0.3778	-0.2269	
57.8158	11.5237	0.2549	0.0	-0.2356	
57.8158	11.5237	0.2549	0.0	-0.2443	
57.8158	11.5237	0.2549	0.0	-0.2531	
57.8158	11.5237	0.2549	0.0	-0.2618	
57.8158	11.5237	0.2549	0.0	-0.2705	
57.8158	11.5237	0.2549	0.0	-0.2793	
57.8158	11.5237	0.2549	0.0	-0.288	
57.8158	11.5237	0.2549	0.0	-0.2967	
57.8158	11.5237	0.2549	0.0	-0.3054	
57.8158	11.5237	0.2549	0.0	-0.3142	
57.8158	11.5237	0.2549	0.0	-0.3229	
57.8158	11.5237	0.2549	0.0	-0.3316	
57.8158	11.5237	0.2549	0.0	-0.3403	
57.8158	11.5237	0.2549	0.0	-0.3491	
57.8158	11.5237	0.2549	0.0	-0.3578	
57.8158	11.5237	0.2549	0.0	-0.3665	
57.8158	11.5237	0.2549	0.0	-0.3752	
57.8158	11.5237	0.2549	0.0	-0.384	
57.8158	11.5237	0.2549	0.0	-0.3927	
57.8158	11.5237	0.2549	0.0	-0.4014	
57.8158	11.5237	0.2549	0.0	-0.4102	
57.8158	11.5237	0.2549	0.0	-0.4189	
57.8158	11.5237	0.2549	0.0	-0.4276	
57.8158	11.5237	0.2549	0.0	-0.4363	
57.8158	11.5237	0.2549	0.0	-0.4451	
57.8158	11.5237	0.2549	0.0	-0.4538	
57.8158	11.5237	0.2549	0.0	-0.4625	
57.8158	11.5237	0.2549	0.0	-0.4712	
57.8158	11.5237	0.2549	0.0	-0.48	
57.8158	11.5237	0.2549	0.0	-0.4887	
57.8158	11.5237	0.2549	0.0	-0.4974	
57.8158	11.5237	0.2549	0.0	-0.5061	
57.8158	11.5237	0.2549	0.0	-0.5149	
57.8158	11.5237	0.2549	0.0	-0.5236	
57.864	11.5104	0.2449	0.5	-0.5236	
57.9601	11.4829	0.2249	1.0	-0.5236	
58.1035	11.4388	0.1949	1.5	-0.5236	
58.2928	11.3742	0.1549	2.0	-0.5236	
58.526	11.2841	0.1049	2.5	-0.5236	
58.7797	11.1711	0.0493	2.7778	-0.5236	
59.0269	11.0443	-0.0063	2.7778	-0.5236	
59.2665	10.9039	-0.0618	2.7778	-0.5236	
59.4981	10.7504	-0.1174	2.7778	-0.5236	
59.7207	10.5843	-0.1729	2.7778	-0.5236	
-1
66.8944	6.9991	-3.1412	1.0556	0.0087	
66.7389	6.9963	-3.1401	1.5556	0.0175	
66.5334	6.9906	-3.138	2.0556	0.0262	
66.2781	6.9808	-3.1344	2.5556	0.0349	
66.0007	6.9667	-3.1296	2.7778	0.0436	
65.7235	6.9488	-3.1238	2.7778	0.0524	
65.4465	6.9269	-3.117	2.7778	0.0611	
65.17	6.9007	-3.1092	2.7778	0.0698	
64.8939	6.87	-3.1005	2.7778	0.0785	
64.6184	6.8344	-3.0908	2.7778	0.0873	
64.373	6.8003	-3.0822	2.4778	0.0873	
64.1576	6.7685	-3.0746	2.1778	0.0873	
63.972	6.7396	-3.068	1.8778	0.0873	
63.8163	6.7144	-3.0625	1.5778	0.0873	
63.6903	6.6932	-3.0581	1.2778	0.0873	
63.5939	6.6766	-3.0547	0.9778	0.0873	
63.5272	6.6649	-3.0523	0.6778	0.0873	
63.49	6.6582	-3.051	0.3778	0.0873	
63.4823	6.6568	-3.0507	0.0778	0.0873	
63.4823	6.6568	-3.0507	0.0	0.0873	
63.4725	6.655	-3.0503	0.1	0.096	
63.4529	6.6511	-3.0495	0.2	0.1047	
63.4235	6.645	-3.0482	0.3	0.1134	
63.3844	6.6364	-3.0462	0.4	0.1222	
63.3357	6.6252	-3.0436	0.5	0.1309	
63.2774	6.6111	-3.0403	0.6	0.1396	
63.2096	6.5938	-3.0361	0.7	0.1484	
63.1323	6.573	-3.0311	0.8	0.1571	
63.0457	6.5485	-3.0252	0.9	0.1658	
62.9499	6.5198	-3.0182	1.0	0.1745	
62.8546	6.4896	-3.0109	1.0	0.1833	
62.7597	6.4579	-3.0033	1.0	0.192	
62.6654	6.4246	-2.9953	1.0	0.2007	
62.5717	6.3898	-2.987	1.0	0.2094	
62.4786	6.3534	-2.9783	1.0	0.2182	
62.3861	6.3154	-2.9694	1.0	0.2269	
62.2943	6.2757	-2.96	1.0	0.2356	
62.2032	6.2344	-2.9503	1.0	0.2443	
62.1129	6.1914	-2.9403	1.0	0.2531	
62.0235	6.1467	-2.93	1.0	0.2618	
61.926	6.0957	-2.9182	1.1	0.2705	
61.8208	6.0379	-2.905	1.2	0.2793	
61.7083	5.9728	-2.8902	1.3	0.288	
61.5888	5.8998	-2.8738	1.4	0.2967	
61.4628	5.8185	-2.8558	1.5	0.3054	
61.3307	5.7282	-2.836	1.6	0.3142	
61.1932	5.6282	-2.8144	1.7	0.3229	
61.0509	5.518	-2.791	1.8	0.3316	
60.9045	5.3969	-2.7656	1.9	0.3403	
60.7548	5.2643	-2.7383	2.0	0.3491	
60.5796	5.1003	-2.7054	2.4	0.3491	
60.3831	4.9039	-2.6674	2.7778	0.3491	
60.1943	4.7002	-2.6294	2.7778	0.3491	
60.0133	4.4895	-2.5914	2.7778	0.3491	
59.8404	4.272	-2.5534	2.7778	0.3491	
59.676	4.0482	-2.5154	2.7778	0.3491	
79	48	0.0	2.7778	0.3491	
79.261	48.095	0.038	2.7778	0.3491	
79.5183	48.1999	0.076	2.7778	0.3491	
79.7713	48.3144	0.114	2.7778	0.3491	
79.9742	48.4179	0.1459	2.2778	0.3578	
80.1291	48.5051	0.1714	1.7778	0.3665	
80.2383	48.5715	0.1901	1.2778	0.3752	
80.3036	48.6138	0.2018	0.7778	0.384	
80.3266	48.6293	0.206	0.2778	0.3927	
80.3266	48.6293	0.206	0.0	0.4014	
80.3266	48.6293	0.206	0.0	0.4102	
80.3266	48.6293	0.206	0.0	0.4189	
80.3266	48.6293	0.206	0.0	0.4276	
80.3266	48.6293	0.206	0.0	0.4363	
80.3266	48.6293	0.206	0.0	0.4363	
80.3266	48.6293	0.206	0.0	0.4363	
80.3266	48.6293	0.206	0.0	0.4363	
80.3266	48.6293	0.206	0.0	0.4363	
80.3266	48.6293	0.206	0.0	0.4363	
80.3266	48.6293	0.206	0.0	0.4363	
80.3266	48.6293	0.206	0.0	0.4363	
80.3266	48.6293	0.206	0.0	0.4363	
80.3266	48.6293	0.206	0.0	0.4363	
80.3266	48.6293	0.206	0.0	0.4363	
80.3266	48.6293	0.206	0.0	0.4363	
80.3266	48.6293	0.206	0.0	0.4363	
80.3266	48.6293	0.206	0.0	0.4363	
80.3266	48.6293	0.206	0.0	0.4363	
80.3266	48.6293	0.206	0.0	0.4363	
80.3266	48.6293	0.206	0.0	0.4363	
80.3266	48.6293	0.206	0.0	0.4363	
80.3266	48.6293	0.206	0.0	0.4363	
80.3266	48.6293	0.206	0.0	0.4363	
80.3266	48.6293	0.206	0.0	0.4363	
80.3506	48.6473	0.2111	0.3	0.4363	
80.3985	48.6835	0.2213	0.6	0.4363	
80.4697	48.7385	0.2365	0.9	0.4363	
80.5636	48.8133	0.2568	1.2	0.4363	
80.679	48.9091	0.2821	1.5	0.4363	
80.8145	49.0276	0.3125	1.8	0.4363	
80.9683	49.1706	0.348	2.1	0.4363	
81.1382	49.3401	0.3886	2.4	0.4363	
81.3214	49.5384	0.4343	2.7	0.4363	
81.5004	49.7508	0.4812	2.7778	0.4363	
81.665	49.962	0.5256	2.6778	0.4276	
81.8161	50.1709	0.5676	2.5778	0.4189	
81.9546	50.3764	0.6071	2.4778	0.4102	
82.0813	50.5775	0.6442	2.3778	0.4014	
82.1972	50.7736	0.6791	2.2778	0.3927	
82.3031	50.9639	0.7117	2.1778	0.384	
82.3998	51.1478	0.7422	2.0778	0.3752	
82.4879	51.3249	0.7706	1.9778	0.3665	
82.5683	51.4946	0.7969	1.8778	0.3578	
82.6416	51.6566	0.8212	1.7778	0.3491	
82.7203	51.838	0.8476	1.9778	0.3403	
82.8034	52.0393	0.876	2.1778	0.3316	
82.8899	52.2608	0.9061	2.3778	0.3229	
82.9784	52.5029	0.938	2.5778	0.3142	
83.0677	52.7659	0.9714	2.7778	0.3054	
83.1505	53.0311	1.0039	2.7778	0.2967	
83.227	53.2981	1.0355	2.7778	0.288	
83.2973	53.5668	1.0661	2.7778	0.2793	
83.3618	53.837	1.0958	2.7778	0.2705	
83.4206	54.1085	1.1245	2.7778	0.2618	
83.4643	54.3321	1.1473	2.2778	0.2531	
83.496	54.507	1.1645	1.7778	0.2443	
83.5177	54.6329	1.1765	1.2778	0.2356	
83.5306	54.7096	1.1835	0.7778	0.2269	
83.5353	54.737	1.1859	0.2778	0.2182	
83.5353	54.737	1.1859	0.0	0.2094	
83.5353	54.737	1.1859	0.0	0.2007	
83.5353	54.737	1.1859	0.0	0.192	
83.5353	54.737	1.1859	0.0	0.1833	
83.5353	54.737	1.1859	0.0	0.1745	
83.5353	54.737	1.1859	0.0	0.1833	
83.5353	54.737	1.1859	0.0	0.192	
83.5353	54.737	1.1859	0.0	0.2007	
83.5353	54.737	1.1859	0.0	0.2094	
83.5353	54.737	1.1859	0.0	0.2182	
83.5353	54.737	1.1859	0.0	0.2269	
83.5353	54.737	1.1859	0.0	0.2356	
83.5353	54.737	1.1859	0.0	0.2443	
83.5353	54.737	1.1859	0.0	0.2531	
83.5353	54.737	1.1859	0.0	0.2618	
83.5353	54.737	1.1859	0.0	0.2618	
83.5353	54.737	1.1859	0.0	0.2618	
83.5353	54.737	1.1859	0.0	0.2618	
83.5353	54.737	1.1859	0.0	0.2618	
83.5353	54.737	1.1859	0.0	0.2618	
83.5353	54.737	1.1859	0.0	0.2618	
83.5353	54.737	1.1859	0.0	0.2618	
83.5353	54.737	1.1859	0.0	0.2618	
83.5353	54.737	1.1859	0.0	0.2618	
83.5353	54.737	1.1859	0.0	0.2618	
83.5353	54.737	1.1859	0.0	0.2705	
83.5353	54.737	1.1859	0.0	0.2793	
83.5353	54.737	1.1859	0.0	0.288	
83.5353	54.737	1.1859	0.0	0.2967	
83.5353	54.737	1.1859	0.0	0.3054	
83.5353	54.737	1.1859	0.0	0.3142	
83.5353	54.737	1.1859	0.0	0.3229	
83.5353	54.737	1.1859	0.0	0.3316	
83.5353	54.737	1.1859	0.0	0.3403	
83.5353	54.737	1.1859	0.0	0.3491	
83.5353	54.737	1.1859	0.0	0.3578	
83.5353	54.737	1.1859	0.0	0.3665	
83.5353	54.737	1.1859	0.0	0.3752	
83.5353	54.737	1.1859	0.0	0.384	
83.5353	54.737	1.1859	0.0	0.3927	
83.5353	54.737	1.1859	0.0	0.4014	
83.5353	54.737	1.1859	0.0	0.4102	
83.5353	54.737	1.1859	0.0	0.4189	
83.5353	54.737	1.1859	0.0	0.4276	
83.5353	54.737	1.1859	0.0	0.4363	
83.5353	54.737	1.1859	0.0	0.4363	
83.5353	54.737	1.1859	0.0	0.4363	
83.5353	54.737	1.1859	0.0	0.4363	
83.5353	54.737	1.1859	0.0	0.4363	
83.5353	54.737	1.1859	0.0	0.4363	
83.5353	54.737	1.1859	0.0	0.4363	
83.5353	54.737	1.1859	0.0	0.4363	
83.5353	54.737	1.1859	0.0	0.4363	
83.5353	54.737	1.1859	0.0	0.4363	
83.5353	54.737	1.1859	0.0	0.4363	
83.5333	54.7769	1.1926	0.4	0.4363	
83.5286	54.8568	1.2062	0.8	0.4363	
83.52	54.9765	1.2265	1.2	0.4363	
83.5053	55.1358	1.2535	1.6	0.4363	
83.4816	55.3344	1.2873	2.0	0.4363	
83.445	55.5716	1.3279	2.4	0.4363	
83.3916	55.8442	1.3748	2.7778	0.4363	
52	52	0.0	2.7778	0.4363	
52.2518	52.1174	0.047	2.7778	0.4363	
52.4977	52.2465	0.0939	2.7778	0.4363	
52.7275	52.3839	0.14	2.6778	0.4451	
52.9412	52.5281	0.1852	2.5778	0.4538	
53.1388	52.6777	0.2295	2.4778	0.4625	
53.3205	52.831	0.2726	2.3778	0.4712	
53.4868	52.9867	0.3147	2.2778	0.48	
53.638	53.1434	0.3556	2.1778	0.4887	
53.7746	53.2999	0.3953	2.0778	0.4974	
53.8974	53.455	0.4336	1.9778	0.5061	
54.0068	53.6076	0.4706	1.8778	0.5149	
54.1037	53.7566	0.5062	1.7778	0.5236	
54.2175	53.9423	0.549	2.1778	0.5149	
54.3446	54.1666	0.599	2.5778	0.5061	
54.4715	54.4137	0.6521	2.7778	0.4974	
54.5873	54.6662	0.7042	2.7778	0.4887	
54.6921	54.9234	0.7555	2.7778	0.48	
54.7857	55.1849	0.806	2.7778	0.4712	
54.8685	55.4501	0.8555	2.7778	0.4625	
54.9403	55.7184	0.9043	2.7778	0.4538	
55.0013	55.9894	0.9521	2.7778	0.4451	
94	16	3.1416	2.7778	0.4363	
93.7472	15.8848	-3.0955	2.7778	0.4276	
93.4989	15.7603	-3.0503	2.7778	0.4189	
93.2554	15.6267	-3.006	2.7778	0.4102	
93.0167	15.4846	-2.9626	2.7778	0.4014	
92.7831	15.3343	-2.9201	2.7778	0.3927	
92.5547	15.1762	-2.8785	2.7778	0.384	
92.3316	15.0107	-2.8377	2.7778	0.3752	
92.1139	14.8381	-2.7979	2.7778	0.3665	
91.9017	14.6589	-2.759	2.7778	0.3578	
91.6951	14.4733	-2.721	2.7778	0.3491	
91.5258	14.3063	-2.6877	2.3778	0.3578	
91.3909	14.1617	-2.6593	1.9778	0.3665	
91.2876	14.0424	-2.6362	1.5778	0.3752	
91.2135	13.9509	-2.6186	1.1778	0.384	
91.1661	13.8892	-2.6067	0.7778	0.3927	
91.1437	13.8588	-2.6008	0.3778	0.4014	
91.1437	13.8588	-2.6008	0.0	0.4102	
91.1437	13.8588	-2.6008	0.0	0.4189	
91.1437	13.8588	-2.6008	0.0	0.4276	
91.1437	13.8588	-2.6008	0.0	0.4363	
91.1326	13.8421	-2.5973	0.2	0.4451	
91.111	13.8085	-2.5903	0.4	0.4538	
91.0792	13.7576	-2.5796	0.6	0.4625	
91.0383	13.6889	-2.5651	0.8	0.4712	
90.9891	13.6018	-2.5466	1.0	0.48	
90.9329	13.4957	-2.5241	1.2	0.4887	
90.8713	13.37	-2.4973	1.4	0.4974	
90.806	13.224	-2.4663	1.6	0.5061	
90.7391	13.0569	-2.4309	1.8	0.5149	
90.6731	12.8681	-2.3909	2.0	0.5236	
90.6176	12.6864	-2.3529	1.9	0.5236	
90.5716	12.5123	-2.3169	1.8	0.5236	
90.5341	12.3465	-2.2829	1.7	0.5236	
90.5041	12.1894	-2.2509	1.6	0.5236	
90.4807	12.0412	-2.2209	1.5	0.5236	
90.4631	11.9023	-2.1929	1.4	0.5236	
90.4503	11.7729	-2.1669	1.3	0.5236	
90.4416	11.6533	-2.1429	1.2	0.5236	
90.4363	11.5434	-2.1209	1.1	0.5236	
90.4336	11.4434	-2.1009	1.0	0.5236	
90.433	11.3434	-2.0809	1.0	0.5236	
90.4343	11.2434	-2.0609	1.0	0.5236	
90.4377	11.1435	-2.0409	1.0	0.5236	
90.443	11.0436	-2.0209	1.0	0.5236	
90.4504	10.9439	-2.0009	1.0	0.5236	
90.4597	10.8443	-1.9809	1.0	0.5236	
90.4711	10.745	-1.9609	1.0	0.5236	
90.4844	10.6459	-1.9409	1.0	0.5236	
90.4997	10.547	-1.9209	1.0	0.5236	
90.5169	10.4485	-1.9009	1.0	0.5236	
90.528	10.3896	-1.889	0.6	0.5149	
90.5317	10.3699	-1.8852	0.2	0.5061	
90.5317	10.3699	-1.8852	0.0	0.4974	
90.5317	10.3699	-1.8852	0.0	0.4887	
90.5317	10.3699	-1.8852	0.0	0.48	
90.5317	10.3699	-1.8852	0.0	0.4712	
90.5317	10.3699	-1.8852	0.0	0.4625	
90.5317	10.3699	-1.8852	0.0	0.4538	
90.5317	10.3699	-1.8852	0.0	0.4451	
90.5317	10.3699	-1.8852	0.0	0.4363	
90.5317	10.3699	-1.8852	0.0	0.4363	
90.5317	10.3699	-1.8852	0.0	0.4363	
90.5317	10.3699	-1.8852	0.0	0.4363	
90.5317	10.3699	-1.8852	0.0	0.4363	
90.5317	10.3699	-1.8852	0.0	0.4363	
90.5317	10.3699	-1.8852	0.0	0.4363	
90.5317	10.3699	-1.8852	0.0	0.4363	
90.5317	10.3699	-1.8852	0.0	0.4363	
90.5317	10.3699	-1.8852	0.0	0.4363	
90.5317	10.3699	-1.8852	0.0	0.4363	
90.5317	10.3699	-1.8852	0.0	0.4363	
90.5317	10.3699	-1.8852	0.0	0.4363	
90.5317	10.3699	-1.8852	0.0	0.4363	
90.5317	10.3699	-1.8852	0.0	0.4363	
90.5317	10.3699	-1.8852	0.0	0.4363	
90.5317	10.3699	-1.8852	0.0	0.4363	
90.5317	10.3699	-1.8852	0.0	0.4363	
90.5317	10.3699	-1.8852	0.0	0.4363	
90.5317	10.3699	-1.8852	0.0	0.4363	
90.5317	10.3699	-1.8852	0.0	0.4363	
90.5339	10.3501	-1.8818	0.2	0.4276	
90.5383	10.3103	-1.8753	0.4	0.4189	
90.5446	10.2506	-1.8658	0.6	0.4102	
90.5531	10.1711	-1.8533	0.8	0.4014	
90.5641	10.0717	-1.838	1.0	0.3927	
90.5781	9.9525	-1.82	1.2	0.384	
90.5957	9.8136	-1.7994	1.4	0.3752	
90.6177	9.6551	-1.7765	1.6	0.3665	
90.6449	9.4772	-1.7513	1.8	0.3578	
90.6785	9.28	-1.7239	2.0	0.3491	
90.7293	9.0353	-1.6889	2.5	0.3578	
90.7976	8.766	-1.6491	2.7778	0.3665	
90.8789	8.5004	-1.6084	2.7778	0.3752	
90.9732	8.2391	-1.5667	2.7778	0.384	
91.0805	7.9829	-1.5242	2.7778	0.3927	
91.2008	7.7325	-1.4808	2.7778	0.4014	
91.334	7.4888	-1.4365	2.7778	0.4102	
91.48	7.2524	-1.3913	2.7778	0.4189	
91.6384	7.0243	-1.3452	2.7778	0.4276	
91.8092	6.8052	-1.2983	2.7778	0.4363	
91.9624	6.6233	-1.2588	2.3778	0.4276	
92.0944	6.4761	-1.2267	1.9778	0.4189	
92.2024	6.3611	-1.2015	1.5778	0.4102	
92.2845	6.2766	-1.1831	1.1778	0.4014	
92.3392	6.2213	-1.1712	0.7778	0.3927	
92.3659	6.1945	-1.1655	0.3778	0.384	
92.3659	6.1945	-1.1655	0.0	0.3752	
92.3659	6.1945	-1.1655	0.0	0.3665	
92.3659	6.1945	-1.1655	0.0	0.3578	
92.3659	6.1945	-1.1655	0.0	0.3491	
92.3726	6.1872	-1.1642	0.1	0.3403	
92.3861	6.1724	-1.1616	0.2	0.3316	
92.4062	6.1501	-1.1578	0.3	0.3229	
92.4328	6.1202	-1.1528	0.4	0.3142	
92.4658	6.0827	-1.1468	0.5	0.3054	
92.5054	6.0377	-1.1398	0.6	0.2967	
92.5515	5.985	-1.1318	0.7	0.288	
92.6042	5.9247	-1.123	0.8	0.2793	
92.6634	5.857	-1.1134	0.9	0.2705	
92.7293	5.7817	-1.1031	1.0	0.2618	
92.8033	5.7004	-1.0913	1.1	0.2705	
92.8859	5.6133	-1.0781	1.2	0.2793	
92.9774	5.5209	-1.0633	1.3	0.288	
93.0782	5.4238	-1.0469	1.4	0.2967	
93.1888	5.3225	-1.0289	1.5	0.3054	
93.3097	5.2177	-1.0091	1.6	0.3142	
93.4412	5.1099	-0.9875	1.7	0.3229	
93.5839	5.0002	-0.9641	1.8	0.3316	
93.7381	4.8892	-0.9387	1.9	0.3403	
93.9043	4.778	-0.9114	2.0	0.3491	
94.0914	4.6623	-0.8805	2.2	0.3578	
94.3004	4.5443	-0.8461	2.4	0.3665	
94.5321	4.4264	-0.808	2.6	0.3752	
94.7853	4.3121	-0.7664	2.7778	0.384	
95.0439	4.2107	-0.7239	2.7778	0.3927	
95.3074	4.1226	-0.6805	2.7778	0.4014	
95.5751	4.0485	-0.6362	2.7778	0.4102	
31	53	1.5708	2.7778	0.4189	
30.8848	53.2528	1.6169	2.7778	0.4276	
30.7559	53.4988	1.6638	2.7778	0.4363	
30.629	53.7116	1.7065	2.4778	0.4451	
30.5079	53.8926	1.7447	2.1778	0.4538	
30.3963	54.0436	1.7782	1.8778	0.4625	
30.2972	54.1665	1.8069	1.5778	0.4712	
30.2134	54.2629	1.8305	1.2778	0.48	
30.1468	54.3345	1.8488	0.9778	0.4887	
30.0994	54.3829	1.8618	0.6778	0.4974	
30.0724	54.4093	1.8691	0.3778	0.5061	
30.0667	54.4147	1.8706	0.0778	0.5149	
30.0667	54.4147	1.8706	0.0	0.5236	
30.0594	54.4215	1.8726	0.1	0.5149	
30.045	54.4353	1.8765	0.2	0.5061	
30.0234	54.4562	1.8822	0.3	0.4974	
29.9947	54.484	1.8897	0.4	0.4887	
29.9589	54.5189	1.8989	0.5	0.48	
29.9159	54.5608	1.9098	0.6	0.4712	
29.8656	54.6094	1.9223	0.7	0.4625	
29.8079	54.6649	1.9363	0.8	0.4538	
29.7427	54.7269	1.9518	0.9	0.4451	
29.6697	54.7953	1.9687	1.0	0.4363	
29.6327	54.8289	1.9772	0.5	0.4363	
29.6327	54.8289	1.9772	0.0	0.4363	
29.6327	54.8289	1.9772	0.0	0.4363	
29.6327	54.8289	1.9772	0.0	0.4363	
29.6327	54.8289	1.9772	0.0	0.4363	
29.6327	54.8289	1.9772	0.0	0.4363	
29.6327	54.8289	1.9772	0.0	0.4363	
29.6327	54.8289	1.9772	0.0	0.4363	
29.6327	54.8289	1.9772	0.0	0.4363	
29.6327	54.8289	1.9772	0.0	0.4363	
29.6327	54.8289	1.9772	0.0	0.4363	
29.6327	54.8289	1.9772	0.0	0.4363	
29.6327	54.8289	1.9772	0.0	0.4363	
29.6327	54.8289	1.9772	0.0	0.4363	
29.6327	54.8289	1.9772	0.0	0.4363	
29.6327	54.8289	1.9772	0.0	0.4363	
29.6327	54.8289	1.9772	0.0	0.4363	
29.6327	54.8289	1.9772	0.0	0.4363	
29.6327	54.8289	1.9772	0.0	0.4363	
29.6327	54.8289	1.9772	0.0	0.4363	
29.6327	54.8289	1.9772	0.0	0.4363	
29.6327	54.8289	1.9772	0.0	0.4363	
29.6327	54.8289	1.9772	0.0	0.4363	
29.6327	54.8289	1.9772	0.0	0.4363	
29.6327	54.8289	1.9772	0.0	0.4363	
29.6327	54.8289	1.9772	0.0	0.4363	
29.6327	54.8289	1.9772	0.0	0.4363	
29.6327	54.8289	1.9772	0.0	0.4363	
29.6327	54.8289	1.9772	0.0	0.4363	
29.6327	54.8289	1.9772	0.0	0.4363	
-1
74.9983	17.8078	-1.5715	1.9222	-0.0087	
74.9954	17.6456	-1.5726	1.6222	-0.0175	
74.9917	17.5134	-1.574	1.3222	-0.0262	
74.9878	17.4113	-1.5754	1.0222	-0.0349	
74.9843	17.3391	-1.5767	0.7222	-0.0436	
74.9818	17.297	-1.5776	0.4222	-0.0524	
74.981	17.2848	-1.5779	0.1222	-0.0611	
74.981	17.2848	-1.5779	0.0	-0.0698	
74.981	17.2848	-1.5779	0.0	-0.0785	
74.981	17.2848	-1.5779	0.0	-0.0873	
74.9801	17.2748	-1.5782	0.1	-0.0873	
74.9782	17.2549	-1.5789	0.2	-0.0873	
74.9753	17.2251	-1.5799	0.3	-0.0873	
74.9715	17.1852	-1.5813	0.4	-0.0873	
74.9666	17.1355	-1.5831	0.5	-0.0873	
74.9606	17.0758	-1.5852	0.6	-0.0873	
74.9535	17.0061	-1.5876	0.7	-0.0873	
74.9452	16.9266	-1.5904	0.8	-0.0873	
74.9356	16.8371	-1.5935	0.9	-0.0873	
74.9246	16.7377	-1.597	1.0	-0.0873	
74.9163	16.6581	-1.5995	0.8	-0.0785	
74.9104	16.5984	-1.6012	0.6	-0.0698	
74.9067	16.5586	-1.6022	0.4	-0.0611	
74.905	16.5387	-1.6026	0.2	-0.0524	
74.905	16.5387	-1.6026	0.0	-0.0436	
74.905	16.5387	-1.6026	0.0	-0.0349	
74.905	16.5387	-1.6026	0.0	-0.0262	
74.905	16.5387	-1.6026	0.0	-0.0175	
74.905	16.5387	-1.6026	0.0	-0.0087	
74.905	16.5387	-1.6026	0.0	0.0	
74.905	16.5387	-1.6026	0.0	0.0087	
74.905	16.5387	-1.6026	0.0	0.0175	
74.905	16.5387	-1.6026	0.0	0.0262	
74.905	16.5387	-1.6026	0.0	0.0349	
74.905	16.5387	-1.6026	0.0	0.0436	
74.905	16.5387	-1.6026	0.0	0.0524	
74.905	16.5387	-1.6026	0.0	0.0611	
74.905	16.5387	-1.6026	0.0	0.0698	
74.905	16.5387	-1.6026	0.0	0.0785	
74.905	16.5387	-1.6026	0.0	0.0873	
74.9062	16.5187	-1.6019	0.2	0.0873	
74.9084	16.4788	-1.6005	0.4	0.0873	
74.9118	16.4189	-1.5984	0.6	0.0873	
74.9166	16.339	-1.5956	0.8	0.0873	
74.9229	16.2392	-1.5921	1.0	0.0873	
74.9308	16.1195	-1.588	1.2	0.0873	
74.9406	15.9798	-1.5831	1.4	0.0873	
74.9525	15.8202	-1.5775	1.6	0.0873	
74.967	15.6408	-1.5712	1.8	0.0873	
74.9844	15.4416	-1.5643	2.0	0.0873	
74.998	15.2822	-1.5592	1.6	0.0785	
75.0077	15.1626	-1.5559	1.2	0.0698	
75.0138	15.0828	-1.5539	0.8	0.0611	
75.0166	15.0429	-1.5531	0.4	0.0524	
75.0166	15.0429	-1.5531	0.0	0.0436	
75.0166	15.0429	-1.5531	0.0	0.0349	
75.0166	15.0429	-1.5531	0.0	0.0262	
75.0166	15.0429	-1.5531	0.0	0.0175	
75.0166	15.0429	-1.5531	0.0	0.0087	
75.0166	15.0429	-1.5531	0.0	0.0	
75.0167	15.0229	-1.5532	0.2	-0.0087	
75.0168	14.9829	-1.5534	0.4	-0.0175	
75.0162	14.9229	-1.5541	0.6	-0.0262	
75.0148	14.8429	-1.5552	0.8	-0.0349	
75.012	14.7429	-1.5569	1.0	-0.0436	
75.0073	14.623	-1.5595	1.2	-0.0524	
75.0004	14.4832	-1.5629	1.4	-0.0611	
74.9905	14.3235	-1.5673	1.6	-0.0698	
74.977	14.144	-1.573	1.8	-0.0785	
74.9591	13.9448	-1.58	2.0	-0.0873	
74.9416	13.7456	-1.5862	2.0	-0.0785	
74.9246	13.5463	-1.5918	2.0	-0.0698	
74.9082	13.347	-1.5967	2.0	-0.0611	
74.8925	13.1476	-1.6009	2.0	-0.0524	
74.8778	12.9481	-1.6044	2.0	-0.0436	
74.8641	12.7486	-1.6072	2.0	-0.0349	
74.8516	12.549	-1.6093	2.0	-0.0262	
74.8404	12.3493	-1.6107	2.0	-0.0175	
74.8307	12.1495	-1.6114	2.0	-0.0087	
74.8226	11.9497	-1.6114	2.0	0.0	
74.8149	11.7599	-1.6114	1.9	0.0	
74.8076	11.58	-1.6114	1.8	0.0	
74.8007	11.4102	-1.6114	1.7	0.0	
74.7942	11.2503	-1.6114	1.6	0.0	
74.7882	11.1004	-1.6114	1.5	0.0	
74.7825	10.9605	-1.6114	1.4	0.0	
74.7772	10.8306	-1.6114	1.3	0.0	
74.7723	10.7107	-1.6114	1.2	0.0	
74.7679	10.6008	-1.6114	1.1	0.0	
74.7638	10.5009	-1.6114	1.0	0.0	
74.7613	10.4209	-1.6111	0.8	0.0087	
74.7599	10.361	-1.6107	0.6	0.0175	
74.7594	10.321	-1.6102	0.4	0.0262	
74.7593	10.301	-1.61	0.2	0.0349	
74.7593	10.301	-1.61	0.0	0.0436	
74.7593	10.301	-1.61	0.0	0.0524	
74.7593	10.301	-1.61	0.0	0.0611	
74.7593	10.301	-1.61	0.0	0.0698	
74.7593	10.301	-1.61	0.0	0.0785	
74.7593	10.301	-1.61	0.0	0.0873	
74.7602	10.281	-1.6093	0.2	0.0873	
74.7622	10.241	-1.6079	0.4	0.0873	
74.7652	10.1811	-1.6058	0.6	0.0873	
74.7694	10.1012	-1.603	0.8	0.0873	
74.7749	10.0014	-1.5995	1.0	0.0873	
74.7819	9.8816	-1.5953	1.2	0.0873	
74.7907	9.7419	-1.5904	1.4	0.0873	
74.8015	9.5822	-1.5849	1.6	0.0873	
74.8147	9.4027	-1.5786	1.8	0.0873	
74.8305	9.2033	-1.5716	2.0	0.0873	
74.8448	9.054	-1.5659	1.5	0.096	
74.8557	8.9546	-1.5617	1.0	0.1047	
74.8619	8.905	-1.5594	0.5	0.1134	
74.8619	8.905	-1.5594	0.0	0.1222	
74.8619	8.905	-1.5594	0.0	0.1309	
74.8619	8.905	-1.5594	0.0	0.1396	
74.8619	8.905	-1.5594	0.0	0.1484	
74.8619	8.905	-1.5594	0.0	0.1571	
74.8619	8.905	-1.5594	0.0	0.1658	
74.8619	8.905	-1.5594	0.0	0.1745	
74.8619	8.905	-1.5594	0.0	0.1833	
74.8619	8.905	-1.5594	0.0	0.192	
74.8619	8.905	-1.5594	0.0	0.2007	
74.8619	8.905	-1.5594	0.0	0.2094	
74.8619	8.905	-1.5594	0.0	0.2182	
74.8619	8.905	-1.5594	0.0	0.2269	
74.8619	8.905	-1.5594	0.0	0.2356	
74.8619	8.905	-1.5594	0.0	0.2443	
74.8619	8.905	-1.5594	0.0	0.2531	
74.8619	8.905	-1.5594	0.0	0.2618	
74.8619	8.905	-1.5594	0.0	0.2618	
74.8619	8.905	-1.5594	0.0	0.2618	
74.8619	8.905	-1.5594	0.0	0.2618	
74.8619	8.905	-1.5594	0.0	0.2618	
74.8619	8.905	-1.5594	0.0	0.2618	
74.8619	8.905	-1.5594	0.0	0.2618	
74.8619	8.905	-1.5594	0.0	0.2618	
74.8619	8.905	-1.5594	0.0	0.2618	
74.8619	8.905	-1.5594	0.0	0.2618	
74.8619	8.905	-1.5594	0.0	0.2618	
74.8645	8.8953	-1.5584	0.1	0.2531	
74.8696	8.876	-1.5565	0.2	0.2443	
74.877	8.8469	-1.5537	0.3	0.2356	
74.8866	8.8081	-1.5501	0.4	0.2269	
74.8985	8.7595	-1.5457	0.5	0.2182	
74.9124	8.7012	-1.5408	0.6	0.2094	
74.9284	8.633	-1.5352	0.7	0.2007	
74.9465	8.5551	-1.5291	0.8	0.192	
74.9665	8.4674	-1.5225	0.9	0.1833	
74.9886	8.3698	-1.5156	1.0	0.1745	
75.0205	8.2335	-1.5058	1.4	0.1745	
75.0632	8.0586	-1.4933	1.8	0.1745	
75.1181	7.8456	-1.4781	2.2	0.1745	
75.1868	7.5948	-1.46	2.6	0.1745	
75.2649	7.3283	-1.4407	2.7778	0.1745	
75.3483	7.0633	-1.4214	2.7778	0.1745	
75.4367	6.8	-1.4021	2.7778	0.1745	
75.5301	6.5384	-1.3828	2.7778	0.1745	
75.6287	6.2787	-1.3635	2.7778	0.1745	
75.7322	6.0209	-1.3442	2.7778	0.1745	
75.8349	5.7844	-1.3254	2.5778	0.1833	
75.9356	5.5691	-1.3073	2.3778	0.192	
76.0331	5.3743	-1.2899	2.1778	0.2007	
76.1262	5.1998	-1.2735	1.9778	0.2094	
76.2138	5.0452	-1.2581	1.7778	0.2182	
76.2949	4.9098	-1.2439	1.5778	0.2269	
76.3684	4.7933	-1.231	1.3778	0.2356	
76.4333	4.695	-1.2196	1.1778	0.2443	
76.4889	4.6145	-1.2098	0.9778	0.2531	
76.5343	4.5514	-1.2018	0.7778	0.2618	
76.586	4.4805	-1.1927	0.8778	0.2618	
76.6444	4.4021	-1.1826	0.9778	0.2618	
76.7096	4.3163	-1.1714	1.0778	0.2618	
76.782	4.2233	-1.1592	1.1778	0.2618	
76.8617	4.1234	-1.146	1.2778	0.2618	
76.949	4.0169	-1.1317	1.3778	0.2618	
52	11	1.5708	1.4778	0.2618	
51.9592	11.1524	1.5871	1.5778	0.2618	
51.9131	11.3137	1.6045	1.6778	0.2618	
51.8613	11.4838	1.6229	1.7778	0.2618	
51.7986	11.6714	1.644	1.9778	0.2705	
51.7234	11.8758	1.6681	2.1778	0.2793	
51.6341	12.0961	1.6951	2.3778	0.288	
51.5287	12.3314	1.7252	2.5778	0.2967	
51.4055	12.5803	1.7586	2.7778	0.3054	
51.2718	12.8238	1.793	2.7778	0.3142	
51.1278	13.0613	1.8282	2.7778	0.3229	
50.9735	13.2923	1.8644	2.7778	0.3316	
50.8089	13.5161	1.9015	2.7778	0.3403	
50.6343	13.7321	1.9395	2.7778	0.3491	
50.4564	13.9323	1.977	2.6778	0.3578	
50.2765	14.1169	2.0139	2.5778	0.3665	
50.0956	14.2862	2.0503	2.4778	0.3752	
49.9149	14.4407	2.0859	2.3778	0.384	
49.7353	14.5809	2.1208	2.2778	0.3927	
49.558	14.7074	2.1548	2.1778	0.4014	
49.3838	14.8206	2.1879	2.0778	0.4102	
49.2137	14.9214	2.2201	1.9778	0.4189	
49.0483	15.0104	2.2513	1.8778	0.4276	
48.8886	15.0884	2.2813	1.7778	0.4363	
48.7533	15.148	2.3068	1.4778	0.4451	
48.644	15.1918	2.3274	1.1778	0.4538	
48.5616	15.2221	2.3431	0.8778	0.4625	
48.5069	15.2406	2.3536	0.5778	0.4712	
48.4804	15.249	2.3587	0.2778	0.48	
48.4804	15.249	2.3587	0.0	0.4887	
48.4804	15.249	2.3587	0.0	0.4974	
48.4804	15.249	2.3587	0.0	0.5061	
48.4804	15.249	2.3587	0.0	0.5149	
48.4804	15.249	2.3587	0.0	0.5236	
48.4804	15.249	2.3587	0.0	0.5149	
48.4804	15.249	2.3587	0.0	0.5061	
48.4804	15.249	2.3587	0.0	0.4974	
48.4804	15.249	2.3587	0.0	0.4887	
48.4804	15.249	2.3587	0.0	0.48	
48.4804	15.249	2.3587	0.0	0.4712	
48.4804	15.249	2.3587	0.0	0.4625	
48.4804	15.249	2.3587	0.0	0.4538	
48.4804	15.249	2.3587	0.0	0.4451	
48.4804	15.249	2.3587	0.0	0.4363	
48.4804	15.249	2.3587	0.0	0.4276	
48.4804	15.249	2.3587	0.0	0.4189	
48.4804	15.249	2.3587	0.0	0.4102	
48.4804	15.249	2.3587	0.0	0.4014	
48.4804	15.249	2.3587	0.0	0.3927	
48.4804	15.249	2.3587	0.0	0.384	
48.4804	15.249	2.3587	0.0	0.3752	
48.4804	15.249	2.3587	0.0	0.3665	
48.4804	15.249	2.3587	0.0	0.3578	
48.4804	15.249	2.3587	0.0	0.3491	
48.4804	15.249	2.3587	0.0	0.3403	
48.4804	15.249	2.3587	0.0	0.3316	
48.4804	15.249	2.3587	0.0	0.3229	
48.4804	15.249	2.3587	0.0	0.3142	
48.4804	15.249	2.3587	0.0	0.3054	
48.4804	15.249	2.3587	0.0	0.2967	
48.4804	15.249	2.3587	0.0	0.288	
48.4804	15.249	2.3587	0.0	0.2793	
48.4804	15.249	2.3587	0.0	0.2705	
48.4804	15.249	2.3587	0.0	0.2618	
48.4804	15.249	2.3587	0.0	0.2705	
48.4804	15.249	2.3587	0.0	0.2793	
48.4804	15.249	2.3587	0.0	0.288	
48.4804	15.249	2.3587	0.0	0.2967	
48.4804	15.249	2.3587	0.0	0.3054	
48.4804	15.249	2.3587	0.0	0.3142	
48.4804	15.249	2.3587	0.0	0.3229	
48.4804	15.249	2.3587	0.0	0.3316	
48.4804	15.249	2.3587	0.0	0.3403	
48.4804	15.249	2.3587	0.0	0.3491	
48.4531	15.2614	2.3629	0.3	0.3578	
48.3981	15.2855	2.3715	0.6	0.3665	
48.315	15.3201	2.3847	0.9	0.3752	
48.2033	15.3638	2.4027	1.2	0.384	
48.0622	15.4147	2.4257	1.5	0.3927	
47.891	15.4704	2.4538	1.8	0.4014	
47.6891	15.5279	2.4873	2.1	0.4102	
47.4557	15.5839	2.5263	2.4	0.4189	
47.1904	15.6343	2.5711	2.7	0.4276	
46.9151	15.6714	2.6181	2.7778	0.4363	
46.6382	15.6932	2.6659	2.7778	0.4451	
46.3605	15.6993	2.7146	2.7778	0.4538	
46.0829	15.6894	2.7642	2.7778	0.4625	
45.8063	15.6634	2.8146	2.7778	0.4712	
45.5318	15.6211	2.8659	2.7778	0.48	
45.2603	15.5623	2.9181	2.7778	0.4887	
44.9929	15.4872	2.9711	2.7778	0.4974	
44.7306	15.3957	3.025	2.7778	0.5061	
44.4746	15.288	3.0797	2.7778	0.5149	
44.2259	15.1642	3.1353	2.7778	0.5236	
43.9833	15.029	-3.0932	2.7778	0.5149	
43.7471	14.8827	-3.0393	2.7778	0.5061	
43.5178	14.7259	-2.9863	2.7778	0.4974	
43.2957	14.5592	-2.9342	2.7778	0.4887	
43.081	14.3829	-2.8829	2.7778	0.48	
42.874	14.1977	-2.8324	2.7778	0.4712	
42.6749	14.004	-2.7828	2.7778	0.4625	
42.4839	13.8023	-2.7341	2.7778	0.4538	
42.3011	13.5931	-2.6863	2.7778	0.4451	
42.1266	13.377	-2.6393	2.7778	0.4363	
41.9802	13.1771	-2.5974	2.4778	0.4363	
41.8589	12.9962	-2.5606	2.1778	0.4363	
41.7602	12.8364	-2.5289	1.8778	0.4363	
41.6816	12.6997	-2.5022	1.5778	0.4363	
41.6209	12.5872	-2.4806	1.2778	0.4363	
41.5763	12.5002	-2.4641	0.9778	0.4363	
41.5464	12.4394	-2.4526	0.6778	0.4363	
41.5301	12.4053	-2.4462	0.3778	0.4363	
41.5268	12.3982	-2.4449	0.0778	0.4363	
41.5268	12.3982	-2.4449	0.0	0.4363	
41.5225	12.3892	-2.4433	0.1	0.4276	
41.5137	12.3712	-2.44	0.2	0.4189	
41.5004	12.3444	-2.4352	0.3	0.4102	
41.4826	12.3086	-2.429	0.4	0.4014	
41.4601	12.2639	-2.4213	0.5	0.3927	
41.4331	12.2103	-2.4123	0.6	0.384	
41.4017	12.1478	-2.4021	0.7	0.3752	
41.3658	12.0763	-2.3906	0.8	0.3665	
41.3257	11.9957	-2.378	0.9	0.3578	
41.2814	11.906	-2.3643	1.0	0.3491	
41.2428	11.8248	-2.352	0.9	0.3491	
41.2092	11.7521	-2.3411	0.8	0.3491	
41.1806	11.6882	-2.3315	0.7	0.3491	
41.1566	11.6332	-2.3233	0.6	0.3491	
41.137	11.5872	-2.3164	0.5	0.3491	
41.1215	11.5504	-2.311	0.4	0.3491	
41.1101	11.5226	-2.3069	0.3	0.3491	
41.1026	11.5041	-2.3041	0.2	0.3491	
41.0988	11.4948	-2.3028	0.1	0.3491	
41.0988	11.4948	-2.3028	0.0	0.3491	
41.095	11.4856	-2.3014	0.1	0.3403	
41.0872	11.4672	-2.2988	0.2	0.3316	
41.0754	11.4396	-2.295	0.3	0.3229	
41.0595	11.4029	-2.2901	0.4	0.3142	
41.0393	11.3571	-2.2841	0.5	0.3054	
41.0151	11.3023	-2.277	0.6	0.2967	
40.9866	11.2383	-2.2691	0.7	0.288	
40.9541	11.1652	-2.2603	0.8	0.2793	
40.9175	11.083	-2.2506	0.9	0.2705	
40.8769	10.9916	-2.2403	1.0	0.2618	
40.8531	10.9365	-2.2341	0.6	0.2618	
40.8453	10.9181	-2.232	0.2	0.2618	
40.8453	10.9181	-2.232	0.0	0.2618	
40.8453	10.9181	-2.232	0.0	0.2618	
40.8453	10.9181	-2.232	0.0	0.2618	
40.8453	10.9181	-2.232	0.0	0.2618	
40.8453	10.9181	-2.232	0.0	0.2618	
40.8453	10.9181	-2.232	0.0	0.2618	
40.8453	10.9181	-2.232	0.0	0.2618	
40.8453	10.9181	-2.232	0.0	0.2618	
40.8262	10.8719	-2.2267	0.5	0.2705	
40.7895	10.7789	-2.2156	1.0	0.2793	
40.7371	10.6383	-2.1986	1.5	0.288	
40.672	10.4492	-2.1752	2.0	0.2967	
40.5984	10.2103	-2.1451	2.5	0.3054	
40.5269	9.9419	-2.1108	2.7778	0.3142	
40.4671	9.6706	-2.0755	2.7778	0.3229	
40.4193	9.397	-2.0394	2.7778	0.3316	
40.3837	9.1215	-2.0023	2.7778	0.3403	
40.3609	8.8446	-1.9643	2.7778	0.3491	
40.352	8.597	-1.9296	2.4778	0.3578	
40.3537	8.3793	-1.8983	2.1778	0.3665	
40.3627	8.1917	-1.8708	1.8778	0.3752	
40.3759	8.0345	-1.8472	1.5778	0.384	
40.3907	7.9076	-1.8276	1.2778	0.3927	
40.4048	7.8108	-1.8123	0.9778	0.4014	
40.4162	7.744	-1.8015	0.6778	0.4102	
40.4233	7.7069	-1.7954	0.3778	0.4189	
40.4248	7.6993	-1.7941	0.0778	0.4276	
40.4248	7.6993	-1.7941	0.0	0.4363	
40.4309	7.6699	-1.7891	0.3	0.4276	
40.4429	7.6111	-1.7794	0.6	0.4189	
40.4609	7.5229	-1.765	0.9	0.4102	
40.4856	7.4055	-1.7462	1.2	0.4014	
40.5179	7.259	-1.7233	1.5	0.3927	
40.5592	7.0838	-1.6963	1.8	0.384	
40.6111	6.8803	-1.6655	2.1	0.3752	
40.6755	6.6491	-1.6311	2.4	0.3665	
40.7547	6.391	-1.5933	2.7	0.3578	
40.8438	6.1279	-1.5553	2.7778	0.3491	
40.9451	5.8692	-1.5164	2.7778	0.3578	
41.0586	5.6157	-1.4766	2.7778	0.3665	
41.1843	5.368	-1.4358	2.7778	0.3752	
41.322	5.1268	-1.3942	2.7778	0.384	
41.4717	4.8928	-1.3517	2.7778	0.3927	
41.6333	4.6668	-1.3083	2.7778	0.4014	
41.8063	4.4495	-1.264	2.7778	0.4102	
41.9907	4.2417	-1.2188	2.7778	0.4189	
42.186	4.0442	-1.1727	2.7778	0.4276	
94	39	3.1416	2.7778	0.4363	
93.7482	38.8826	-3.0946	2.7778	0.4363	
93.5023	38.7535	-3.0477	2.7778	0.4363	
93.2626	38.613	-3.0007	2.7778	0.4363	
93.0299	38.4615	-2.9538	2.7778	0.4363	
92.8045	38.2991	-2.9068	2.7778	0.4363	
92.5869	38.1264	-2.8598	2.7778	0.4363	
92.3777	37.9436	-2.8129	2.7778	0.4363	
92.1774	37.7512	-2.7659	2.7778	0.4363	
91.9862	37.5497	-2.719	2.7778	0.4363	
91.8048	37.3393	-2.672	2.7778	0.4363	
91.6658	37.1589	-2.6328	2.2778	0.4451	
91.5642	37.013	-2.6016	1.7778	0.4538	
91.4955	36.9053	-2.5788	1.2778	0.4625	
91.4557	36.8384	-2.5647	0.7778	0.4712	
91.442	36.8143	-2.5596	0.2778	0.48	
91.442	36.8143	-2.5596	0.0	0.4887	
91.442	36.8143	-2.5596	0.0	0.4974	
91.442	36.8143	-2.5596	0.0	0.5061	
91.442	36.8143	-2.5596	0.0	0.5149	
91.442	36.8143	-2.5596	0.0	0.5236	
91.4192	36.7698	-2.5497	0.5	0.5149	
91.3737	36.6807	-2.5303	1.0	0.5061	
91.3068	36.5465	-2.5017	1.5	0.4974	
91.2212	36.3657	-2.4641	2.0	0.4887	
91.1208	36.1368	-2.418	2.5	0.48	
91.0188	35.8784	-2.3675	2.7778	0.4712	
90.9277	35.616	-2.3179	2.7778	0.4625	
90.8474	35.3501	-2.2692	2.7778	0.4538	
90.7778	35.0811	-2.2214	2.7778	0.4451	
90.7187	34.8097	-2.1744	2.7778	0.4363	
-1
66.0017	29.8056	-1.5701	1.9444	0.0087	
66.0052	29.6112	-1.5688	1.9444	0.0175	
66.0107	29.4168	-1.5667	1.9444	0.0262	
66.0183	29.2225	-1.564	1.9444	0.0349	
66.0281	29.0283	-1.5606	1.9444	0.0436	
66.0402	28.8342	-1.5565	1.9444	0.0524	
66.0549	28.6403	-1.5518	1.9444	0.0611	
66.0721	28.4467	-1.5464	1.9444	0.0698	
66.0921	28.2532	-1.5403	1.9444	0.0785	
66.115	28.0601	-1.5335	1.9444	0.0873	
66.1416	27.8474	-1.526	2.1444	0.0873	
66.1725	27.615	-1.5178	2.3444	0.0873	
66.208	27.363	-1.509	2.5444	0.0873	
66.2488	27.0916	-1.4994	2.7444	0.0873	
66.2927	26.8173	-1.4897	2.7778	0.0873	
66.3392	26.5435	-1.48	2.7778	0.0873	
66.3884	26.2701	-1.4704	2.7778	0.0873	
66.4403	25.9972	-1.4607	2.7778	0.0873	
66.4947	25.7248	-1.451	2.7778	0.0873	
66.5518	25.453	-1.4413	2.7778	0.0873	
66.6139	25.1822	-1.4307	2.7778	0.096	
66.6813	24.9127	-1.419	2.7778	0.1047	
66.7541	24.6447	-1.4065	2.7778	0.1134	
66.8326	24.3782	-1.3929	2.7778	0.1222	
66.917	24.1136	-1.3784	2.7778	0.1309	
67.0075	23.8509	-1.363	2.7778	0.1396	
67.1044	23.5906	-1.3465	2.7778	0.1484	
67.2078	23.3328	-1.3291	2.7778	0.1571	
67.3179	23.0777	-1.3108	2.7778	0.1658	
67.4348	22.8258	-1.2915	2.7778	0.1745	
67.5588	22.5772	-1.2713	2.7778	0.1833	
67.6899	22.3323	-1.2501	2.7778	0.192	
67.8282	22.0914	-1.2279	2.7778	0.2007	
67.974	21.855	-1.2048	2.7778	0.2094	
68.1272	21.6232	-1.1808	2.7778	0.2182	
68.2879	21.3967	-1.1558	2.7778	0.2269	
68.4561	21.1757	-1.1298	2.7778	0.2356	
68.6319	20.9606	-1.1029	2.7778	0.2443	
68.8153	20.7519	-1.0751	2.7778	0.2531	
69.0061	20.5501	-1.0464	2.7778	0.2618	
69.201	20.3521	-1.0186	2.7778	0.2531	
69.3996	20.1579	-0.9917	2.7778	0.2443	
69.6017	19.9674	-0.9657	2.7778	0.2356	
69.8071	19.7803	-0.9407	2.7778	0.2269	
70.0154	19.5966	-0.9167	2.7778	0.2182	
70.2266	19.4161	-0.8936	2.7778	0.2094	
70.4403	19.2387	-0.8714	2.7778	0.2007	
70.6564	19.0641	-0.8502	2.7778	0.192	
70.8746	18.8923	-0.83	2.7778	0.1833	
71.0948	18.723	-0.8107	2.7778	0.1745	
71.3168	18.556	-0.7924	2.7778	0.1658	
71.5404	18.3912	-0.775	2.7778	0.1571	
71.7654	18.2283	-0.7585	2.7778	0.1484	
71.9917	18.0671	-0.7431	2.7778	0.1396	
72.219	17.9075	-0.7286	2.7778	0.1309	
72.4473	17.7492	-0.715	2.7778	0.1222	
72.6763	17.592	-0.7025	2.7778	0.1134	
72.9059	17.4357	-0.6908	2.7778	0.1047	
73.1359	17.28	-0.6802	2.7778	0.096	
73.3663	17.1248	-0.6705	2.7778	0.0873	
73.5898	16.9773	-0.6612	2.6778	0.0873	
73.8063	16.8373	-0.6522	2.5778	0.0873	
74.0156	16.7047	-0.6436	2.4778	0.0873	
74.2175	16.5791	-0.6353	2.3778	0.0873	
74.4119	16.4605	-0.6273	2.2778	0.0873	
74.5987	16.3485	-0.6197	2.1778	0.0873	
74.7777	16.243	-0.6125	2.0778	0.0873	
74.9488	16.1438	-0.6056	1.9778	0.0873	
75.112	16.0508	-0.599	1.8778	0.0873	
75.267	15.9638	-0.5928	1.7778	0.0873	
75.3962	15.8922	-0.5877	1.4778	0.0873	
75.4996	15.8357	-0.5836	1.1778	0.0873	
75.5768	15.7939	-0.5805	0.8778	0.0873	
75.6277	15.7665	-0.5785	0.5778	0.0873	
75.6522	15.7534	-0.5775	0.2778	0.0873	
75.6522	15.7534	-0.5775	0.0	0.0873	
75.6522	15.7534	-0.5775	0.0	0.0873	
75.6522	15.7534	-0.5775	0.0	0.0873	
75.6522	15.7534	-0.5775	0.0	0.0873	
75.6522	15.7534	-0.5775	0.0	0.0873	
75.6522	15.7534	-0.5775	0.0	0.0785	
75.6522	15.7534	-0.5775	0.0	0.0698	
75.6522	15.7534	-0.5775	0.0	0.0611	
75.6522	15.7534	-0.5775	0.0	0.0524	
75.6522	15.7534	-0.5775	0.0	0.0436	
75.6522	15.7534	-0.5775	0.0	0.0349	
75.6522	15.7534	-0.5775	0.0	0.0262	
75.6522	15.7534	-0.5775	0.0	0.0175	
75.6522	15.7534	-0.5775	0.0	0.0087	
75.6522	15.7534	-0.5775	0.0	0.0	
75.6522	15.7534	-0.5775	0.0	-0.0087	
75.6522	15.7534	-0.5775	0.0	-0.0175	
75.6522	15.7534	-0.5775	0.0	-0.0262	
75.6522	15.7534	-0.5775	0.0	-0.0349	
75.6522	15.7534	-0.5775	0.0	-0.0436	
75.6522	15.7534	-0.5775	0.0	-0.0524	
75.6522	15.7534	-0.5775	0.0	-0.0611	
75.6522	15.7534	-0.5775	0.0	-0.0698	
75.6522	15.7534	-0.5775	0.0	-0.0785	
75.6522	15.7534	-0.5775	0.0	-0.0873	
75.6522	15.7534	-0.5775	0.0	-0.096	
75.6522	15.7534	-0.5775	0.0	-0.1047	
75.6522	15.7534	-0.5775	0.0	-0.1134	
75.6522	15.7534	-0.5775	0.0	-0.1222	
75.6522	15.7534	-0.5775	0.0	-0.1309	
75.6522	15.7534	-0.5775	0.0	-0.1396	
75.6522	15.7534	-0.5775	0.0	-0.1484	
75.6522	15.7534	-0.5775	0.0	-0.1571	
75.6522	15.7534	-0.5775	0.0	-0.1658	
75.6522	15.7534	-0.5775	0.0	-0.1745	
75.689	15.7196	-0.5808	0.5	-0.1658	
75.7629	15.6523	-0.5871	1.0	-0.1571	
75.8742	15.5517	-0.596	1.5	-0.1484	
76.0225	15.4174	-0.6071	2.0	-0.1396	
76.2074	15.2492	-0.6202	2.5	-0.1309	
76.4121	15.0615	-0.6337	2.7778	-0.1222	
76.6159	14.8727	-0.6463	2.7778	-0.1134	
76.8189	14.6832	-0.6579	2.7778	-0.1047	
77.0215	14.493	-0.6685	2.7778	-0.096	
77.2236	14.3025	-0.6782	2.7778	-0.0873	
77.4256	14.1118	-0.6869	2.7778	-0.0785	
77.6275	13.9211	-0.6947	2.7778	-0.0698	
77.8297	13.7306	-0.7015	2.7778	-0.0611	
78.0322	13.5404	-0.7073	2.7778	-0.0524	
78.2353	13.3509	-0.7121	2.7778	-0.0436	
78.4391	13.1622	-0.716	2.7778	-0.0349	
78.6438	12.9744	-0.7189	2.7778	-0.0262	
78.8496	12.7878	-0.7209	2.7778	-0.0175	
79.0567	12.6027	-0.7218	2.7778	-0.0087	
79.2652	12.4191	-0.7218	2.7778	0.0	
79.4752	12.2374	-0.7209	2.7778	0.0087	
79.6871	12.0577	-0.7189	2.7778	0.0175	
79.9008	11.8803	-0.716	2.7778	0.0262	
80.1166	11.7054	-0.7121	2.7778	0.0349	
80.3346	11.5333	-0.7073	2.7778	0.0436	
80.5549	11.3641	-0.7015	2.7778	0.0524	
80.7777	11.1981	-0.6947	2.7778	0.0611	
81.003	11.0356	-0.6869	2.7778	0.0698	
81.2309	10.8768	-0.6782	2.7778	0.0785	
81.4616	10.7221	-0.6685	2.7778	0.0873	
81.6924	10.5675	-0.6598	2.7778	0.0785	
81.9232	10.413	-0.6521	2.7778	0.0698	
82.1538	10.2582	-0.6453	2.7778	0.0611	
82.3842	10.103	-0.6395	2.7778	0.0524	
82.6141	9.9471	-0.6346	2.7778	0.0436	
82.8434	9.7903	-0.6308	2.7778	0.0349	
83.072	9.6324	-0.6278	2.7778	0.0262	
83.2996	9.4732	-0.6259	2.7778	0.0175	
83.5261	9.3124	-0.6249	2.7778	0.0087	
83.7514	9.1499	-0.6249	2.7778	0.0	
83.9752	8.9854	-0.6259	2.7778	-0.0087	
84.1975	8.8188	-0.6278	2.7778	-0.0175	
84.4179	8.6498	-0.6308	2.7778	-0.0262	
84.6364	8.4783	-0.6346	2.7778	-0.0349	
84.8527	8.304	-0.6395	2.7778	-0.0436	
85.0666	8.1268	-0.6453	2.7778	-0.0524	
85.2779	7.9465	-0.6521	2.7778	-0.0611	
85.4864	7.7629	-0.6598	2.7778	-0.0698	
85.6919	7.5759	-0.6685	2.7778	-0.0785	
85.894	7.3854	-0.6782	2.7778	-0.0873	
86.0926	7.1912	-0.6889	2.7778	-0.096	
86.2874	6.9932	-0.7005	2.7778	-0.1047	
86.4781	6.7912	-0.7131	2.7778	-0.1134	
86.6645	6.5853	-0.7266	2.7778	-0.1222	
86.8463	6.3752	-0.7411	2.7778	-0.1309	
87.0231	6.161	-0.7566	2.7778	-0.1396	
87.1947	5.9425	-0.773	2.7778	-0.1484	
87.3607	5.7199	-0.7904	2.7778	-0.1571	
87.5209	5.4929	-0.8087	2.7778	-0.1658	
87.6749	5.2617	-0.828	2.7778	-0.1745	
87.8011	5.0602	-0.8453	2.3778	-0.1833	
87.9017	4.8899	-0.8604	1.9778	-0.192	
87.9787	4.7522	-0.873	1.5778	-0.2007	
88.0339	4.6482	-0.8828	1.1778	-0.2094	
88.0691	4.5788	-0.8896	0.7778	-0.2182	
88.0857	4.5449	-0.893	0.3778	-0.2269	
88.0857	4.5449	-0.893	0.0	-0.2356	
88.0857	4.5449	-0.893	0.0	-0.2443	
88.0857	4.5449	-0.893	0.0	-0.2531	
88.0857	4.5449	-0.893	0.0	-0.2618	
88.0938	4.5266	-0.895	0.2	-0.2618	
88.1099	4.49	-0.8992	0.4	-0.2618	
88.1338	4.4349	-0.9054	0.6	-0.2618	
88.1652	4.3614	-0.9137	0.8	-0.2618	
88.2037	4.2691	-0.924	1.0	-0.2618	
88.2488	4.1578	-0.9364	1.2	-0.2618	
88.2997	4.0275	-0.9509	1.4	-0.2618	
46	47	3.1416	1.6	-0.2618	
45.8261	47.0466	3.123	1.8	-0.2618	
45.6339	47.1019	3.1023	2.0	-0.2618	
45.4903	47.1452	3.0872	1.5	-0.2531	
45.3947	47.1746	3.0776	1.0	-0.2443	
45.347	47.1894	3.0729	0.5	-0.2356	
45.347	47.1894	3.0729	0.0	-0.2269	
45.347	47.1894	3.0729	0.0	-0.2182	
45.347	47.1894	3.0729	0.0	-0.2094	
45.347	47.1894	3.0729	0.0	-0.2007	
45.347	47.1894	3.0729	0.0	-0.192	
45.347	47.1894	3.0729	0.0	-0.1833	
45.347	47.1894	3.0729	0.0	-0.1745	
45.347	47.1894	3.0729	0.0	-0.1658	
45.347	47.1894	3.0729	0.0	-0.1571	
45.347	47.1894	3.0729	0.0	-0.1484	
45.347	47.1894	3.0729	0.0	-0.1396	
45.347	47.1894	3.0729	0.0	-0.1309	
45.347	47.1894	3.0729	0.0	-0.1222	
45.347	47.1894	3.0729	0.0	-0.1134	
45.347	47.1894	3.0729	0.0	-0.1047	
45.347	47.1894	3.0729	0.0	-0.096	
45.347	47.1894	3.0729	0.0	-0.0873	
45.347	47.1894	3.0729	0.0	-0.0785	
45.347	47.1894	3.0729	0.0	-0.0698	
45.347	47.1894	3.0729	0.0	-0.0611	
45.347	47.1894	3.0729	0.0	-0.0524	
45.347	47.1894	3.0729	0.0	-0.0436	
45.347	47.1894	3.0729	0.0	-0.0349	
45.347	47.1894	3.0729	0.0	-0.0262	
45.347	47.1894	3.0729	0.0	-0.0175	
45.347	47.1894	3.0729	0.0	-0.0087	
45.347	47.1894	3.0729	0.0	0.0	
45.347	47.1894	3.0729	0.0	0.0	
45.347	47.1894	3.0729	0.0	0.0	
45.347	47.1894	3.0729	0.0	0.0	
45.347	47.1894	3.0729	0.0	0.0	
45.347	47.1894	3.0729	0.0	0.0	
45.347	47.1894	3.0729	0.0	0.0	
45.347	47.1894	3.0729	0.0	0.0	
45.347	47.1894	3.0729	0.0	0.0	
45.347	47.1894	3.0729	0.0	0.0	
45.347	47.1894	3.0729	0.0	0.0	
45.317	47.1914	3.0729	0.3	0.0	
45.2572	47.1955	3.0729	0.6	0.0	
45.1674	47.2017	3.0729	0.9	0.0	
45.0477	47.21	3.0729	1.2	0.0	
44.898	47.2203	3.0729	1.5	0.0	
44.7185	47.2326	3.0729	1.8	0.0	
44.509	47.247	3.0729	2.1	0.0	
44.2695	47.2635	3.0729	2.4	0.0	
44.0002	47.2821	3.0729	2.7	0.0	
43.723	47.3011	3.0729	2.7778	0.0	
43.4758	47.3181	3.0729	2.4778	0.0	
43.2586	47.3331	3.0729	2.1778	0.0	
43.0712	47.346	3.0729	1.8778	0.0	
42.9138	47.3568	3.0729	1.5778	0.0	
42.7864	47.3656	3.0729	1.2778	0.0	
42.6888	47.3723	3.0729	0.9778	0.0	
42.6212	47.377	3.0729	0.6778	0.0	
42.5835	47.3795	3.0729	0.3778	0.0	
42.5757	47.3801	3.0729	0.0778	0.0	
42.5757	47.3801	3.0729	0.0	0.0	
42.5757	47.3801	3.0729	0.0	0.0	
42.5757	47.3801	3.0729	0.0	0.0	
42.5757	47.3801	3.0729	0.0	0.0	
42.5757	47.3801	3.0729	0.0	0.0	
42.5757	47.3801	3.0729	0.0	0.0	
42.5757	47.3801	3.0729	0.0	0.0	
42.5757	47.3801	3.0729	0.0	0.0	
42.5757	47.3801	3.0729	0.0	0.0	
42.5757	47.3801	3.0729	0.0	0.0	
42.5757	47.3801	3.0729	0.0	0.0	
42.5757	47.3801	3.0729	0.0	0.0	
42.5757	47.3801	3.0729	0.0	0.0	
42.5757	47.3801	3.0729	0.0	0.0	
42.5757	47.3801	3.0729	0.0	0.0	
42.5757	47.3801	3.0729	0.0	0.0	
42.5757	47.3801	3.0729	0.0	0.0	
42.5757	47.3801	3.0729	0.0	0.0	
42.5757	47.3801	3.0729	0.0	0.0	
42.5757	47.3801	3.0729	0.0	0.0	
42.5757	47.3801	3.0729	0.0	0.0	
42.5757	47.3801	3.0729	0.0	-0.0087	
42.5757	47.3801	3.0729	0.0	-0.0175	
42.5757	47.3801	3.0729	0.0	-0.0262	
42.5757	47.3801	3.0729	0.0	-0.0349	
42.5757	47.3801	3.0729	0.0	-0.0436	
42.5757	47.3801	3.0729	0.0	-0.0524	
42.5757	47.3801	3.0729	0.0	-0.0611	
42.5757	47.3801	3.0729	0.0	-0.0698	
42.5757	47.3801	3.0729	0.0	-0.0785	
42.5757	47.3801	3.0729	0.0	-0.0873	
42.5264	47.3883	3.071	0.5	-0.096	
42.428	47.4057	3.0668	1.0	-0.1047	
42.2806	47.4338	3.06	1.5	-0.1134	
42.0847	47.4743	3.0502	2.0	-0.1222	
41.8409	47.5294	3.0372	2.5	-0.1309	
41.5713	47.5965	3.0217	2.7778	-0.1396	
41.3035	47.6701	3.0053	2.7778	-0.1484	
41.0376	47.7504	2.9879	2.7778	-0.1571	
40.7739	47.8377	2.9696	2.7778	-0.1658	
40.5126	47.932	2.9503	2.7778	-0.1745	
40.2532	48.0314	2.931	2.7778	-0.1745	
39.9958	48.1357	2.9117	2.7778	-0.1745	
39.7404	48.245	2.8924	2.7778	-0.1745	
39.4872	48.3593	2.8731	2.7778	-0.1745	
39.2362	48.4783	2.8538	2.7778	-0.1745	
38.9876	48.6022	2.8345	2.7778	-0.1745	
38.7414	48.7309	2.8152	2.7778	-0.1745	
38.4978	48.8643	2.7959	2.7778	-0.1745	
38.2567	49.0023	2.7766	2.7778	-0.1745	
38.0184	49.145	2.7573	2.7778	-0.1745	
37.7816	49.2902	2.739	2.7778	-0.1658	
37.5462	49.4377	2.7216	2.7778	-0.1571	
37.3121	49.5872	2.7052	2.7778	-0.1484	
37.0791	49.7385	2.6897	2.7778	-0.1396	
36.8472	49.8914	2.6752	2.7778	-0.1309	
36.6162	50.0456	2.6617	2.7778	-0.1222	
36.3859	50.2009	2.6491	2.7778	-0.1134	
36.1562	50.3571	2.6375	2.7778	-0.1047	
35.9269	50.514	2.6269	2.7778	-0.096	
35.698	50.6713	2.6172	2.7778	-0.0873	
35.5104	50.8004	2.61	2.2778	-0.0785	
35.3638	50.901	2.6051	1.7778	-0.0698	
35.2582	50.9729	2.6019	1.2778	-0.0611	
35.1936	51.0163	2.6003	0.7778	-0.0524	
35.1705	51.0317	2.5998	0.2778	-0.0436	
35.1705	51.0317	2.5998	0.0	-0.0349	
35.1705	51.0317	2.5998	0.0	-0.0262	
35.1705	51.0317	2.5998	0.0	-0.0175	
35.1705	51.0317	2.5998	0.0	-0.0087	
35.1705	51.0317	2.5998	0.0	0.0	
35.1364	51.0526	2.5997	0.4	-0.0087	
35.0686	51.095	2.5991	0.8	-0.0175	
34.9674	51.1597	2.5979	1.2	-0.0262	
34.8335	51.2472	2.5956	1.6	-0.0349	
34.6672	51.3584	2.5922	2.0	-0.0436	
34.4694	51.4942	2.5871	2.4	-0.0524	
34.2426	51.6546	2.5803	2.7778	-0.0611	
34.0183	51.8185	2.5726	2.7778	-0.0698	
33.7968	51.9861	2.5639	2.7778	-0.0785	
33.5782	52.1575	2.5542	2.7778	-0.0873	
33.3769	52.3185	2.5452	2.5778	-0.0873	
33.1926	52.4687	2.5369	2.3778	-0.0873	
33.0249	52.6076	2.5293	2.1778	-0.0873	
32.8735	52.735	2.5224	1.9778	-0.0873	
32.7383	52.8504	2.5162	1.7778	-0.0873	
32.6189	52.9535	2.5107	1.5778	-0.0873	
32.5152	53.0442	2.5059	1.3778	-0.0873	
32.4269	53.1221	2.5018	1.1778	-0.0873	
32.3538	53.1871	2.4984	0.9778	-0.0873	
32.2959	53.239	2.4957	0.7778	-0.0873	
32.2459	53.2848	2.4931	0.6778	-0.096	
32.2038	53.3243	2.4907	0.5778	-0.1047	
32.1693	53.3574	2.4885	0.4778	-0.1134	
32.1423	53.3838	2.4867	0.3778	-0.1222	
32.1226	53.4035	2.4852	0.2778	-0.1309	
32.1102	53.4162	2.4842	0.1778	-0.1396	
32.1048	53.4218	2.4838	0.0778	-0.1484	
32.1048	53.4218	2.4838	0.0	-0.1571	
32.1048	53.4218	2.4838	0.0	-0.1658	
32.1048	53.4218	2.4838	0.0	-0.1745	
32.0912	53.4365	2.4825	0.2	-0.1658	
32.0638	53.4656	2.48	0.4	-0.1571	
32.0225	53.5091	2.4764	0.6	-0.1484	
31.967	53.5667	2.472	0.8	-0.1396	
31.8974	53.6385	2.4667	1.0	-0.1309	
31.8135	53.7243	2.4609	1.2	-0.1222	
31.7154	53.8242	2.4545	1.4	-0.1134	
31.603	53.938	2.4479	1.6	-0.1047	
31.4762	54.0659	2.441	1.8	-0.096	
31.3352	54.2076	2.434	2.0	-0.0873	
31.2033	54.3444	2.4267	1.9	-0.096	
31.0804	54.476	2.4192	1.8	-0.1047	
30.9665	54.6021	2.4115	1.7	-0.1134	
30.8611	54.7225	2.4037	1.6	-0.1222	
30.7643	54.8371	2.3958	1.5	-0.1309	
30.6757	54.9454	2.388	1.4	-0.1396	
30.595	55.0474	2.3804	1.3	-0.1484	
30.5222	55.1428	2.3729	1.2	-0.1571	
30.4568	55.2313	2.3656	1.1	-0.1658	
30.3987	55.3126	2.3586	1.0	-0.1745	
30.3521	55.3776	2.3534	0.8	-0.1658	
30.3169	55.4263	2.3496	0.6	-0.1571	
30.2934	55.4586	2.3472	0.4	-0.1484	
30.2815	55.4747	2.3461	0.2	-0.1396	
30.2815	55.4747	2.3461	0.0	-0.1309	
30.2815	55.4747	2.3461	0.0	-0.1222	
30.2815	55.4747	2.3461	0.0	-0.1134	
30.2815	55.4747	2.3461	0.0	-0.1047	
30.2815	55.4747	2.3461	0.0	-0.096	
30.2815	55.4747	2.3461	0.0	-0.0873	
30.2815	55.4747	2.3461	0.0	-0.0785	
30.2815	55.4747	2.3461	0.0	-0.0698	
30.2815	55.4747	2.3461	0.0	-0.0611	
30.2815	55.4747	2.3461	0.0	-0.0524	
30.2815	55.4747	2.3461	0.0	-0.0436	
30.2815	55.4747	2.3461	0.0	-0.0349	
30.2815	55.4747	2.3461	0.0	-0.0262	
30.2815	55.4747	2.3461	0.0	-0.0175	
30.2815	55.4747	2.3461	0.0	-0.0087	
30.2815	55.4747	2.3461	0.0	0.0	
30.2815	55.4747	2.3461	0.0	0.0087	
30.2815	55.4747	2.3461	0.0	0.0175	
30.2815	55.4747	2.3461	0.0	0.0262	
30.2815	55.4747	2.3461	0.0	0.0349	
30.2815	55.4747	2.3461	0.0	0.0436	
30.2815	55.4747	2.3461	0.0	0.0524	
30.2815	55.4747	2.3461	0.0	0.0611	
30.2815	55.4747	2.3461	0.0	0.0698	
30.2815	55.4747	2.3461	0.0	0.0785	
30.2815	55.4747	2.3461	0.0	0.0873	
-1
