71.0	49.0	-3.141592653589793	0.0	0.08726646259971647	29.0	42.0	0.0	2.7777777777777777	0.0	6
63.7878	38.0019	3.1409	2.1222	-0.0087	
63.5856	38.0055	3.1394	2.0222	-0.0175	
63.3935	38.011	3.1374	1.9222	-0.0262	
63.2114	38.0181	3.1349	1.8222	-0.0349	
63.0394	38.0268	3.1319	1.7222	-0.0436	
62.8775	38.0368	3.1285	1.6222	-0.0524	
62.7257	38.0481	3.1248	1.5222	-0.0611	
62.584	38.0604	3.1208	1.4222	-0.0698	
62.4524	38.0735	3.1166	1.3222	-0.0785	
62.3309	38.0872	3.1124	1.2222	-0.0873	
62.1597	38.1057	3.107	1.7222	-0.0785	
61.9387	38.1289	3.1008	2.2222	-0.0698	
61.6679	38.1566	3.0941	2.7222	-0.0611	
61.3915	38.1843	3.0883	2.7778	-0.0524	
61.115	38.2111	3.0835	2.7778	-0.0436	
60.8384	38.2369	3.0796	2.7778	-0.0349	
60.5617	38.2614	3.0767	2.7778	-0.0262	
60.2849	38.2843	3.0747	2.7778	-0.0175	
60.0079	38.3052	3.0738	2.7778	-0.0087	
59.7308	38.3241	3.0738	2.7778	0.0	
59.4636	38.3422	3.0738	2.6778	0.0	
59.2064	38.3597	3.0738	2.5778	0.0	
58.9592	38.3765	3.0738	2.4778	0.0	
58.722	38.3926	3.0738	2.3778	0.0	
58.4947	38.408	3.0738	2.2778	0.0	
58.2775	38.4228	3.0738	2.1778	0.0	
58.0702	38.4368	3.0738	2.0778	0.0	
57.8728	38.4503	3.0738	1.9778	0.0	
57.6855	38.463	3.0738	1.8778	0.0	
57.5081	38.475	3.0738	1.7778	0.0	
57.3107	38.4867	3.0745	1.9778	0.0087	
57.0932	38.4975	3.076	2.1778	0.0175	
56.8556	38.5069	3.0785	2.3778	0.0262	
56.5979	38.5142	3.0821	2.5778	0.0349	
56.3202	38.5186	3.0869	2.7778	0.0436	
56.0424	38.5192	3.0927	2.7778	0.0524	
55.7646	38.5158	3.0995	2.7778	0.0611	
55.487	38.5081	3.1073	2.7778	0.0698	
55.2095	38.4958	3.116	2.7778	0.0785	
54.9322	38.4787	3.1257	2.7778	0.0873	
54.6751	38.4603	3.1347	2.5778	0.0873	
54.4381	38.4413	-3.1402	2.3778	0.0873	
54.2212	38.422	-3.1326	2.1778	0.0873	
54.0243	38.403	-3.1257	1.9778	0.0873	
53.8475	38.3847	-3.1196	1.7778	0.0873	
53.6906	38.3675	-3.1141	1.5778	0.0873	
53.5538	38.3517	-3.1092	1.3778	0.0873	
53.4368	38.3376	-3.1051	1.1778	0.0873	
53.3398	38.3256	-3.1017	0.9778	0.0873	
53.2626	38.3157	-3.099	0.7778	0.0873	
53.1658	38.3022	-3.0953	0.9778	0.096	
53.0494	38.2845	-3.0903	1.1778	0.1047	
52.9135	38.2619	-3.0841	1.3778	0.1134	
52.7582	38.2337	-3.0764	1.5778	0.1222	
52.5838	38.1991	-3.0671	1.7778	0.1309	
52.3906	38.157	-3.0561	1.9778	0.1396	
52.1787	38.1066	-3.0433	2.1778	0.1484	
51.9487	38.0465	-3.0284	2.3778	0.1571	
51.7009	37.9755	-3.0114	2.5778	0.1658	
51.4359	37.8922	-2.9921	2.7778	0.1745	
51.1733	37.8014	-2.9718	2.7778	0.1833	
50.9135	37.7031	-2.9506	2.7778	0.192	
50.6568	37.5971	-2.9285	2.7778	0.2007	
50.4035	37.4831	-2.9054	2.7778	0.2094	
50.1539	37.3612	-2.8813	2.7778	0.2182	
49.9084	37.2312	-2.8563	2.7778	0.2269	
49.6675	37.0929	-2.8304	2.7778	0.2356	
49.4315	36.9464	-2.8035	2.7778	0.2443	
49.2008	36.7916	-2.7757	2.7778	0.2531	
48.976	36.6285	-2.7469	2.7778	0.2618	
48.7797	36.4773	-2.7213	2.4778	0.2618	
48.6107	36.34	-2.6987	2.1778	0.2618	
48.4676	36.2183	-2.6793	1.8778	0.2618	
48.3494	36.1138	-2.6629	1.5778	0.2618	
48.2551	36.0276	-2.6497	1.2778	0.2618	
48.1838	35.9607	-2.6396	0.9778	0.2618	
48.1349	35.9138	-2.6326	0.6778	0.2618	
48.1078	35.8875	-2.6287	0.3778	0.2618	
48.1022	35.882	-2.6279	0.0778	0.2618	
48.1022	35.882	-2.6279	0.0	0.2618	
48.1022	35.882	-2.6279	0.0	0.2618	
48.1022	35.882	-2.6279	0.0	0.2618	
48.1022	35.882	-2.6279	0.0	0.2618	
48.1022	35.882	-2.6279	0.0	0.2618	
48.1022	35.882	-2.6279	0.0	0.2618	
48.1022	35.882	-2.6279	0.0	0.2618	
48.1022	35.882	-2.6279	0.0	0.2618	
48.1022	35.882	-2.6279	0.0	0.2618	
48.1022	35.882	-2.6279	0.0	0.2618	
48.1022	35.882	-2.6279	0.0	0.2618	
48.1022	35.882	-2.6279	0.0	0.2705	
48.1022	35.882	-2.6279	0.0	0.2793	
48.1022	35.882	-2.6279	0.0	0.288	
48.1022	35.882	-2.6279	0.0	0.2967	
48.1022	35.882	-2.6279	0.0	0.3054	
48.1022	35.882	-2.6279	0.0	0.3142	
48.1022	35.882	-2.6279	0.0	0.3229	
48.1022	35.882	-2.6279	0.0	0.3316	
48.1022	35.882	-2.6279	0.0	0.3403	
48.1022	35.882	-2.6279	0.0	0.3491	
48.1022	35.882	-2.6279	0.0	0.3403	
48.1022	35.882	-2.6279	0.0	0.3316	
48.1022	35.882	-2.6279	0.0	0.3229	
48.1022	35.882	-2.6279	0.0	0.3142	
48.1022	35.882	-2.6279	0.0	0.3054	
48.1022	35.882	-2.6279	0.0	0.2967	
48.1022	35.882	-2.6279	0.0	0.288	
48.1022	35.882	-2.6279	0.0	0.2793	
48.1022	35.882	-2.6279	0.0	0.2705	
48.1022	35.882	-2.6279	0.0	0.2618	
48.0668	35.8467	-2.6225	0.5	0.2705	
47.997	35.7751	-2.6115	1.0	0.2793	
47.8945	35.6656	-2.5944	1.5	0.288	
47.7616	35.5162	-2.5711	2.0	0.2967	
47.6015	35.3241	-2.541	2.5	0.3054	
47.4321	35.104	-2.5067	2.7778	0.3142	
47.2723	34.8768	-2.4714	2.7778	0.3229	
47.1226	34.6428	-2.4352	2.7778	0.3316	
46.9836	34.4023	-2.3981	2.7778	0.3403	
46.8558	34.1557	-2.3601	2.7778	0.3491	
46.7352	33.9055	-2.323	2.7778	0.3403	
46.6218	33.6519	-2.2869	2.7778	0.3316	
46.5153	33.3953	-2.2516	2.7778	0.3229	
46.4157	33.136	-2.2173	2.7778	0.3142	
46.3228	32.8742	-2.1839	2.7778	0.3054	
46.2364	32.6102	-2.1514	2.7778	0.2967	
46.1563	32.3443	-2.1198	2.7778	0.288	
46.0823	32.0765	-2.0892	2.7778	0.2793	
46.0141	31.8072	-2.0595	2.7778	0.2705	
45.9516	31.5366	-2.0307	2.7778	0.2618	
45.8993	31.2638	-2.0011	2.7778	0.2705	
45.8575	30.9892	-1.9704	2.7778	0.2793	
45.8266	30.7131	-1.9389	2.7778	0.288	
45.8068	30.436	-1.9064	2.7778	0.2967	
45.7984	30.1584	-1.873	2.7778	0.3054	
45.8017	29.8806	-1.8386	2.7778	0.3142	
45.817	29.6033	-1.8034	2.7778	0.3229	
45.8445	29.3269	-1.7672	2.7778	0.3316	
45.8843	29.0519	-1.7301	2.7778	0.3403	
45.9367	28.7792	-1.6921	2.7778	0.3491	
45.9904	28.5475	-1.6596	2.3778	0.3491	
46.0413	28.3564	-1.6325	1.9778	0.3491	
46.086	28.2051	-1.6109	1.5778	0.3491	
46.1218	28.0929	-1.5948	1.1778	0.3491	
46.1467	28.0192	-1.5842	0.7778	0.3491	
46.1591	27.9835	-1.579	0.3778	0.3491	
46.1591	27.9835	-1.579	0.0	0.3491	
46.1591	27.9835	-1.579	0.0	0.3491	
46.1591	27.9835	-1.579	0.0	0.3491	
46.1591	27.9835	-1.579	0.0	0.3491	
46.1758	27.9364	-1.5722	0.5	0.3491	
46.2099	27.8424	-1.5585	1.0	0.3491	
46.2629	27.7021	-1.538	1.5	0.3491	
46.3375	27.5165	-1.5106	2.0	0.3491	
46.4369	27.2871	-1.4764	2.5	0.3491	
46.5561	27.0362	-1.4384	2.7778	0.3491	
46.6847	26.79	-1.4004	2.7778	0.3491	
46.8226	26.5489	-1.3624	2.7778	0.3491	
46.9696	26.3131	-1.3244	2.7778	0.3491	
47.1254	26.0832	-1.2864	2.7778	0.3491	
47.2586	25.8984	-1.256	2.2778	0.3403	
47.3657	25.7565	-1.2328	1.7778	0.3316	
47.4441	25.6556	-1.2166	1.2778	0.3229	
47.4923	25.5946	-1.207	0.7778	0.3142	
47.5096	25.5728	-1.2037	0.2778	0.3054	
47.5096	25.5728	-1.2037	0.0	0.2967	
47.5096	25.5728	-1.2037	0.0	0.288	
47.5096	25.5728	-1.2037	0.0	0.2793	
47.5096	25.5728	-1.2037	0.0	0.2705	
47.5096	25.5728	-1.2037	0.0	0.2618	
47.5096	25.5728	-1.2037	0.0	0.2705	
47.5096	25.5728	-1.2037	0.0	0.2793	
47.5096	25.5728	-1.2037	0.0	0.288	
47.5096	25.5728	-1.2037	0.0	0.2967	
47.5096	25.5728	-1.2037	0.0	0.3054	
47.5096	25.5728	-1.2037	0.0	0.3142	
47.5096	25.5728	-1.2037	0.0	0.3229	
47.5096	25.5728	-1.2037	0.0	0.3316	
47.5096	25.5728	-1.2037	0.0	0.3403	
47.5096	25.5728	-1.2037	0.0	0.3491	
47.5096	25.5728	-1.2037	0.0	0.3403	
47.5096	25.5728	-1.2037	0.0	0.3316	
47.5096	25.5728	-1.2037	0.0	0.3229	
47.5096	25.5728	-1.2037	0.0	0.3142	
47.5096	25.5728	-1.2037	0.0	0.3054	
47.5096	25.5728	-1.2037	0.0	0.2967	
47.5096	25.5728	-1.2037	0.0	0.288	
47.5096	25.5728	-1.2037	0.0	0.2793	
47.5096	25.5728	-1.2037	0.0	0.2705	
47.5096	25.5728	-1.2037	0.0	0.2618	
47.5096	25.5728	-1.2037	0.0	0.2705	
47.5096	25.5728	-1.2037	0.0	0.2793	
47.5096	25.5728	-1.2037	0.0	0.288	
47.5096	25.5728	-1.2037	0.0	0.2967	
47.5096	25.5728	-1.2037	0.0	0.3054	
47.5096	25.5728	-1.2037	0.0	0.3142	
47.5096	25.5728	-1.2037	0.0	0.3229	
47.5096	25.5728	-1.2037	0.0	0.3316	
47.5096	25.5728	-1.2037	0.0	0.3403	
47.5096	25.5728	-1.2037	0.0	0.3491	
47.5293	25.5502	-1.1996	0.3	0.3491	
47.5688	25.5051	-1.1913	0.6	0.3491	
47.6287	25.4379	-1.179	0.9	0.3491	
47.7097	25.3494	-1.1626	1.2	0.3491	
47.8128	25.2404	-1.1421	1.5	0.3491	
47.9391	25.1121	-1.1175	1.8	0.3491	
48.0901	24.9662	-1.0887	2.1	0.3491	
48.2674	24.8044	-1.0559	2.4	0.3491	
48.4727	24.629	-1.019	2.7	0.3491	
48.6904	24.4566	-0.981	2.7778	0.3491	
48.9146	24.2925	-0.943	2.7778	0.3491	
49.1448	24.1371	-0.905	2.7778	0.3491	
49.3807	23.9905	-0.867	2.7778	0.3491	
49.6221	23.853	-0.829	2.7778	0.3491	
49.8685	23.7247	-0.791	2.7778	0.3491	
50.1196	23.6059	-0.753	2.7778	0.3491	
50.375	23.4967	-0.715	2.7778	0.3491	
50.6344	23.3974	-0.677	2.7778	0.3491	
50.8974	23.3079	-0.6389	2.7778	0.3491	
51.1636	23.2285	-0.6009	2.7778	0.3491	
51.4229	23.1618	-0.5643	2.6778	0.3491	
51.6747	23.1067	-0.529	2.5778	0.3491	
51.9185	23.0624	-0.4951	2.4778	0.3491	
52.1537	23.0277	-0.4626	2.3778	0.3491	
52.38	23.0019	-0.4315	2.2778	0.3491	
52.5971	22.984	-0.4017	2.1778	0.3491	
52.8046	22.9731	-0.3732	2.0778	0.3491	
53.0023	22.9683	-0.3462	1.9778	0.3491	
53.1901	22.9689	-0.3205	1.8778	0.3491	
53.3678	22.9739	-0.2962	1.7778	0.3491	
53.5154	22.9805	-0.2764	1.4778	0.3403	
53.633	22.987	-0.2611	1.1778	0.3316	
53.7206	22.9924	-0.25	0.8778	0.3229	
53.7783	22.9961	-0.2428	0.5778	0.3142	
53.806	22.9978	-0.2395	0.2778	0.3054	
53.806	22.9978	-0.2395	0.0	0.2967	
53.806	22.9978	-0.2395	0.0	0.288	
53.806	22.9978	-0.2395	0.0	0.2793	
53.806	22.9978	-0.2395	0.0	0.2705	
53.806	22.9978	-0.2395	0.0	0.2618	
53.846	22.9984	-0.2355	0.4	0.2531	
53.926	22.9991	-0.2277	0.8	0.2443	
54.046	23.0	-0.2165	1.2	0.2356	
54.206	23.0017	-0.2021	1.6	0.2269	
54.406	23.0049	-0.1848	2.0	0.2182	
54.6459	23.0108	-0.1649	2.4	0.2094	
54.9235	23.0208	-0.1427	2.7778	0.2007	
55.2009	23.0344	-0.1215	2.7778	0.192	
55.4782	23.0516	-0.1012	2.7778	0.1833	
55.7552	23.0719	-0.082	2.7778	0.1745	
56.022	23.0944	-0.0643	2.6778	0.1658	
56.2787	23.1182	-0.0481	2.5778	0.1571	
56.5252	23.143	-0.0335	2.4778	0.1484	
56.7617	23.1682	-0.0203	2.3778	0.1396	
56.9881	23.1934	-0.0084	2.2778	0.1309	
57.2044	23.2181	0.0022	2.1778	0.1222	
57.4108	23.2421	0.0117	2.0778	0.1134	
57.6073	23.265	0.0199	1.9778	0.1047	
57.7938	23.2868	0.0271	1.8778	0.096	
57.9704	23.3071	0.0333	1.7778	0.0873	
58.1073	23.3224	0.0376	1.3778	0.0785	
58.2045	23.3329	0.0404	0.9778	0.0698	
58.262	23.3388	0.0418	0.5778	0.0611	
58.2797	23.3404	0.0422	0.1778	0.0524	
58.2797	23.3404	0.0422	0.0	0.0436	
58.2797	23.3404	0.0422	0.0	0.0349	
58.2797	23.3404	0.0422	0.0	0.0262	
58.2797	23.3404	0.0422	0.0	0.0175	
58.2797	23.3404	0.0422	0.0	0.0087	
58.2797	23.3404	0.0422	0.0	0.0	
58.2797	23.3404	0.0422	0.0	0.0087	
58.2797	23.3404	0.0422	0.0	0.0175	
58.2797	23.3404	0.0422	0.0	0.0262	
58.2797	23.3404	0.0422	0.0	0.0349	
58.2797	23.3404	0.0422	0.0	0.0436	
58.2797	23.3404	0.0422	0.0	0.0524	
58.2797	23.3404	0.0422	0.0	0.0611	
58.2797	23.3404	0.0422	0.0	0.0698	
58.2797	23.3404	0.0422	0.0	0.0785	
58.2797	23.3404	0.0422	0.0	0.0873	
58.3194	23.3456	0.0436	0.4	0.0873	
58.3987	23.356	0.0463	0.8	0.0873	
58.5176	23.372	0.0505	1.2	0.0873	
58.6761	23.394	0.0561	1.6	0.0873	
58.874	23.4226	0.0631	2.0	0.0873	
59.1113	23.4585	0.0714	2.4	0.0873	
59.3856	23.5024	0.0811	2.7778	0.0873	
59.6595	23.549	0.0908	2.7778	0.0873	
59.9329	23.5982	0.1005	2.7778	0.0873	
60.2058	23.65	0.1102	2.7778	0.0873	
60.459	23.6984	0.1183	2.5778	0.0785	
60.6925	23.7429	0.1249	2.3778	0.0698	
60.9066	23.7831	0.1302	2.1778	0.0611	
61.1011	23.819	0.1344	1.9778	0.0524	
61.276	23.8505	0.1375	1.7778	0.0436	
61.4315	23.8776	0.1397	1.5778	0.0349	
61.5674	23.9003	0.1411	1.3778	0.0262	
61.6837	23.9189	0.1419	1.1778	0.0175	
61.7803	23.9336	0.1423	0.9778	0.0087	
61.8573	23.9446	0.1423	0.7778	0.0	
61.9639	23.9608	0.1426	1.0778	0.0087	
62.0999	23.9828	0.1436	1.3778	0.0175	
62.2652	24.0111	0.1454	1.6778	0.0262	
62.4598	24.0466	0.1481	1.9778	0.0349	
62.6834	24.09	0.1521	2.2778	0.0436	
62.9358	24.1424	0.1575	2.5778	0.0524	
63.207	24.2026	0.1643	2.7778	0.0611	
63.4772	24.267	0.172	2.7778	0.0698	
63.7463	24.3359	0.1807	2.7778	0.0785	
64.0142	24.4095	0.1904	2.7778	0.0873	
64.2806	24.4879	0.2011	2.7778	0.096	
64.5455	24.5716	0.2127	2.7778	0.1047	
64.8086	24.6606	0.2253	2.7778	0.1134	
65.0698	24.7552	0.2388	2.7778	0.1222	
65.3288	24.8555	0.2533	2.7778	0.1309	
65.5854	24.9619	0.2688	2.7778	0.1396	
65.8394	25.0744	0.2852	2.7778	0.1484	
66.0905	25.1933	0.3026	2.7778	0.1571	
66.3383	25.3187	0.3209	2.7778	0.1658	
66.5827	25.4508	0.3402	2.7778	0.1745	
66.78	25.5647	0.3568	2.2778	0.1833	
66.9316	25.6574	0.3704	1.7778	0.192	
67.0391	25.7265	0.3806	1.2778	0.2007	
67.1038	25.7698	0.3871	0.7778	0.2094	
67.1266	25.7856	0.3895	0.2778	0.2182	
67.1266	25.7856	0.3895	0.0	0.2269	
67.1266	25.7856	0.3895	0.0	0.2356	
67.1266	25.7856	0.3895	0.0	0.2443	
67.1266	25.7856	0.3895	0.0	0.2531	
67.1266	25.7856	0.3895	0.0	0.2618	
67.1664	25.8159	0.3946	0.5	0.2618	
67.2456	25.8769	0.405	1.0	0.2618	
67.3635	25.9697	0.4205	1.5	0.2618	
67.5187	26.0958	0.4412	2.0	0.2618	
67.7094	26.2574	0.4671	2.5	0.2618	
67.9166	26.4424	0.4959	2.7778	0.2618	
68.1184	26.6333	0.5246	2.7778	0.2618	
68.3146	26.8299	0.5534	2.7778	0.2618	
68.5051	27.0321	0.5821	2.7778	0.2618	
68.6897	27.2397	0.6109	2.7778	0.2618	
68.8554	27.4372	0.6376	2.5778	0.2618	
69.0033	27.6233	0.6622	2.3778	0.2618	
69.1345	27.7971	0.6847	2.1778	0.2618	
69.2501	27.9576	0.7052	1.9778	0.2618	
69.3511	28.1039	0.7236	1.7778	0.2618	
69.4382	28.2355	0.74	1.5778	0.2618	
69.5125	28.3515	0.7542	1.3778	0.2618	
69.5745	28.4516	0.7664	1.1778	0.2618	
69.625	28.5354	0.7765	0.9778	0.2618	
69.6645	28.6024	0.7846	0.7778	0.2618	
69.6837	28.6349	0.7884	0.3778	0.2531	
69.6837	28.6349	0.7884	0.0	0.2443	
69.6837	28.6349	0.7884	0.0	0.2356	
69.6837	28.6349	0.7884	0.0	0.2269	
69.6837	28.6349	0.7884	0.0	0.2182	
69.6837	28.6349	0.7884	0.0	0.2094	
69.6837	28.6349	0.7884	0.0	0.2007	
69.6837	28.6349	0.7884	0.0	0.192	
69.6837	28.6349	0.7884	0.0	0.1833	
69.6837	28.6349	0.7884	0.0	0.1745	
69.7065	28.6677	0.7911	0.4	0.1745	
69.7521	28.7335	0.7967	0.8	0.1745	
69.8198	28.8326	0.805	1.2	0.1745	
69.9089	28.9655	0.8162	1.6	0.1745	
70.0186	29.1327	0.83	2.0	0.1745	
70.1473	29.3353	0.8467	2.4	0.1745	
70.2924	29.5722	0.866	2.7778	0.1745	
70.4329	29.8118	0.8853	2.7778	0.1745	
70.5687	30.0541	0.9046	2.7778	0.1745	
70.6999	30.299	0.9239	2.7778	0.1745	
70.8241	30.5474	0.9441	2.7778	0.1833	
70.9411	30.7994	0.9653	2.7778	0.192	
71.0504	31.0547	0.9875	2.7778	0.2007	
71.1519	31.3133	1.0106	2.7778	0.2094	
71.2451	31.575	1.0346	2.7778	0.2182	
71.3296	31.8396	1.0596	2.7778	0.2269	
71.4052	32.1069	1.0856	2.7778	0.2356	
71.4714	32.3766	1.1125	2.7778	0.2443	
71.5281	32.6486	1.1403	2.7778	0.2531	
71.5747	32.9224	1.169	2.7778	0.2618	
71.6097	33.1879	1.1977	2.6778	0.2705	
71.6339	33.4445	1.2261	2.5778	0.2793	
71.648	33.6919	1.2542	2.4778	0.288	
71.6527	33.9296	1.282	2.3778	0.2967	
71.6489	34.1574	1.3094	2.2778	0.3054	
71.6374	34.3749	1.3364	2.1778	0.3142	
71.619	34.5818	1.3627	2.0778	0.3229	
71.5947	34.7781	1.3885	1.9778	0.3316	
71.5651	34.9635	1.4136	1.8778	0.3403	
71.5312	35.138	1.4379	1.7778	0.3491	
71.491	35.3215	1.4636	1.8778	0.3491	
71.4436	35.5135	1.4906	1.9778	0.3491	
71.3884	35.7138	1.519	2.0778	0.3491	
71.3246	35.922	1.5488	2.1778	0.3491	
71.2514	36.1377	1.58	2.2778	0.3491	
71.168	36.3604	1.6125	2.3778	0.3491	
71.0736	36.5895	1.6464	2.4778	0.3491	
70.9674	36.8244	1.6817	2.5778	0.3491	
70.8485	37.0643	1.7183	2.6778	0.3491	
70.7162	37.3085	1.7563	2.7778	0.3491	
-1
66.0856	42.0007	0.0003	0.8556	0.0087	
66.2011	42.0028	0.0011	1.1556	0.0175	
66.3466	42.0068	0.0026	1.4556	0.0262	
66.522	42.0134	0.0051	1.7556	0.0349	
66.7273	42.0234	0.0087	2.0556	0.0436	
66.9625	42.0377	0.0136	2.3556	0.0524	
67.2273	42.0575	0.0201	2.6556	0.0611	
67.5039	42.0825	0.0278	2.7778	0.0698	
67.7801	42.112	0.0366	2.7778	0.0785	
68.0558	42.1463	0.0462	2.7778	0.0873	
68.3308	42.1857	0.0569	2.7778	0.096	
68.6049	42.2304	0.0685	2.7778	0.1047	
68.8781	42.2806	0.0811	2.7778	0.1134	
69.1502	42.3367	0.0946	2.7778	0.1222	
69.4209	42.3988	0.1091	2.7778	0.1309	
69.6901	42.4672	0.1246	2.7778	0.1396	
69.9576	42.5421	0.141	2.7778	0.1484	
70.2232	42.6236	0.1584	2.7778	0.1571	
70.4865	42.7121	0.1767	2.7778	0.1658	
70.7473	42.8077	0.196	2.7778	0.1745	
70.9977	42.9025	0.2137	2.6778	0.1658	
71.238	42.9959	0.2298	2.5778	0.1571	
71.4683	43.0874	0.2445	2.4778	0.1484	
71.6887	43.1765	0.2577	2.3778	0.1396	
71.8995	43.2628	0.2696	2.2778	0.1309	
72.1008	43.346	0.2802	2.1778	0.1222	
72.2927	43.4257	0.2896	2.0778	0.1134	
72.4753	43.5016	0.2979	1.9778	0.1047	
72.6487	43.5737	0.3051	1.8778	0.096	
72.8129	43.6417	0.3113	1.7778	0.0873	
72.9394	43.6963	0.3166	1.3778	0.096	
73.0287	43.7363	0.3207	0.9778	0.1047	
73.0811	43.7606	0.3233	0.5778	0.1134	
73.0971	43.7682	0.3242	0.1778	0.1222	
73.0971	43.7682	0.3242	0.0	0.1309	
73.0971	43.7682	0.3242	0.0	0.1396	
73.0971	43.7682	0.3242	0.0	0.1484	
73.0971	43.7682	0.3242	0.0	0.1571	
73.0971	43.7682	0.3242	0.0	0.1658	
73.0971	43.7682	0.3242	0.0	0.1745	
73.0971	43.7682	0.3242	0.0	0.1658	
73.0971	43.7682	0.3242	0.0	0.1571	
73.0971	43.7682	0.3242	0.0	0.1484	
73.0971	43.7682	0.3242	0.0	0.1396	
73.0971	43.7682	0.3242	0.0	0.1309	
73.0971	43.7682	0.3242	0.0	0.1222	
73.0971	43.7682	0.3242	0.0	0.1134	
73.0971	43.7682	0.3242	0.0	0.1047	
73.0971	43.7682	0.3242	0.0	0.096	
73.0971	43.7682	0.3242	0.0	0.0873	
73.0971	43.7682	0.3242	0.0	0.096	
73.0971	43.7682	0.3242	0.0	0.1047	
73.0971	43.7682	0.3242	0.0	0.1134	
73.0971	43.7682	0.3242	0.0	0.1222	
73.0971	43.7682	0.3242	0.0	0.1309	
73.0971	43.7682	0.3242	0.0	0.1396	
73.0971	43.7682	0.3242	0.0	0.1484	
73.0971	43.7682	0.3242	0.0	0.1571	
73.0971	43.7682	0.3242	0.0	0.1658	
73.0971	43.7682	0.3242	0.0	0.1745	
73.1148	43.7776	0.3255	0.2	0.1658	
73.1502	43.7962	0.328	0.4	0.1571	
73.2035	43.8237	0.3315	0.6	0.1484	
73.2748	43.86	0.336	0.8	0.1396	
73.3641	43.905	0.3412	1.0	0.1309	
73.4714	43.9587	0.347	1.2	0.1222	
73.5969	44.0209	0.3534	1.4	0.1134	
73.7404	44.0916	0.3601	1.6	0.1047	
73.902	44.1709	0.367	1.8	0.096	
74.0817	44.2587	0.374	2.0	0.0873	
74.2518	44.3432	0.3806	1.9	0.0873	
74.4125	44.4244	0.3869	1.8	0.0873	
74.5637	44.502	0.3928	1.7	0.0873	
74.7057	44.5759	0.3984	1.6	0.0873	
74.8383	44.6459	0.4036	1.5	0.0873	
74.9618	44.7119	0.4085	1.4	0.0873	
75.0761	44.7737	0.413	1.3	0.0873	
75.1814	44.8313	0.4172	1.2	0.0873	
75.2777	44.8845	0.421	1.1	0.0873	
75.3651	44.9331	0.4245	1.0	0.0873	
75.4432	44.9779	0.428	0.9	0.096	
75.5121	45.0185	0.4313	0.8	0.1047	
75.572	45.0548	0.4345	0.7	0.1134	
75.6229	45.0865	0.4374	0.6	0.1222	
75.665	45.1134	0.44	0.5	0.1309	
75.6985	45.1353	0.4422	0.4	0.1396	
75.7234	45.152	0.444	0.3	0.1484	
75.7399	45.1633	0.4453	0.2	0.1571	
75.7481	45.1691	0.4459	0.1	0.1658	
75.7481	45.1691	0.4459	0.0	0.1745	
75.7645	45.1806	0.4472	0.2	0.1658	
75.7974	45.2033	0.4497	0.4	0.1571	
75.847	45.2371	0.4533	0.6	0.1484	
75.9133	45.2818	0.4577	0.8	0.1396	
75.9965	45.3373	0.463	1.0	0.1309	
76.0965	45.4036	0.4688	1.2	0.1222	
76.2135	45.4806	0.4751	1.4	0.1134	
76.3473	45.5682	0.4818	1.6	0.1047	
76.4981	45.6665	0.4887	1.8	0.096	
76.6658	45.7755	0.4957	2.0	0.0873	
76.8253	45.8787	0.5017	1.9	0.0785	
76.9767	45.976	0.5067	1.8	0.0698	
77.1201	46.0675	0.5108	1.7	0.0611	
77.2553	46.1529	0.5142	1.6	0.0524	
77.3826	46.2323	0.5168	1.5	0.0436	
77.5018	46.3057	0.5188	1.4	0.0349	
77.613	46.3731	0.5201	1.3	0.0262	
77.7161	46.4345	0.521	1.2	0.0175	
77.811	46.4901	0.5214	1.1	0.0087	
77.8977	46.5399	0.5214	1.0	0.0	
78.0271	46.6157	0.5219	1.5	0.0087	
78.1987	46.7184	0.5233	2.0	0.0175	
78.412	46.849	0.5259	2.5	0.0262	
78.6472	46.9967	0.5298	2.7778	0.0349	
78.8805	47.1474	0.5346	2.7778	0.0436	
79.1118	47.3013	0.5404	2.7778	0.0524	
79.3408	47.4585	0.5472	2.7778	0.0611	
79.5674	47.6192	0.555	2.7778	0.0698	
79.7913	47.7836	0.5637	2.7778	0.0785	
80.0122	47.9519	0.5734	2.7778	0.0873	
80.2301	48.1243	0.584	2.7778	0.096	
80.4445	48.3008	0.5956	2.7778	0.1047	
80.6554	48.4817	0.6082	2.7778	0.1134	
80.8623	48.667	0.6217	2.7778	0.1222	
81.065	48.8569	0.6363	2.7778	0.1309	
81.2633	49.0515	0.6517	2.7778	0.1396	
81.4568	49.2507	0.6681	2.7778	0.1484	
81.6453	49.4548	0.6855	2.7778	0.1571	
81.8283	49.6638	0.7039	2.7778	0.1658	
82.0057	49.8776	0.7232	2.7778	0.1745	
82.1788	50.0948	0.7424	2.7778	0.1745	
82.3478	50.3152	0.7617	2.7778	0.1745	
82.5124	50.539	0.781	2.7778	0.1745	
82.6728	50.7658	0.8003	2.7778	0.1745	
82.8287	50.9957	0.8196	2.7778	0.1745	
82.9801	51.2286	0.8389	2.7778	0.1745	
83.127	51.4643	0.8582	2.7778	0.1745	
83.2694	51.7028	0.8775	2.7778	0.1745	
83.4071	51.9441	0.8968	2.7778	0.1745	
83.5402	52.1879	0.9161	2.7778	0.1745	
83.6454	52.3899	0.9319	2.2778	0.1745	
83.725	52.5489	0.9443	1.7778	0.1745	
83.7808	52.6638	0.9531	1.2778	0.1745	
83.8142	52.7341	0.9585	0.7778	0.1745	
83.8259	52.7592	0.9605	0.2778	0.1745	
83.8259	52.7592	0.9605	0.0	0.1745	
83.8259	52.7592	0.9605	0.0	0.1745	
83.8259	52.7592	0.9605	0.0	0.1745	
83.8259	52.7592	0.9605	0.0	0.1745	
83.8259	52.7592	0.9605	0.0	0.1745	
83.8259	52.7592	0.9605	0.0	0.1658	
83.8259	52.7592	0.9605	0.0	0.1571	
83.8259	52.7592	0.9605	0.0	0.1484	
83.8259	52.7592	0.9605	0.0	0.1396	
83.8259	52.7592	0.9605	0.0	0.1309	
83.8259	52.7592	0.9605	0.0	0.1222	
83.8259	52.7592	0.9605	0.0	0.1134	
83.8259	52.7592	0.9605	0.0	0.1047	
83.8259	52.7592	0.9605	0.0	0.096	
83.8259	52.7592	0.9605	0.0	0.0873	
83.8462	52.7937	0.9617	0.4	0.0785	
83.8873	52.8624	0.964	0.8	0.0698	
83.9496	52.9649	0.9669	1.2	0.0611	
84.0334	53.1012	0.9702	1.6	0.0524	
84.1391	53.271	0.9737	2.0	0.0436	
84.2671	53.4741	0.9771	2.4	0.0349	
84.4164	53.7083	0.98	2.7778	0.0262	
84.5671	53.9416	0.9819	2.7778	0.0175	
84.7193	54.174	0.9829	2.7778	0.0087	
84.8734	54.4051	0.9829	2.7778	0.0	
85.0126	54.6101	0.982	2.4778	-0.0087	
85.1367	54.7891	0.9805	2.1778	-0.0175	
85.2452	54.9423	0.9785	1.8778	-0.0262	
85.3378	55.07	0.9763	1.5778	-0.0349	
85.4139	55.1727	0.9741	1.2778	-0.0436	
85.473	55.2505	0.9721	0.9778	-0.0524	
85.5146	55.3041	0.9704	0.6778	-0.0611	
85.5381	55.3337	0.9694	0.3778	-0.0698	
85.543	55.3398	0.9691	0.0778	-0.0785	
85.543	55.3398	0.9691	0.0	-0.0873	
85.543	55.3398	0.9691	0.0	-0.0873	
85.543	55.3398	0.9691	0.0	-0.0873	
85.543	55.3398	0.9691	0.0	-0.0873	
85.543	55.3398	0.9691	0.0	-0.0873	
85.543	55.3398	0.9691	0.0	-0.0873	
85.543	55.3398	0.9691	0.0	-0.0873	
85.543	55.3398	0.9691	0.0	-0.0873	
85.543	55.3398	0.9691	0.0	-0.0873	
85.543	55.3398	0.9691	0.0	-0.0873	
85.543	55.3398	0.9691	0.0	-0.0873	
85.543	55.3398	0.9691	0.0	-0.0785	
85.543	55.3398	0.9691	0.0	-0.0698	
85.543	55.3398	0.9691	0.0	-0.0611	
85.543	55.3398	0.9691	0.0	-0.0524	
85.543	55.3398	0.9691	0.0	-0.0436	
85.543	55.3398	0.9691	0.0	-0.0349	
85.543	55.3398	0.9691	0.0	-0.0262	
85.543	55.3398	0.9691	0.0	-0.0175	
85.543	55.3398	0.9691	0.0	-0.0087	
85.543	55.3398	0.9691	0.0	0.0	
85.5659	55.3725	0.969	0.4	-0.0087	
85.6123	55.4377	0.9684	0.8	-0.0175	
85.6829	55.5347	0.9672	1.2	-0.0262	
85.7782	55.6632	0.9649	1.6	-0.0349	
85.8992	55.8225	0.9614	2.0	-0.0436	
63	15	0.0	2.4	-0.0524	
63.2773	14.983	-0.0068	2.7778	-0.0611	
63.5542	14.9618	-0.0145	2.7778	-0.0698	
63.8308	14.936	-0.0233	2.7778	-0.0785	
64.1069	14.9053	-0.0329	2.7778	-0.0873	
64.3429	14.8768	-0.0412	2.3778	-0.0873	
64.5391	14.8515	-0.0481	1.9778	-0.0873	
64.6954	14.8302	-0.0536	1.5778	-0.0873	
64.812	14.8136	-0.0577	1.1778	-0.0873	
64.889	14.8024	-0.0604	0.7778	-0.0873	
64.9264	14.7968	-0.0618	0.3778	-0.0873	
64.9264	14.7968	-0.0618	0.0	-0.0873	
64.9264	14.7968	-0.0618	0.0	-0.0873	
64.9264	14.7968	-0.0618	0.0	-0.0873	
64.9264	14.7968	-0.0618	0.0	-0.0873	
64.956	14.7921	-0.0629	0.3	-0.096	
65.0152	14.7821	-0.0654	0.6	-0.1047	
65.1037	14.7661	-0.0695	0.9	-0.1134	
65.2215	14.7433	-0.0753	1.2	-0.1222	
65.3683	14.7125	-0.0832	1.5	-0.1309	
65.5439	14.6728	-0.0932	1.8	-0.1396	
65.7478	14.6225	-0.1056	2.1	-0.1484	
65.9796	14.5602	-0.1206	2.4	-0.1571	
66.2386	14.4839	-0.1384	2.7	-0.1658	
66.5028	14.3984	-0.1577	2.7778	-0.1745	
66.7654	14.3078	-0.177	2.7778	-0.1745	
67.0262	14.2121	-0.1963	2.7778	-0.1745	
67.2851	14.1115	-0.2156	2.7778	-0.1745	
67.542	14.0058	-0.2349	2.7778	-0.1745	
67.7968	13.8952	-0.2542	2.7778	-0.1745	
68.0495	13.7797	-0.2735	2.7778	-0.1745	
68.2998	13.6594	-0.2928	2.7778	-0.1745	
68.5478	13.5343	-0.3121	2.7778	-0.1745	
68.7933	13.4044	-0.3314	2.7778	-0.1745	
69.0363	13.2697	-0.3507	2.7778	-0.1745	
69.2754	13.1284	-0.3709	2.7778	-0.1833	
69.5104	12.9801	-0.3921	2.7778	-0.192	
69.7407	12.8249	-0.4143	2.7778	-0.2007	
69.9662	12.6627	-0.4374	2.7778	-0.2094	
70.1864	12.4934	-0.4614	2.7778	-0.2182	
70.4009	12.3169	-0.4864	2.7778	-0.2269	
70.6094	12.1333	-0.5124	2.7778	-0.2356	
70.8114	11.9426	-0.5393	2.7778	-0.2443	
71.0064	11.7448	-0.5671	2.7778	-0.2531	
71.1941	11.5401	-0.5958	2.7778	-0.2618	
71.3481	11.3589	-0.6212	2.3778	-0.2705	
71.471	11.2039	-0.6431	1.9778	-0.2793	
71.5652	11.0773	-0.661	1.5778	-0.288	
71.6329	10.981	-0.6748	1.1778	-0.2967	
71.6762	10.9164	-0.6841	0.7778	-0.3054	
71.6967	10.8846	-0.6888	0.3778	-0.3142	
71.6967	10.8846	-0.6888	0.0	-0.3229	
71.6967	10.8846	-0.6888	0.0	-0.3316	
71.6967	10.8846	-0.6888	0.0	-0.3403	
71.6967	10.8846	-0.6888	0.0	-0.3491	
71.6967	10.8846	-0.6888	0.0	-0.3578	
71.6967	10.8846	-0.6888	0.0	-0.3665	
71.6967	10.8846	-0.6888	0.0	-0.3752	
71.6967	10.8846	-0.6888	0.0	-0.384	
71.6967	10.8846	-0.6888	0.0	-0.3927	
71.6967	10.8846	-0.6888	0.0	-0.4014	
71.6967	10.8846	-0.6888	0.0	-0.4102	
71.6967	10.8846	-0.6888	0.0	-0.4189	
71.6967	10.8846	-0.6888	0.0	-0.4276	
71.6967	10.8846	-0.6888	0.0	-0.4363	
71.7094	10.8575	-0.6939	0.3	-0.4451	
71.734	10.8027	-0.7045	0.6	-0.4538	
71.7694	10.72	-0.7205	0.9	-0.4625	
71.8138	10.6085	-0.7423	1.2	-0.4712	
71.865	10.4675	-0.77	1.5	-0.48	
71.9203	10.2962	-0.8038	1.8	-0.4887	
71.9762	10.0938	-0.8439	2.1	-0.4974	
72.0288	9.8596	-0.8904	2.4	-0.5061	
72.0732	9.5933	-0.9436	2.7	-0.5149	
72.102	9.317	-0.9992	2.7778	-0.5236	
72.1117	9.0694	-1.0495	2.4778	-0.5323	
72.1074	8.8517	-1.0944	2.1778	-0.5411	
72.0936	8.6644	-1.1336	1.8778	-0.5498	
72.0745	8.5078	-1.167	1.5778	-0.5585	
72.0537	8.3817	-1.1945	1.2778	-0.5672	
72.0344	8.2859	-1.2158	0.9778	-0.576	
72.0189	8.2199	-1.2308	0.6778	-0.5847	
72.0094	8.1833	-1.2392	0.3778	-0.5934	
72.0074	8.1758	-1.241	0.0778	-0.6021	
72.0074	8.1758	-1.241	0.0	-0.6109	
72.0074	8.1758	-1.241	0.0	-0.6021	
72.0074	8.1758	-1.241	0.0	-0.5934	
72.0074	8.1758	-1.241	0.0	-0.5847	
72.0074	8.1758	-1.241	0.0	-0.576	
72.0074	8.1758	-1.241	0.0	-0.5672	
72.0074	8.1758	-1.241	0.0	-0.5585	
72.0074	8.1758	-1.241	0.0	-0.5498	
72.0074	8.1758	-1.241	0.0	-0.5411	
72.0074	8.1758	-1.241	0.0	-0.5323	
72.0074	8.1758	-1.241	0.0	-0.5236	
72.0074	8.1758	-1.241	0.0	-0.5236	
72.0074	8.1758	-1.241	0.0	-0.5236	
72.0074	8.1758	-1.241	0.0	-0.5236	
72.0074	8.1758	-1.241	0.0	-0.5236	
72.0074	8.1758	-1.241	0.0	-0.5236	
72.0074	8.1758	-1.241	0.0	-0.5236	
72.0074	8.1758	-1.241	0.0	-0.5236	
72.0074	8.1758	-1.241	0.0	-0.5236	
72.0074	8.1758	-1.241	0.0	-0.5236	
72.0074	8.1758	-1.241	0.0	-0.5236	
72.0013	8.1465	-1.2471	0.3	-0.5323	
71.9884	8.0879	-1.2594	0.6	-0.5411	
71.9671	8.0004	-1.2782	0.9	-0.5498	
71.9356	7.8846	-1.3037	1.2	-0.5585	
71.8913	7.7413	-1.3359	1.5	-0.5672	
71.831	7.5717	-1.3751	1.8	-0.576	
71.7514	7.3774	-1.4215	2.1	-0.5847	
71.6483	7.1607	-1.4752	2.4	-0.5934	
71.5173	6.9246	-1.5363	2.7	-0.6021	
71.3659	6.6917	-1.6001	2.7778	-0.6109	
71.198	6.4704	-1.6646	2.7778	-0.6196	
71.0144	6.2619	-1.7299	2.7778	-0.6283	
70.8159	6.0676	-1.796	2.7778	-0.637	
70.6034	5.8887	-1.8629	2.7778	-0.6458	
70.378	5.7264	-1.9305	2.7778	-0.6545	
70.1409	5.5817	-1.9989	2.7778	-0.6632	
69.8933	5.4557	-2.0681	2.7778	-0.672	
69.6367	5.3494	-2.138	2.7778	-0.6807	
69.3725	5.2635	-2.2087	2.7778	-0.6894	
69.1024	5.1989	-2.2801	2.7778	-0.6981	
68.8283	5.1537	-2.3515	2.7778	-0.6981	
68.5517	5.1282	-2.4229	2.7778	-0.6981	
68.274	5.1225	-2.4944	2.7778	-0.6981	
67.9966	5.1367	-2.5658	2.7778	-0.6981	
67.7209	5.1706	-2.6372	2.7778	-0.6981	
67.4483	5.224	-2.7086	2.7778	-0.6981	
67.1802	5.2968	-2.7801	2.7778	-0.6981	
66.918	5.3886	-2.8515	2.7778	-0.6981	
66.663	5.4988	-2.9229	2.7778	-0.6981	
66.4166	5.6269	-2.9943	2.7778	-0.6981	
66.1799	5.7723	-3.0657	2.7778	-0.6981	
65.9542	5.9342	-3.1372	2.7778	-0.6981	
65.7406	6.1118	3.0746	2.7778	-0.6981	
65.5402	6.3042	3.0032	2.7778	-0.6981	
65.3541	6.5104	2.9318	2.7778	-0.6981	
65.1832	6.7294	2.8603	2.7778	-0.6981	
65.0283	6.96	2.7889	2.7778	-0.6981	
64.8903	7.201	2.7175	2.7778	-0.6981	
64.7698	7.4513	2.6461	2.7778	-0.6981	
64.6675	7.7096	2.5747	2.7778	-0.6981	
64.5979	7.937	2.5129	2.3778	-0.7069	
64.5535	8.1297	2.461	1.9778	-0.7156	
64.5275	8.2853	2.4192	1.5778	-0.7243	
64.5139	8.4023	2.3876	1.1778	-0.733	
64.5081	8.4799	2.3666	0.7778	-0.7418	
64.5064	8.5176	2.3563	0.3778	-0.7505	
64.5064	8.5176	2.3563	0.0	-0.7592	
64.5064	8.5176	2.3563	0.0	-0.7679	
64.5064	8.5176	2.3563	0.0	-0.7767	
64.5064	8.5176	2.3563	0.0	-0.7854	
64.5064	8.5176	2.3563	0.0	-0.7767	
64.5064	8.5176	2.3563	0.0	-0.7679	
64.5064	8.5176	2.3563	0.0	-0.7592	
64.5064	8.5176	2.3563	0.0	-0.7505	
64.5064	8.5176	2.3563	0.0	-0.7418	
64.5064	8.5176	2.3563	0.0	-0.733	
64.5064	8.5176	2.3563	0.0	-0.7243	
64.5064	8.5176	2.3563	0.0	-0.7156	
64.5064	8.5176	2.3563	0.0	-0.7069	
64.5064	8.5176	2.3563	0.0	-0.6981	
64.5038	8.5475	2.3486	0.3	-0.6981	
64.499	8.6073	2.3332	0.6	-0.6981	
64.4932	8.6971	2.31	0.9	-0.6981	
64.4883	8.817	2.2792	1.2	-0.6981	
64.4867	8.967	2.2406	1.5	-0.6981	
64.4918	9.1469	2.1943	1.8	-0.6981	
64.5075	9.3563	2.1403	2.1	-0.6981	
64.5382	9.5944	2.0786	2.4	-0.6981	
64.5893	9.8595	2.0092	2.7	-0.6981	
64.6606	10.1279	1.9378	2.7778	-0.6981	
64.7328	10.344	1.8798	2.2778	-0.6894	
64.7974	10.5096	1.8351	1.7778	-0.6807	
64.848	10.6269	1.8033	1.2778	-0.672	
64.8805	10.6976	1.7841	0.7778	-0.6632	
64.8924	10.7227	1.7774	0.2778	-0.6545	
64.8924	10.7227	1.7774	0.0	-0.6458	
64.8924	10.7227	1.7774	0.0	-0.637	
64.8924	10.7227	1.7774	0.0	-0.6283	
64.8924	10.7227	1.7774	0.0	-0.6196	
64.8924	10.7227	1.7774	0.0	-0.6109	
64.8962	10.732	1.7751	0.1	-0.6021	
64.9038	10.7505	1.7706	0.2	-0.5934	
64.9151	10.7783	1.764	0.3	-0.5847	
64.93	10.8154	1.7553	0.4	-0.576	
64.9487	10.8618	1.7445	0.5	-0.5672	
64.9712	10.9174	1.7318	0.6	-0.5585	
64.9977	10.9821	1.7172	0.7	-0.5498	
65.0285	11.056	1.7007	0.8	-0.5411	
65.0638	11.1388	1.6824	0.9	-0.5323	
65.1038	11.2304	1.6624	1.0	-0.5236	
-1
55.0	47.0	0.0	0.0	0.0087	
55.0	47.0	0.0	0.0	0.0175	
55.0	47.0	0.0	0.0	0.0262	
55.0	47.0	0.0	0.0	0.0349	
55.0	47.0	0.0	0.0	0.0436	
55.0	47.0	0.0	0.0	0.0524	
55.0	47.0	0.0	0.0	0.0611	
55.0	47.0	0.0	0.0	0.0698	
55.0	47.0	0.0	0.0	0.0785	
55.0	47.0	0.0	0.0	0.0873	
55.0199	47.0019	0.0008	0.2	0.096	
55.0597	47.0061	0.0024	0.4	0.1047	
55.1193	47.0131	0.0052	0.6	0.1134	
55.1986	47.0232	0.0091	0.8	0.1222	
55.2977	47.0372	0.0143	1.0	0.1309	
55.4162	47.0556	0.021	1.2	0.1396	
55.5542	47.0792	0.0292	1.4	0.1484	
55.7115	47.1088	0.0392	1.6	0.1571	
55.8877	47.1455	0.0511	1.8	0.1658	
56.0826	47.1902	0.065	2.0	0.1745	
56.2283	47.2258	0.0754	1.5	0.1745	
56.3252	47.2505	0.0824	1.0	0.1745	
56.3736	47.2632	0.0859	0.5	0.1745	
56.3736	47.2632	0.0859	0.0	0.1745	
56.3736	47.2632	0.0859	0.0	0.1745	
56.3736	47.2632	0.0859	0.0	0.1745	
56.3736	47.2632	0.0859	0.0	0.1745	
56.3736	47.2632	0.0859	0.0	0.1745	
56.3736	47.2632	0.0859	0.0	0.1745	
56.3736	47.2632	0.0859	0.0	0.1745	
56.3736	47.2632	0.0859	0.0	0.1658	
56.3736	47.2632	0.0859	0.0	0.1571	
56.3736	47.2632	0.0859	0.0	0.1484	
56.3736	47.2632	0.0859	0.0	0.1396	
56.3736	47.2632	0.0859	0.0	0.1309	
56.3736	47.2632	0.0859	0.0	0.1222	
56.3736	47.2632	0.0859	0.0	0.1134	
56.3736	47.2632	0.0859	0.0	0.1047	
56.3736	47.2632	0.0859	0.0	0.096	
56.3736	47.2632	0.0859	0.0	0.0873	
56.4031	47.2687	0.087	0.3	0.096	
56.462	47.2801	0.0895	0.6	0.1047	
56.5502	47.2982	0.0936	0.9	0.1134	
56.6674	47.3239	0.0994	1.2	0.1222	
56.8134	47.3582	0.1073	1.5	0.1309	
56.9879	47.4022	0.1173	1.8	0.1396	
57.1906	47.4573	0.1297	2.1	0.1484	
57.4208	47.5252	0.1447	2.4	0.1571	
57.6779	47.6077	0.1626	2.7	0.1658	
57.94	47.6996	0.1818	2.7778	0.1745	
58.2012	47.7942	0.2002	2.7778	0.1658	
58.4614	47.8913	0.2176	2.7778	0.1571	
58.7208	47.9907	0.234	2.7778	0.1484	
58.9794	48.0921	0.2495	2.7778	0.1396	
59.2373	48.1952	0.264	2.7778	0.1309	
59.4947	48.2999	0.2775	2.7778	0.1222	
59.7515	48.4057	0.2901	2.7778	0.1134	
60.0079	48.5125	0.3017	2.7778	0.1047	
60.264	48.6201	0.3123	2.7778	0.096	
60.5199	48.7282	0.322	2.7778	0.0873	
60.7665	48.8326	0.3304	2.6778	0.0785	
61.0039	48.9331	0.3376	2.5778	0.0698	
61.2322	49.0293	0.3437	2.4778	0.0611	
61.4516	49.121	0.3487	2.3778	0.0524	
61.6621	49.2081	0.3526	2.2778	0.0436	
61.8637	49.2904	0.3557	2.1778	0.0349	
62.0565	49.3678	0.3578	2.0778	0.0262	
62.2405	49.4403	0.3592	1.9778	0.0175	
62.4157	49.5078	0.3599	1.8778	0.0087	
62.5821	49.5704	0.3599	1.7778	0.0	
62.7584	49.635	0.3592	1.8778	-0.0087	
62.9448	49.7013	0.3578	1.9778	-0.0175	
63.1412	49.769	0.3557	2.0778	-0.0262	
63.3479	49.8376	0.3526	2.1778	-0.0349	
63.5649	49.9069	0.3487	2.2778	-0.0436	
63.7923	49.9763	0.3437	2.3778	-0.0524	
64.0303	50.0454	0.3376	2.4778	-0.0611	
64.2788	50.1136	0.3304	2.5778	-0.0698	
64.5382	50.1804	0.322	2.6778	-0.0785	
64.8083	50.245	0.3123	2.7778	-0.0873	
65.0694	50.3047	0.303	2.6778	-0.0873	
65.3212	50.3599	0.294	2.5778	-0.0873	
65.5637	50.4108	0.2854	2.4778	-0.0873	
65.7968	50.4576	0.2771	2.3778	-0.0873	
66.0205	50.5006	0.2692	2.2778	-0.0873	
66.2347	50.5399	0.2616	2.1778	-0.0873	
66.4393	50.576	0.2543	2.0778	-0.0873	
66.6343	50.6089	0.2474	1.9778	-0.0873	
66.8197	50.6388	0.2409	1.8778	-0.0873	
66.9954	50.666	0.2347	1.7778	-0.0873	
67.1615	50.6892	0.2282	1.6778	-0.096	
67.3181	50.7086	0.2216	1.5778	-0.1047	
67.465	50.7246	0.215	1.4778	-0.1134	
67.6022	50.7374	0.2082	1.3778	-0.1222	
67.7296	50.7472	0.2016	1.2778	-0.1309	
67.8472	50.7545	0.195	1.1778	-0.1396	
67.9548	50.7596	0.1886	1.0778	-0.1484	
68.0525	50.7626	0.1825	0.9778	-0.1571	
68.1403	50.7641	0.1767	0.8778	-0.1658	
68.2181	50.7643	0.1713	0.7778	-0.1745	
68.2659	50.7641	0.168	0.4778	-0.1745	
68.2836	50.764	0.1668	0.1778	-0.1745	
68.2836	50.764	0.1668	0.0	-0.1745	
68.2836	50.764	0.1668	0.0	-0.1745	
68.2836	50.764	0.1668	0.0	-0.1745	
68.2836	50.764	0.1668	0.0	-0.1745	
68.2836	50.764	0.1668	0.0	-0.1745	
68.2836	50.764	0.1668	0.0	-0.1745	
68.2836	50.764	0.1668	0.0	-0.1745	
68.2836	50.764	0.1668	0.0	-0.1745	
68.2936	50.7638	0.166	0.1	-0.1833	
68.3136	50.7633	0.1645	0.2	-0.192	
68.3436	50.7622	0.1621	0.3	-0.2007	
68.3836	50.7603	0.1588	0.4	-0.2094	
68.4335	50.7574	0.1545	0.5	-0.2182	
68.4933	50.753	0.1491	0.6	-0.2269	
68.5631	50.747	0.1425	0.7	-0.2356	
68.6427	50.7389	0.1348	0.8	-0.2443	
68.732	50.7282	0.1258	0.9	-0.2531	
68.8311	50.7147	0.1154	1.0	-0.2618	
68.8806	50.7074	0.1102	0.5	-0.2618	
68.8806	50.7074	0.1102	0.0	-0.2618	
68.8806	50.7074	0.1102	0.0	-0.2618	
68.8806	50.7074	0.1102	0.0	-0.2618	
68.8806	50.7074	0.1102	0.0	-0.2618	
68.8806	50.7074	0.1102	0.0	-0.2618	
68.8806	50.7074	0.1102	0.0	-0.2618	
68.8806	50.7074	0.1102	0.0	-0.2618	
68.8806	50.7074	0.1102	0.0	-0.2618	
68.8806	50.7074	0.1102	0.0	-0.2618	
68.8806	50.7074	0.1102	0.0	-0.2531	
68.8806	50.7074	0.1102	0.0	-0.2443	
68.8806	50.7074	0.1102	0.0	-0.2356	
68.8806	50.7074	0.1102	0.0	-0.2269	
68.8806	50.7074	0.1102	0.0	-0.2182	
68.8806	50.7074	0.1102	0.0	-0.2094	
68.8806	50.7074	0.1102	0.0	-0.2007	
68.8806	50.7074	0.1102	0.0	-0.192	
68.8806	50.7074	0.1102	0.0	-0.1833	
68.8806	50.7074	0.1102	0.0	-0.1745	
68.8806	50.7074	0.1102	0.0	-0.1833	
68.8806	50.7074	0.1102	0.0	-0.192	
68.8806	50.7074	0.1102	0.0	-0.2007	
68.8806	50.7074	0.1102	0.0	-0.2094	
68.8806	50.7074	0.1102	0.0	-0.2182	
68.8806	50.7074	0.1102	0.0	-0.2269	
68.8806	50.7074	0.1102	0.0	-0.2356	
68.8806	50.7074	0.1102	0.0	-0.2443	
68.8806	50.7074	0.1102	0.0	-0.2531	
68.8806	50.7074	0.1102	0.0	-0.2618	
68.9102	50.7026	0.107	0.3	-0.2705	
68.9693	50.6923	0.1004	0.6	-0.2793	
69.0577	50.6755	0.0902	0.9	-0.288	
69.1752	50.6509	0.0762	1.2	-0.2967	
69.3212	50.6168	0.0581	1.5	-0.3054	
69.4954	50.5713	0.0359	1.8	-0.3142	
69.6968	50.5118	0.0092	2.1	-0.3229	
69.9244	50.4358	-0.022	2.4	-0.3316	
70.1769	50.3401	-0.0581	2.7	-0.3403	
70.432	50.2301	-0.0961	2.7778	-0.3491	
70.6837	50.1126	-0.1332	2.7778	-0.3403	
70.932	49.9881	-0.1694	2.7778	-0.3316	
71.1768	49.8568	-0.2046	2.7778	-0.3229	
71.418	49.7191	-0.2389	2.7778	-0.3142	
71.6557	49.5753	-0.2724	2.7778	-0.3054	
71.8897	49.4256	-0.3048	2.7778	-0.2967	
72.12	49.2704	-0.3364	2.7778	-0.288	
72.3468	49.11	-0.367	2.7778	-0.2793	
72.57	48.9446	-0.3967	2.7778	-0.2705	
72.7897	48.7747	-0.4255	2.7778	-0.2618	
73.0044	48.5984	-0.4542	2.7778	-0.2618	
73.214	48.4161	-0.483	2.7778	-0.2618	
73.4182	48.2278	-0.5117	2.7778	-0.2618	
73.617	48.0337	-0.5405	2.7778	-0.2618	
73.81	47.834	-0.5693	2.7778	-0.2618	
73.9973	47.6288	-0.598	2.7778	-0.2618	
74.1786	47.4184	-0.6268	2.7778	-0.2618	
74.3537	47.2028	-0.6555	2.7778	-0.2618	
74.5226	46.9822	-0.6843	2.7778	-0.2618	
74.685	46.7569	-0.7131	2.7778	-0.2618	
74.8168	46.5589	-0.7385	2.3778	-0.2705	
74.9207	46.3907	-0.7603	1.9778	-0.2793	
74.9994	46.2539	-0.7782	1.5778	-0.288	
75.0554	46.1503	-0.792	1.1778	-0.2967	
75.0909	46.0811	-0.8013	0.7778	-0.3054	
75.1075	46.0472	-0.806	0.3778	-0.3142	
75.1075	46.0472	-0.806	0.0	-0.3229	
75.1075	46.0472	-0.806	0.0	-0.3316	
75.1075	46.0472	-0.806	0.0	-0.3403	
75.1075	46.0472	-0.806	0.0	-0.3491	
75.1115	46.038	-0.8074	0.1	-0.3578	
75.1192	46.0196	-0.8103	0.2	-0.3665	
75.1305	45.9918	-0.8147	0.3	-0.3752	
75.145	45.9545	-0.8207	0.4	-0.384	
75.1625	45.9077	-0.8283	0.5	-0.3927	
75.1826	45.8511	-0.8377	0.6	-0.4014	
75.2048	45.7847	-0.8489	0.7	-0.4102	
75.2287	45.7084	-0.8619	0.8	-0.4189	
75.2537	45.6219	-0.8768	0.9	-0.4276	
75.2792	45.5252	-0.8937	1.0	-0.4363	
75.3088	45.4089	-0.9136	1.2	-0.4276	
75.3418	45.2729	-0.9364	1.4	-0.4189	
75.3774	45.1169	-0.9619	1.6	-0.4102	
75.4145	44.9408	-0.99	1.8	-0.4014	
75.4519	44.7443	-1.0207	2.0	-0.3927	
75.4883	44.5273	-1.0536	2.2	-0.384	
75.5222	44.2897	-1.0888	2.4	-0.3752	
75.5522	44.0315	-1.1261	2.6	-0.3665	
75.5763	43.7547	-1.165	2.7778	-0.3578	
75.592	43.4774	-1.203	2.7778	-0.3491	
75.5963	43.2497	-1.2341	2.2778	-0.3491	
75.5941	43.0719	-1.2585	1.7778	-0.3491	
75.5894	42.9442	-1.276	1.2778	-0.3491	
75.5852	42.8665	-1.2866	0.7778	-0.3491	
75.5834	42.8388	-1.2904	0.2778	-0.3491	
75.5834	42.8388	-1.2904	0.0	-0.3491	
75.5834	42.8388	-1.2904	0.0	-0.3491	
75.5834	42.8388	-1.2904	0.0	-0.3491	
75.5834	42.8388	-1.2904	0.0	-0.3491	
75.5834	42.8388	-1.2904	0.0	-0.3491	
75.5834	42.8388	-1.2904	0.0	-0.3403	
75.5834	42.8388	-1.2904	0.0	-0.3316	
75.5834	42.8388	-1.2904	0.0	-0.3229	
75.5834	42.8388	-1.2904	0.0	-0.3142	
75.5834	42.8388	-1.2904	0.0	-0.3054	
75.5834	42.8388	-1.2904	0.0	-0.2967	
75.5834	42.8388	-1.2904	0.0	-0.288	
75.5834	42.8388	-1.2904	0.0	-0.2793	
75.5834	42.8388	-1.2904	0.0	-0.2705	
75.5834	42.8388	-1.2904	0.0	-0.2618	
75.5836	42.8188	-1.2925	0.2	-0.2705	
75.5836	42.7788	-1.2969	0.4	-0.2793	
75.5827	42.7188	-1.3038	0.6	-0.288	
75.5803	42.6389	-1.3131	0.8	-0.2967	
75.5756	42.539	-1.3251	1.0	-0.3054	
75.5674	42.4193	-1.34	1.2	-0.3142	
75.5545	42.2799	-1.3577	1.4	-0.3229	
75.5356	42.121	-1.3786	1.6	-0.3316	
75.509	41.9429	-1.4026	1.8	-0.3403	
75.473	41.7462	-1.43	2.0	-0.3491	
75.4275	41.531	-1.4601	2.2	-0.3491	
75.3709	41.2977	-1.4929	2.4	-0.3491	
75.3012	41.0472	-1.5285	2.6	-0.3491	
75.2173	40.7824	-1.5665	2.7778	-0.3491	
75.1235	40.521	-1.6045	2.7778	-0.3491	
75.0197	40.2633	-1.6425	2.7778	-0.3491	
74.9063	40.0098	-1.6805	2.7778	-0.3491	
74.7833	39.7607	-1.7185	2.7778	-0.3491	
74.6509	39.5165	-1.7565	2.7778	-0.3491	
74.5093	39.2775	-1.7945	2.7778	-0.3491	
74.3567	39.0454	-1.8334	2.7778	-0.3578	
74.1933	38.8208	-1.8732	2.7778	-0.3665	
74.0191	38.6044	-1.9139	2.7778	-0.3752	
73.8345	38.3969	-1.9556	2.7778	-0.384	
73.6396	38.1989	-1.9981	2.7778	-0.3927	
73.4349	38.0112	-2.0415	2.7778	-0.4014	
73.2206	37.8344	-2.0858	2.7778	-0.4102	
72.9973	37.6692	-2.131	2.7778	-0.4189	
72.7654	37.5163	-2.1771	2.7778	-0.4276	
72.5255	37.3763	-2.224	2.7778	-0.4363	
72.2804	37.2455	-2.2701	2.7778	-0.4276	
72.0306	37.1241	-2.3153	2.7778	-0.4189	
71.7765	37.0118	-2.3596	2.7778	-0.4102	
71.5186	36.9086	-2.403	2.7778	-0.4014	
71.2573	36.8144	-2.4455	2.7778	-0.3927	
70.9929	36.7291	-2.4872	2.7778	-0.384	
70.7259	36.6526	-2.5279	2.7778	-0.3752	
70.4566	36.5846	-2.5677	2.7778	-0.3665	
70.1853	36.5251	-2.6066	2.7778	-0.3578	
69.9123	36.4737	-2.6446	2.7778	-0.3491	
69.6768	36.4407	-2.6779	2.3778	-0.3578	
69.4799	36.4216	-2.7063	1.9778	-0.3665	
69.3224	36.4121	-2.7294	1.5778	-0.3752	
69.2047	36.4088	-2.7471	1.1778	-0.384	
69.1269	36.4086	-2.759	0.7778	-0.3927	
69.0892	36.4093	-2.7649	0.3778	-0.4014	
69.0892	36.4093	-2.7649	0.0	-0.4102	
69.0892	36.4093	-2.7649	0.0	-0.4189	
69.0892	36.4093	-2.7649	0.0	-0.4276	
69.0892	36.4093	-2.7649	0.0	-0.4363	
69.0692	36.4105	-2.7683	0.2	-0.4363	
69.0293	36.4131	-2.775	0.4	-0.4363	
68.9694	36.4172	-2.7852	0.6	-0.4363	
68.8897	36.4236	-2.7987	0.8	-0.4363	
68.7901	36.4329	-2.8156	1.0	-0.4363	
68.6708	36.4462	-2.8359	1.2	-0.4363	
68.532	36.4644	-2.8595	1.4	-0.4363	
68.3739	36.489	-2.8866	1.6	-0.4363	
68.1969	36.5214	-2.917	1.8	-0.4363	
68.0014	36.5635	-2.9508	2.0	-0.4363	
67.7778	36.6174	-2.989	2.3	-0.4276	
67.5269	36.6859	-3.0313	2.6	-0.4189	
67.2616	36.7679	-3.0756	2.7778	-0.4102	
66.9993	36.8593	-3.119	2.7778	-0.4014	
66.7403	36.9598	3.1217	2.7778	-0.3927	
66.4849	37.069	3.08	2.7778	-0.384	
66.2332	37.1865	3.0393	2.7778	-0.3752	
65.9854	37.312	2.9995	2.7778	-0.3665	
65.7416	37.4451	2.9606	2.7778	-0.3578	
65.5019	37.5856	2.9226	2.7778	-0.3491	
65.2678	37.735	2.8846	2.7778	-0.3491	
65.0394	37.8933	2.8466	2.7778	-0.3491	
64.8173	38.06	2.8086	2.7778	-0.3491	
64.6017	38.2352	2.7706	2.7778	-0.3491	
64.3929	38.4183	2.7326	2.7778	-0.3491	
64.1912	38.6093	2.6946	2.7778	-0.3491	
63.9969	38.8078	2.6566	2.7778	-0.3491	
63.8102	39.0136	2.6186	2.7778	-0.3491	
63.6315	39.2263	2.5806	2.7778	-0.3491	
63.4611	39.4456	2.5426	2.7778	-0.3491	
63.3241	39.6399	2.5093	2.3778	-0.3578	
63.217	39.8062	2.4809	1.9778	-0.3665	
63.1366	39.942	2.4578	1.5778	-0.3752	
63.0798	40.0452	2.4401	1.1778	-0.384	
63.0442	40.1143	2.4282	0.7778	-0.3927	
63.0275	40.1482	2.4223	0.3778	-0.4014	
63.0275	40.1482	2.4223	0.0	-0.4102	
63.0275	40.1482	2.4223	0.0	-0.4189	
63.0275	40.1482	2.4223	0.0	-0.4276	
63.0275	40.1482	2.4223	0.0	-0.4363	
63.0275	40.1482	2.4223	0.0	-0.4276	
63.0275	40.1482	2.4223	0.0	-0.4189	
63.0275	40.1482	2.4223	0.0	-0.4102	
63.0275	40.1482	2.4223	0.0	-0.4014	
63.0275	40.1482	2.4223	0.0	-0.3927	
63.0275	40.1482	2.4223	0.0	-0.384	
63.0275	40.1482	2.4223	0.0	-0.3752	
63.0275	40.1482	2.4223	0.0	-0.3665	
63.0275	40.1482	2.4223	0.0	-0.3578	
63.0275	40.1482	2.4223	0.0	-0.3491	
63.0275	40.1482	2.4223	0.0	-0.3578	
63.0275	40.1482	2.4223	0.0	-0.3665	
63.0275	40.1482	2.4223	0.0	-0.3752	
63.0275	40.1482	2.4223	0.0	-0.384	
63.0275	40.1482	2.4223	0.0	-0.3927	
63.0275	40.1482	2.4223	0.0	-0.4014	
63.0275	40.1482	2.4223	0.0	-0.4102	
63.0275	40.1482	2.4223	0.0	-0.4189	
63.0275	40.1482	2.4223	0.0	-0.4276	
63.0275	40.1482	2.4223	0.0	-0.4363	
63.0275	40.1482	2.4223	0.0	-0.4451	
63.0275	40.1482	2.4223	0.0	-0.4538	
63.0275	40.1482	2.4223	0.0	-0.4625	
63.0275	40.1482	2.4223	0.0	-0.4712	
63.0275	40.1482	2.4223	0.0	-0.48	
63.0275	40.1482	2.4223	0.0	-0.4887	
63.0275	40.1482	2.4223	0.0	-0.4974	
63.0275	40.1482	2.4223	0.0	-0.5061	
63.0275	40.1482	2.4223	0.0	-0.5149	
63.0275	40.1482	2.4223	0.0	-0.5236	
63.0275	40.1482	2.4223	0.0	-0.5149	
63.0275	40.1482	2.4223	0.0	-0.5061	
63.0275	40.1482	2.4223	0.0	-0.4974	
63.0275	40.1482	2.4223	0.0	-0.4887	
63.0275	40.1482	2.4223	0.0	-0.48	
63.0275	40.1482	2.4223	0.0	-0.4712	
63.0275	40.1482	2.4223	0.0	-0.4625	
63.0275	40.1482	2.4223	0.0	-0.4538	
63.0275	40.1482	2.4223	0.0	-0.4451	
63.0275	40.1482	2.4223	0.0	-0.4363	
63.0152	40.1755	2.4173	0.3	-0.4276	
62.9903	40.2301	2.4076	0.6	-0.4189	
62.9531	40.3121	2.3932	0.9	-0.4102	
62.904	40.4216	2.3745	1.2	-0.4014	
62.8441	40.5591	2.3515	1.5	-0.3927	
62.7745	40.7251	2.3245	1.8	-0.384	
62.6969	40.9202	2.2938	2.1	-0.3752	
62.6132	41.1452	2.2594	2.4	-0.3665	
62.5255	41.4005	2.2215	2.7	-0.3578	
62.443	41.6658	2.1835	2.7778	-0.3491	
62.379	41.8948	2.1518	2.3778	-0.3403	
62.3302	42.0864	2.126	1.9778	-0.3316	
62.2939	42.24	2.106	1.5778	-0.3229	
62.268	42.3549	2.0914	1.1778	-0.3142	
62.2514	42.4309	2.0821	0.7778	-0.3054	
62.2434	42.4678	2.0777	0.3778	-0.2967	
62.2434	42.4678	2.0777	0.0	-0.288	
62.2434	42.4678	2.0777	0.0	-0.2793	
62.2434	42.4678	2.0777	0.0	-0.2705	
62.2434	42.4678	2.0777	0.0	-0.2618	
62.2313	42.5163	2.0725	0.5	-0.2618	
62.2075	42.6134	2.0621	1.0	-0.2618	
62.1734	42.7595	2.0466	1.5	-0.2618	
62.1309	42.9549	2.0259	2.0	-0.2618	
62.0829	43.2003	2.0	2.5	-0.2618	
62.0366	43.4742	1.9713	2.7778	-0.2618	
61.9982	43.7493	1.9425	2.7778	-0.2618	
61.9677	44.0254	1.9137	2.7778	-0.2618	
61.9452	44.3022	1.885	2.7778	-0.2618	
61.9306	44.5796	1.8562	2.7778	-0.2618	
61.922	44.8473	1.8294	2.6778	-0.2531	
61.9183	45.105	1.8045	2.5778	-0.2443	
61.9188	45.3528	1.7813	2.4778	-0.2356	
61.9227	45.5905	1.7599	2.3778	-0.2269	
61.9293	45.8182	1.7402	2.2778	-0.2182	
61.938	46.0358	1.7221	2.1778	-0.2094	
61.9483	46.2434	1.7055	2.0778	-0.2007	
61.9596	46.4408	1.6904	1.9778	-0.192	
61.9715	46.6282	1.6767	1.8778	-0.1833	
61.9837	46.8056	1.6644	1.7778	-0.1745	
-1
48.0	39.1644	1.5708	1.6444	0.0	
48.0	39.2989	1.5708	1.3444	0.0	
48.0	39.4033	1.5708	1.0444	0.0	
48.0	39.4778	1.5708	0.7444	0.0	
48.0	39.5222	1.5708	0.4444	0.0	
48.0	39.5367	1.5708	0.1444	0.0	
48.0	39.5367	1.5708	0.0	0.0	
48.0	39.5367	1.5708	0.0	0.0	
48.0	39.5367	1.5708	0.0	0.0	
48.0	39.5367	1.5708	0.0	0.0	
47.9997	39.5667	1.5709	0.3	0.0087	
47.9987	39.6267	1.5713	0.6	0.0175	
47.9963	39.7166	1.5723	0.9	0.0262	
47.9919	39.8365	1.5739	1.2	0.0349	
47.9849	39.9864	1.5766	1.5	0.0436	
47.9744	40.1661	1.5803	1.8	0.0524	
47.9596	40.3756	1.5855	2.1	0.0611	
47.9394	40.6147	1.5921	2.4	0.0698	
47.9125	40.8834	1.6006	2.7	0.0785	
47.88	41.1592	1.6103	2.7778	0.0873	
47.8462	41.4249	1.6196	2.6778	0.0873	
47.8112	41.6803	1.6286	2.5778	0.0873	
47.7753	41.9254	1.6373	2.4778	0.0873	
47.7389	42.1604	1.6456	2.3778	0.0873	
47.7022	42.3852	1.6535	2.2778	0.0873	
47.6654	42.5998	1.6611	2.1778	0.0873	
47.6287	42.8043	1.6683	2.0778	0.0873	
47.5923	42.9988	1.6752	1.9778	0.0873	
47.5565	43.1831	1.6818	1.8778	0.0873	
47.5215	43.3574	1.688	1.7778	0.0873	
47.486	43.5214	1.6944	1.6778	0.096	
47.4503	43.6751	1.701	1.5778	0.1047	
47.4147	43.8185	1.7077	1.4778	0.1134	
47.3794	43.9516	1.7144	1.3778	0.1222	
47.3447	44.0746	1.7211	1.2778	0.1309	
47.3111	44.1875	1.7276	1.1778	0.1396	
47.2787	44.2903	1.734	1.0778	0.1484	
47.2479	44.3831	1.7401	0.9778	0.1571	
47.219	44.466	1.7459	0.8778	0.1658	
47.1924	44.5391	1.7513	0.7778	0.1745	
47.149	44.6593	1.7598	1.2778	0.1658	
47.0887	44.8265	1.7709	1.7778	0.1571	
47.0109	45.0406	1.7844	2.2778	0.1484	
46.9149	45.3012	1.7998	2.7778	0.1396	
46.817	45.5612	1.8143	2.7778	0.1309	
46.7177	45.8206	1.8279	2.7778	0.1222	
46.6171	46.0795	1.8404	2.7778	0.1134	
46.5155	46.3381	1.8521	2.7778	0.1047	
46.4132	46.5963	1.8627	2.7778	0.096	
46.3104	46.8544	1.8724	2.7778	0.0873	
46.2028	47.1105	1.883	2.7778	0.096	
46.0903	47.3645	1.8946	2.7778	0.1047	
45.9727	47.6161	1.9072	2.7778	0.1134	
45.8497	47.8652	1.9208	2.7778	0.1222	
45.7213	48.1115	1.9353	2.7778	0.1309	
45.5871	48.3547	1.9507	2.7778	0.1396	
45.4471	48.5946	1.9672	2.7778	0.1484	
45.3011	48.8309	1.9845	2.7778	0.1571	
45.1489	49.0633	2.0029	2.7778	0.1658	
44.9906	49.2915	2.0222	2.7778	0.1745	
44.8298	49.5181	2.0405	2.7778	0.1658	
44.6669	49.743	2.0579	2.7778	0.1571	
44.502	49.9666	2.0743	2.7778	0.1484	
44.3354	50.1889	2.0898	2.7778	0.1396	
44.1673	50.41	2.1043	2.7778	0.1309	
43.998	50.6302	2.1178	2.7778	0.1222	
43.8276	50.8496	2.1304	2.7778	0.1134	
43.6563	51.0683	2.142	2.7778	0.1047	
43.4844	51.2865	2.1527	2.7778	0.096	
43.3121	51.5044	2.1623	2.7778	0.0873	
43.1377	51.7206	2.172	2.7778	0.0873	
42.9612	51.9351	2.1817	2.7778	0.0873	
42.7827	52.1478	2.1914	2.7778	0.0873	
42.602	52.3589	2.2011	2.7778	0.0873	
42.4194	52.5682	2.2108	2.7778	0.0873	
42.2347	52.7757	2.2205	2.7778	0.0873	
42.048	52.9814	2.2301	2.7778	0.0873	
41.8594	53.1853	2.2398	2.7778	0.0873	
41.6688	53.3873	2.2495	2.7778	0.0873	
41.4762	53.5875	2.2592	2.7778	0.0873	
41.2904	53.7803	2.2676	2.6778	0.0785	
41.1116	53.966	2.2748	2.5778	0.0698	
40.94	54.1447	2.2808	2.4778	0.0611	
40.7757	54.3167	2.2858	2.3778	0.0524	
40.619	54.482	2.2898	2.2778	0.0436	
40.47	54.6408	2.2928	2.1778	0.0349	
40.3286	54.793	2.295	2.0778	0.0262	
40.195	54.9389	2.2964	1.9778	0.0175	
40.0692	55.0783	2.297	1.8778	0.0087	
39.9511	55.2112	2.297	1.7778	0.0	
39.8596	55.3142	2.297	1.3778	0.0	
39.7947	55.3873	2.297	0.9778	0.0	
39.7563	55.4305	2.297	0.5778	0.0	
39.7445	55.4438	2.297	0.1778	0.0	
39.7445	55.4438	2.297	0.0	0.0	
39.7445	55.4438	2.297	0.0	0.0	
39.7445	55.4438	2.297	0.0	0.0	
39.7445	55.4438	2.297	0.0	0.0	
39.7445	55.4438	2.297	0.0	0.0	
39.7445	55.4438	2.297	0.0	0.0	
39.7445	55.4438	2.297	0.0	-0.0087	
39.7445	55.4438	2.297	0.0	-0.0175	
39.7445	55.4438	2.297	0.0	-0.0262	
39.7445	55.4438	2.297	0.0	-0.0349	
39.7445	55.4438	2.297	0.0	-0.0436	
39.7445	55.4438	2.297	0.0	-0.0524	
39.7445	55.4438	2.297	0.0	-0.0611	
39.7445	55.4438	2.297	0.0	-0.0698	
39.7445	55.4438	2.297	0.0	-0.0785	
39.7445	55.4438	2.297	0.0	-0.0873	
39.721	55.4761	2.2955	0.4	-0.096	
39.6745	55.5412	2.2922	0.8	-0.1047	
39.6059	55.6397	2.2867	1.2	-0.1134	
39.5164	55.7723	2.2789	1.6	-0.1222	
39.4073	55.9399	2.2685	2.0	-0.1309	
12	18	0.0	2.4	-0.1396	
12.2747	17.9589	-0.0164	2.7778	-0.1484	
12.5483	17.911	-0.0338	2.7778	-0.1571	
12.8206	17.8559	-0.0521	2.7778	-0.1658	
13.0913	17.7935	-0.0714	2.7778	-0.1745	
13.3515	17.7305	-0.0891	2.6778	-0.1658	
13.6015	17.6677	-0.1052	2.5778	-0.1571	
13.8414	17.6056	-0.1199	2.4778	-0.1484	
14.0712	17.5445	-0.1331	2.3778	-0.1396	
14.2911	17.4851	-0.145	2.2778	-0.1309	
14.5012	17.4276	-0.1556	2.1778	-0.1222	
14.7015	17.3724	-0.165	2.0778	-0.1134	
14.8921	17.3196	-0.1733	1.9778	-0.1047	
15.0731	17.2697	-0.1805	1.8778	-0.096	
15.2445	17.2226	-0.1867	1.7778	-0.0873	
15.3968	17.1813	-0.1917	1.5778	-0.0785	
15.5299	17.1457	-0.1955	1.3778	-0.0698	
15.6438	17.1158	-0.1984	1.1778	-0.0611	
15.7385	17.0915	-0.2004	0.9778	-0.0524	
15.814	17.0727	-0.2018	0.7778	-0.0436	
15.8702	17.0592	-0.2026	0.5778	-0.0349	
15.907	17.0506	-0.203	0.3778	-0.0262	
15.9243	17.0467	-0.2031	0.1778	-0.0175	
15.9243	17.0467	-0.2031	0.0	-0.0087	
15.9243	17.0467	-0.2031	0.0	0.0	
15.9243	17.0467	-0.2031	0.0	-0.0087	
15.9243	17.0467	-0.2031	0.0	-0.0175	
15.9243	17.0467	-0.2031	0.0	-0.0262	
15.9243	17.0467	-0.2031	0.0	-0.0349	
15.9243	17.0467	-0.2031	0.0	-0.0436	
15.9243	17.0467	-0.2031	0.0	-0.0524	
15.9243	17.0467	-0.2031	0.0	-0.0611	
15.9243	17.0467	-0.2031	0.0	-0.0698	
15.9243	17.0467	-0.2031	0.0	-0.0785	
15.9243	17.0467	-0.2031	0.0	-0.0873	
15.9531	17.0384	-0.2041	0.3	-0.0785	
16.0109	17.0221	-0.2057	0.6	-0.0698	
16.0977	16.9984	-0.2079	0.9	-0.0611	
16.2137	16.9675	-0.2104	1.2	-0.0524	
16.3588	16.9298	-0.2131	1.5	-0.0436	
16.5333	16.8857	-0.2156	1.8	-0.0349	
16.7372	16.8354	-0.2178	2.1	-0.0262	
16.9706	16.7794	-0.2194	2.4	-0.0175	
17.2336	16.7184	-0.2204	2.7	-0.0087	
17.5047	16.6576	-0.2204	2.7778	0.0	
17.7265	16.6059	-0.2212	2.2778	-0.0087	
17.8992	16.5639	-0.2224	1.7778	-0.0175	
18.0231	16.5324	-0.2238	1.2778	-0.0262	
18.0983	16.5126	-0.2249	0.7778	-0.0349	
18.1251	16.5052	-0.2253	0.2778	-0.0436	
18.1251	16.5052	-0.2253	0.0	-0.0524	
18.1251	16.5052	-0.2253	0.0	-0.0611	
18.1251	16.5052	-0.2253	0.0	-0.0698	
18.1251	16.5052	-0.2253	0.0	-0.0785	
18.1251	16.5052	-0.2253	0.0	-0.0873	
18.1251	16.5052	-0.2253	0.0	-0.0785	
18.1251	16.5052	-0.2253	0.0	-0.0698	
18.1251	16.5052	-0.2253	0.0	-0.0611	
18.1251	16.5052	-0.2253	0.0	-0.0524	
18.1251	16.5052	-0.2253	0.0	-0.0436	
18.1251	16.5052	-0.2253	0.0	-0.0349	
18.1251	16.5052	-0.2253	0.0	-0.0262	
18.1251	16.5052	-0.2253	0.0	-0.0175	
18.1251	16.5052	-0.2253	0.0	-0.0087	
18.1251	16.5052	-0.2253	0.0	0.0	
18.1641	16.4966	-0.2252	0.4	0.0087	
18.2424	16.4801	-0.2246	0.8	0.0175	
18.3601	16.4564	-0.2234	1.2	0.0262	
18.5172	16.4265	-0.2211	1.6	0.0349	
18.7141	16.3911	-0.2177	2.0	0.0436	
18.9508	16.3516	-0.2126	2.4	0.0524	
19.2254	16.3097	-0.2058	2.7778	0.0611	
19.5006	16.272	-0.1981	2.7778	0.0698	
19.7764	16.2389	-0.1894	2.7778	0.0785	
20.0527	16.2106	-0.1797	2.7778	0.0873	
20.3295	16.1874	-0.169	2.7778	0.096	
20.6068	16.1695	-0.1574	2.7778	0.1047	
20.8843	16.1573	-0.1449	2.7778	0.1134	
21.162	16.151	-0.1313	2.7778	0.1222	
21.4397	16.1509	-0.1168	2.7778	0.1309	
21.7175	16.1572	-0.1013	2.7778	0.1396	
21.9949	16.1703	-0.0849	2.7778	0.1484	
22.272	16.1903	-0.0675	2.7778	0.1571	
22.5484	16.2175	-0.0492	2.7778	0.1658	
22.824	16.2523	-0.0299	2.7778	0.1745	
23.0791	16.2894	-0.012	2.5778	0.1745	
23.3137	16.3279	0.0045	2.3778	0.1745	
23.528	16.3667	0.0196	2.1778	0.1745	
23.7221	16.4048	0.0334	1.9778	0.1745	
23.8961	16.4415	0.0457	1.7778	0.1745	
24.05	16.476	0.0567	1.5778	0.1745	
24.1841	16.5076	0.0663	1.3778	0.1745	
24.2985	16.5357	0.0744	1.1778	0.1745	
24.3933	16.5598	0.0812	0.9778	0.1745	
24.4685	16.5794	0.0866	0.7778	0.1745	
24.5533	16.6021	0.0927	0.8778	0.1745	
24.6476	16.6279	0.0995	0.9778	0.1745	
24.7514	16.6571	0.107	1.0778	0.1745	
24.8645	16.6898	0.1152	1.1778	0.1745	
24.987	16.7263	0.1241	1.2778	0.1745	
25.1187	16.7668	0.1336	1.3778	0.1745	
25.2595	16.8117	0.1439	1.4778	0.1745	
25.4093	16.8611	0.1549	1.5778	0.1745	
25.5681	16.9153	0.1665	1.6778	0.1745	
25.7356	16.9748	0.1789	1.7778	0.1745	
25.9299	17.0484	0.194	2.0778	0.1833	
26.1502	17.1379	0.2121	2.3778	0.192	
26.3955	17.2454	0.2335	2.6778	0.2007	
26.6465	17.3644	0.2566	2.7778	0.2094	
26.8935	17.4914	0.2807	2.7778	0.2182	
27.1363	17.6264	0.3056	2.7778	0.2269	
27.3743	17.7695	0.3316	2.7778	0.2356	
27.6073	17.9208	0.3585	2.7778	0.2443	
27.8347	18.0803	0.3863	2.7778	0.2531	
28.0562	18.248	0.415	2.7778	0.2618	
28.2712	18.4238	0.4447	2.7778	0.2705	
28.4793	18.6078	0.4754	2.7778	0.2793	
28.68	18.7999	0.5069	2.7778	0.288	
28.8728	18.9998	0.5394	2.7778	0.2967	
29.0572	19.2076	0.5728	2.7778	0.3054	
29.2327	19.4229	0.6072	2.7778	0.3142	
29.3988	19.6456	0.6424	2.7778	0.3229	
29.5549	19.8753	0.6786	2.7778	0.3316	
29.7005	20.1119	0.7157	2.7778	0.3403	
29.8352	20.3548	0.7537	2.7778	0.3491	
29.9626	20.6016	0.7908	2.7778	0.3403	
30.0831	20.8519	0.8269	2.7778	0.3316	
30.1966	21.1055	0.8622	2.7778	0.3229	
30.3033	21.3619	0.8965	2.7778	0.3142	
30.4035	21.621	0.9299	2.7778	0.3054	
30.4972	21.8825	0.9624	2.7778	0.2967	
30.5847	22.1462	0.994	2.7778	0.288	
30.6661	22.4117	1.0246	2.7778	0.2793	
30.7417	22.679	1.0543	2.7778	0.2705	
30.8117	22.9478	1.0831	2.7778	0.2618	
30.8716	23.2191	1.1128	2.7778	0.2705	
30.921	23.4924	1.1434	2.7778	0.2793	
30.9596	23.7675	1.1749	2.7778	0.288	
30.9871	24.0439	1.2074	2.7778	0.2967	
31.0032	24.3212	1.2408	2.7778	0.3054	
31.0076	24.599	1.2752	2.7778	0.3142	
31.0	24.8767	1.3104	2.7778	0.3229	
30.9802	25.1537	1.3466	2.7778	0.3316	
30.948	25.4296	1.3837	2.7778	0.3403	
30.9032	25.7038	1.4217	2.7778	0.3491	
30.8457	25.9755	1.4606	2.7778	0.3578	
30.7753	26.2442	1.5004	2.7778	0.3665	
30.6919	26.5092	1.5411	2.7778	0.3752	
30.5955	26.7697	1.5828	2.7778	0.384	
30.4861	27.0251	1.6253	2.7778	0.3927	
30.3638	27.2745	1.6687	2.7778	0.4014	
30.2287	27.5172	1.713	2.7778	0.4102	
30.0809	27.7523	1.7582	2.7778	0.4189	
29.9206	27.9792	1.8043	2.7778	0.4276	
29.7482	28.197	1.8512	2.7778	0.4363	
29.6	28.37	1.889	2.2778	0.4276	
29.4805	28.5016	1.9179	1.7778	0.4189	
29.3928	28.5945	1.9383	1.2778	0.4102	
29.3387	28.6504	1.9505	0.7778	0.4014	
29.3193	28.6703	1.9547	0.2778	0.3927	
29.3193	28.6703	1.9547	0.0	0.384	
29.3193	28.6703	1.9547	0.0	0.3752	
29.3193	28.6703	1.9547	0.0	0.3665	
29.3193	28.6703	1.9547	0.0	0.3578	
29.3193	28.6703	1.9547	0.0	0.3491	
29.3193	28.6703	1.9547	0.0	0.3491	
29.3193	28.6703	1.9547	0.0	0.3491	
29.3193	28.6703	1.9547	0.0	0.3491	
29.3193	28.6703	1.9547	0.0	0.3491	
29.3193	28.6703	1.9547	0.0	0.3491	
29.3193	28.6703	1.9547	0.0	0.3491	
29.3193	28.6703	1.9547	0.0	0.3491	
29.3193	28.6703	1.9547	0.0	0.3491	
29.3193	28.6703	1.9547	0.0	0.3491	
29.3193	28.6703	1.9547	0.0	0.3491	
29.2925	28.7	1.9602	0.4	0.3491	
29.2387	28.7592	1.9711	0.8	0.3491	
29.1569	28.847	1.9876	1.2	0.3491	
29.046	28.9624	2.0095	1.6	0.3491	
28.9043	29.1034	2.0368	2.0	0.3491	
28.7296	29.268	2.0697	2.4	0.3491	
28.5213	29.4518	2.1077	2.7778	0.3491	
28.3062	29.6275	2.1457	2.7778	0.3491	
28.0845	29.7949	2.1837	2.7778	0.3491	
27.8566	29.9538	2.2217	2.7778	0.3491	
27.641	30.095	2.2561	2.5778	0.3403	
27.4387	30.2201	2.287	2.3778	0.3316	
27.251	30.3305	2.3147	2.1778	0.3229	
27.0787	30.4275	2.3391	1.9778	0.3142	
26.9224	30.5123	2.3605	1.7778	0.3054	
26.7828	30.5857	2.379	1.5778	0.2967	
26.6602	30.6487	2.3946	1.3778	0.288	
26.5551	30.7018	2.4076	1.1778	0.2793	
26.4676	30.7455	2.4181	0.9778	0.2705	
26.398	30.7802	2.4261	0.7778	0.2618	
26.3729	30.7921	2.4291	0.2778	0.2705	
26.3729	30.7921	2.4291	0.0	0.2793	
26.3729	30.7921	2.4291	0.0	0.288	
26.3729	30.7921	2.4291	0.0	0.2967	
26.3729	30.7921	2.4291	0.0	0.3054	
26.3729	30.7921	2.4291	0.0	0.3142	
26.3729	30.7921	2.4291	0.0	0.3229	
26.3729	30.7921	2.4291	0.0	0.3316	
26.3729	30.7921	2.4291	0.0	0.3403	
26.3729	30.7921	2.4291	0.0	0.3491	
26.3729	30.7921	2.4291	0.0	0.3578	
26.3729	30.7921	2.4291	0.0	0.3665	
26.3729	30.7921	2.4291	0.0	0.3752	
26.3729	30.7921	2.4291	0.0	0.384	
26.3729	30.7921	2.4291	0.0	0.3927	
26.3729	30.7921	2.4291	0.0	0.4014	
26.3729	30.7921	2.4291	0.0	0.4102	
26.3729	30.7921	2.4291	0.0	0.4189	
26.3729	30.7921	2.4291	0.0	0.4276	
26.3729	30.7921	2.4291	0.0	0.4363	
26.3729	30.7921	2.4291	0.0	0.4276	
26.3729	30.7921	2.4291	0.0	0.4189	
26.3729	30.7921	2.4291	0.0	0.4102	
26.3729	30.7921	2.4291	0.0	0.4014	
26.3729	30.7921	2.4291	0.0	0.3927	
26.3729	30.7921	2.4291	0.0	0.384	
26.3729	30.7921	2.4291	0.0	0.3752	
26.3729	30.7921	2.4291	0.0	0.3665	
26.3729	30.7921	2.4291	0.0	0.3578	
26.3729	30.7921	2.4291	0.0	0.3491	
26.326	30.8095	2.4361	0.5	0.3578	
26.2317	30.8427	2.4504	1.0	0.3665	
26.0892	30.8893	2.4724	1.5	0.3752	
25.8972	30.9456	2.5024	2.0	0.384	
25.6548	31.0066	2.5406	2.5	0.3927	
25.3825	31.0617	2.5841	2.7778	0.4014	
25.1078	31.1025	2.6284	2.7778	0.4102	
24.8312	31.1286	2.6736	2.7778	0.4189	
24.5537	31.1399	2.7196	2.7778	0.4276	
24.2759	31.1359	2.7666	2.7778	0.4363	
23.9988	31.1164	2.8144	2.7778	0.4451	
23.7233	31.0813	2.8631	2.7778	0.4538	
23.4502	31.0305	2.9127	2.7778	0.4625	
23.1805	30.9638	2.9632	2.7778	0.4712	
22.9153	30.8813	3.0145	2.7778	0.48	
22.6555	30.7831	3.0666	2.7778	0.4887	
22.4021	30.6692	3.1196	2.7778	0.4974	
22.1563	30.5399	-3.1097	2.7778	0.5061	
21.919	30.3955	-3.055	2.7778	0.5149	
21.6913	30.2363	-2.9994	2.7778	0.5236	
21.4744	30.0628	-2.943	2.7778	0.5323	
21.2692	29.8756	-2.8858	2.7778	0.5411	
21.0768	29.6752	-2.8277	2.7778	0.5498	
20.8982	29.4625	-2.7689	2.7778	0.5585	
20.7343	29.2382	-2.7092	2.7778	0.5672	
20.5862	29.0032	-2.6486	2.7778	0.576	
20.4547	28.7585	-2.5873	2.7778	0.5847	
20.3407	28.5052	-2.5252	2.7778	0.5934	
20.2448	28.2445	-2.4622	2.7778	0.6021	
20.1679	27.9776	-2.3985	2.7778	0.6109	
20.1081	27.7063	-2.3348	2.7778	0.6109	
20.0658	27.4318	-2.2711	2.7778	0.6109	
20.041	27.1551	-2.2073	2.7778	0.6109	
20.0338	26.8774	-2.1436	2.7778	0.6109	
20.0444	26.5999	-2.0799	2.7778	0.6109	
20.0726	26.3235	-2.0161	2.7778	0.6109	
20.1184	26.0495	-1.9524	2.7778	0.6109	
20.1815	25.779	-1.8887	2.7778	0.6109	
20.2618	25.5131	-1.8249	2.7778	0.6109	
20.3588	25.2528	-1.7612	2.7778	0.6109	
20.4539	25.0349	-1.7073	2.3778	0.6021	
20.5412	24.8574	-1.6631	1.9778	0.5934	
20.6158	24.7184	-1.6283	1.5778	0.5847	
20.6741	24.6161	-1.6026	1.1778	0.576	
20.7138	24.5492	-1.5859	0.7778	0.5672	
20.7334	24.5168	-1.5779	0.3778	0.5585	
20.7334	24.5168	-1.5779	0.0	0.5498	
20.7334	24.5168	-1.5779	0.0	0.5411	
20.7334	24.5168	-1.5779	0.0	0.5323	
20.7334	24.5168	-1.5779	0.0	0.5236	
20.7334	24.5168	-1.5779	0.0	0.5236	
20.7334	24.5168	-1.5779	0.0	0.5236	
20.7334	24.5168	-1.5779	0.0	0.5236	
20.7334	24.5168	-1.5779	0.0	0.5236	
20.7334	24.5168	-1.5779	0.0	0.5236	
20.7334	24.5168	-1.5779	0.0	0.5236	
20.7334	24.5168	-1.5779	0.0	0.5236	
20.7334	24.5168	-1.5779	0.0	0.5236	
20.7334	24.5168	-1.5779	0.0	0.5236	
20.7334	24.5168	-1.5779	0.0	0.5236	
-1
39.9244	46.0007	3.1413	0.7556	-0.0087	
39.8289	46.0024	3.1407	0.9556	-0.0175	
39.7134	46.0055	3.1395	1.1556	-0.0262	
39.5779	46.0105	3.1376	1.3556	-0.0349	
39.4226	46.0179	3.1348	1.5556	-0.0436	
39.2473	46.0283	3.1312	1.7556	-0.0524	
39.0522	46.0423	3.1264	1.9556	-0.0611	
38.8375	46.0606	3.1204	2.1556	-0.0698	
38.6031	46.084	3.113	2.3556	-0.0785	
38.3492	46.1136	3.1041	2.5556	-0.0873	
38.0957	46.1454	3.0952	2.5556	-0.0873	
37.8424	46.1794	3.0863	2.5556	-0.0873	
37.5894	46.2158	3.0774	2.5556	-0.0873	
37.3368	46.2543	3.0684	2.5556	-0.0873	
37.0845	46.2951	3.0595	2.5556	-0.0873	
36.8326	46.3382	3.0506	2.5556	-0.0873	
36.5811	46.3835	3.0417	2.5556	-0.0873	
36.33	46.4311	3.0328	2.5556	-0.0873	
36.0794	46.4808	3.0239	2.5556	-0.0873	
35.8292	46.5329	3.015	2.5556	-0.0873	
35.5986	46.5808	3.0076	2.3556	-0.0785	
35.3875	46.6245	3.0016	2.1556	-0.0698	
35.1958	46.6635	2.9968	1.9556	-0.0611	
35.0237	46.6979	2.9931	1.7556	-0.0524	
34.871	46.7276	2.9904	1.5556	-0.0436	
34.7378	46.7527	2.9885	1.3556	-0.0349	
34.6241	46.7733	2.9873	1.1556	-0.0262	
34.5299	46.7896	2.9866	0.9556	-0.0175	
34.4554	46.8019	2.9864	0.7556	-0.0087	
34.4005	46.8105	2.9864	0.5556	0.0	
34.395	46.8114	2.9864	0.0556	0.0	
34.395	46.8114	2.9864	0.0	0.0	
34.395	46.8114	2.9864	0.0	0.0	
34.395	46.8114	2.9864	0.0	0.0	
34.395	46.8114	2.9864	0.0	0.0	
34.395	46.8114	2.9864	0.0	0.0	
34.395	46.8114	2.9864	0.0	0.0	
34.395	46.8114	2.9864	0.0	0.0	
34.395	46.8114	2.9864	0.0	0.0	
34.395	46.8114	2.9864	0.0	0.0	
34.3653	46.8158	2.9865	0.3	0.0087	
34.3059	46.824	2.9869	0.6	0.0175	
34.2166	46.8355	2.9878	0.9	0.0262	
34.0975	46.8498	2.9895	1.2	0.0349	
33.9484	46.866	2.9921	1.5	0.0436	
33.7692	46.8835	2.9959	1.8	0.0524	
33.56	46.9012	3.001	2.1	0.0611	
33.3206	46.9182	3.0077	2.4	0.0698	
33.051	46.9331	3.0162	2.7	0.0785	
32.7734	46.9437	3.0259	2.7778	0.0873	
32.5457	46.9482	3.0346	2.2778	0.096	
32.3679	46.9486	3.0421	1.7778	0.1047	
32.2401	46.9468	3.0478	1.2778	0.1134	
32.1624	46.9446	3.0516	0.7778	0.1222	
32.1346	46.9434	3.0531	0.2778	0.1309	
32.1346	46.9434	3.0531	0.0	0.1396	
32.1346	46.9434	3.0531	0.0	0.1484	
32.1346	46.9434	3.0531	0.0	0.1571	
32.1346	46.9434	3.0531	0.0	0.1658	
32.1346	46.9434	3.0531	0.0	0.1745	
32.1147	46.9417	3.0545	0.2	0.1745	
32.0748	46.9382	3.0573	0.4	0.1745	
32.0151	46.9328	3.0614	0.6	0.1745	
31.9354	46.9253	3.067	0.8	0.1745	
31.8359	46.9153	3.0739	1.0	0.1745	
31.7166	46.9025	3.0823	1.2	0.1745	
31.5776	46.8864	3.092	1.4	0.1745	
31.4188	46.8665	3.1031	1.6	0.1745	
31.2405	46.8421	3.1156	1.8	0.1745	
31.0427	46.8125	3.1295	2.0	0.1745	
30.8848	46.7866	3.1406	1.6	0.1745	
30.7666	46.7659	-3.1342	1.2	0.1745	
30.6879	46.7514	-3.1287	0.8	0.1745	
30.6486	46.744	-3.1259	0.4	0.1745	
30.6486	46.744	-3.1259	0.0	0.1745	
30.6486	46.744	-3.1259	0.0	0.1745	
30.6486	46.744	-3.1259	0.0	0.1745	
30.6486	46.744	-3.1259	0.0	0.1745	
30.6486	46.744	-3.1259	0.0	0.1745	
30.6486	46.744	-3.1259	0.0	0.1745	
30.629	46.7402	-3.1245	0.2	0.1745	
30.5897	46.7326	-3.1217	0.4	0.1745	
30.5308	46.721	-3.1176	0.6	0.1745	
30.4524	46.7052	-3.112	0.8	0.1745	
30.3545	46.6849	-3.1051	1.0	0.1745	
30.2371	46.6598	-3.0967	1.2	0.1745	
30.1005	46.6293	-3.087	1.4	0.1745	
29.9447	46.593	-3.0759	1.6	0.1745	
29.7698	46.5502	-3.0634	1.8	0.1745	
29.5762	46.5001	-3.0495	2.0	0.1745	
29.3356	46.4322	-3.0313	2.5	0.1833	
29.0704	46.3495	-3.0101	2.7778	0.192	
28.8078	46.2589	-2.9879	2.7778	0.2007	
28.5482	46.1602	-2.9648	2.7778	0.2094	
28.2918	46.0533	-2.9408	2.7778	0.2182	
28.039	45.9381	-2.9158	2.7778	0.2269	
27.7903	45.8145	-2.8898	2.7778	0.2356	
27.546	45.6822	-2.863	2.7778	0.2443	
27.3066	45.5414	-2.8351	2.7778	0.2531	
27.0724	45.3919	-2.8064	2.7778	0.2618	
26.8746	45.26	-2.7826	2.3778	0.2531	
26.7118	45.1477	-2.7634	1.9778	0.2443	
26.5828	45.0569	-2.7487	1.5778	0.2356	
26.4869	44.9885	-2.7381	1.1778	0.2269	
26.4237	44.9432	-2.7314	0.7778	0.2182	
26.3929	44.9212	-2.7282	0.3778	0.2094	
26.3929	44.9212	-2.7282	0.0	0.2007	
26.3929	44.9212	-2.7282	0.0	0.192	
26.3929	44.9212	-2.7282	0.0	0.1833	
26.3929	44.9212	-2.7282	0.0	0.1745	
26.368	44.9046	-2.7261	0.3	0.1745	
26.3181	44.8712	-2.722	0.6	0.1745	
26.2436	44.8208	-2.7157	0.9	0.1745	
26.1445	44.753	-2.7074	1.2	0.1745	
26.0215	44.6673	-2.697	1.5	0.1745	
25.8749	44.5628	-2.6845	1.8	0.1745	
25.7054	44.4388	-2.6699	2.1	0.1745	
25.5138	44.2943	-2.6532	2.4	0.1745	
25.301	44.1281	-2.6345	2.7	0.1745	
25.0853	43.9531	-2.6152	2.7778	0.1745	
24.8746	43.7721	-2.5949	2.7778	0.1833	
24.6692	43.5851	-2.5737	2.7778	0.192	
24.4695	43.392	-2.5516	2.7778	0.2007	
24.2759	43.1928	-2.5285	2.7778	0.2094	
24.0887	42.9876	-2.5044	2.7778	0.2182	
23.9083	42.7763	-2.4794	2.7778	0.2269	
23.7351	42.5591	-2.4535	2.7778	0.2356	
23.5696	42.336	-2.4266	2.7778	0.2443	
23.4122	42.1072	-2.3988	2.7778	0.2531	
23.2632	41.8728	-2.37	2.7778	0.2618	
23.1189	41.6354	-2.3422	2.7778	0.2531	
22.9792	41.3953	-2.3153	2.7778	0.2443	
22.8438	41.1528	-2.2894	2.7778	0.2356	
22.7127	40.9079	-2.2644	2.7778	0.2269	
22.5855	40.6609	-2.2403	2.7778	0.2182	
22.4622	40.412	-2.2172	2.7778	0.2094	
22.3424	40.1614	-2.1951	2.7778	0.2007	
22.226	39.9092	-2.1739	2.7778	0.192	
22.1128	39.6555	-2.1536	2.7778	0.1833	
22.0025	39.4006	-2.1343	2.7778	0.1745	
21.9143	39.1906	-2.1193	2.2778	0.1658	
21.8465	39.0262	-2.1082	1.7778	0.1571	
21.798	38.908	-2.1006	1.2778	0.1484	
21.7684	38.8361	-2.0963	0.7778	0.1396	
21.7577	38.8104	-2.0948	0.2778	0.1309	
21.7577	38.8104	-2.0948	0.0	0.1222	
21.7577	38.8104	-2.0948	0.0	0.1134	
21.7577	38.8104	-2.0948	0.0	0.1047	
21.7577	38.8104	-2.0948	0.0	0.096	
21.7577	38.8104	-2.0948	0.0	0.0873	
21.7535	38.8014	-2.0945	0.1	0.0873	
21.7451	38.7832	-2.0938	0.2	0.0873	
21.7324	38.7561	-2.0928	0.3	0.0873	
21.7155	38.7198	-2.0914	0.4	0.0873	
21.6946	38.6744	-2.0896	0.5	0.0873	
21.6695	38.6199	-2.0875	0.6	0.0873	
21.6403	38.5563	-2.0851	0.7	0.0873	
21.6072	38.4834	-2.0823	0.8	0.0873	
21.5701	38.4014	-2.0792	0.9	0.0873	
21.5293	38.3101	-2.0757	1.0	0.0873	
21.5044	38.2555	-2.0738	0.6	0.0785	
21.496	38.2374	-2.0732	0.2	0.0698	
21.496	38.2374	-2.0732	0.0	0.0611	
21.496	38.2374	-2.0732	0.0	0.0524	
21.496	38.2374	-2.0732	0.0	0.0436	
21.496	38.2374	-2.0732	0.0	0.0349	
21.496	38.2374	-2.0732	0.0	0.0262	
21.496	38.2374	-2.0732	0.0	0.0175	
21.496	38.2374	-2.0732	0.0	0.0087	
21.496	38.2374	-2.0732	0.0	0.0	
21.4866	38.2198	-2.0732	0.2	0.0087	
21.4679	38.1844	-2.0729	0.4	0.0175	
21.4404	38.131	-2.0723	0.6	0.0262	
21.4045	38.0596	-2.0711	0.8	0.0349	
21.3604	37.9698	-2.0694	1.0	0.0436	
21.3086	37.8616	-2.0669	1.2	0.0524	
21.2496	37.7346	-2.0635	1.4	0.0611	
21.1839	37.5887	-2.059	1.6	0.0698	
21.1122	37.4236	-2.0534	1.8	0.0785	
21.0352	37.239	-2.0464	2.0	0.0873	
20.9463	37.0161	-2.0372	2.4	0.096	
20.848	36.7563	-2.0256	2.7778	0.1047	
20.755	36.4946	-2.013	2.7778	0.1134	
20.6676	36.2309	-1.9994	2.7778	0.1222	
20.5861	35.9653	-1.9849	2.7778	0.1309	
20.5108	35.6979	-1.9695	2.7778	0.1396	
20.442	35.4288	-1.9531	2.7778	0.1484	
20.38	35.1581	-1.9357	2.7778	0.1571	
20.3251	34.8858	-1.9173	2.7778	0.1658	
20.2775	34.6121	-1.898	2.7778	0.1745	
20.2329	34.3379	-1.8797	2.7778	0.1658	
20.1909	34.0633	-1.8623	2.7778	0.1571	
20.1512	33.7884	-1.8459	2.7778	0.1484	
20.1137	33.5132	-1.8304	2.7778	0.1396	
20.078	33.2377	-1.8159	2.7778	0.1309	
20.044	32.962	-1.8024	2.7778	0.1222	
20.0112	32.6862	-1.7898	2.7778	0.1134	
19.9796	32.4102	-1.7782	2.7778	0.1047	
19.9487	32.1342	-1.7675	2.7778	0.096	
19.9183	31.858	-1.7579	2.7778	0.0873	
19.8915	31.6117	-1.7501	2.4778	0.0785	
19.8677	31.3952	-1.744	2.1778	0.0698	
19.8467	31.2086	-1.7394	1.8778	0.0611	
19.8284	31.0519	-1.7361	1.5778	0.0524	
19.8129	30.9251	-1.7339	1.2778	0.0436	
19.8004	30.8281	-1.7325	0.9778	0.0349	
19.7912	30.761	-1.7318	0.6778	0.0262	
19.7858	30.7236	-1.7316	0.3778	0.0175	
19.7846	30.7159	-1.7315	0.0778	0.0087	
19.7846	30.7159	-1.7315	0.0	0.0	
19.7782	30.6764	-1.7315	0.4	0.0	
19.7654	30.5974	-1.7315	0.8	0.0	
19.7462	30.479	-1.7315	1.2	0.0	
19.7206	30.321	-1.7315	1.6	0.0	
19.6886	30.1236	-1.7315	2.0	0.0	
19.6502	29.8867	-1.7315	2.4	0.0	
19.6057	29.6125	-1.7315	2.7778	0.0	
19.5613	29.3383	-1.7315	2.7778	0.0	
19.5168	29.0641	-1.7315	2.7778	0.0	
19.4724	28.7899	-1.7315	2.7778	0.0	
19.4303	28.5154	-1.7306	2.7778	0.0087	
19.3909	28.2404	-1.7286	2.7778	0.0175	
19.3544	27.965	-1.7257	2.7778	0.0262	
19.3212	27.6892	-1.7218	2.7778	0.0349	
19.2914	27.4131	-1.717	2.7778	0.0436	
19.2654	27.1365	-1.7112	2.7778	0.0524	
19.2434	26.8596	-1.7044	2.7778	0.0611	
19.2257	26.5824	-1.6966	2.7778	0.0698	
19.2126	26.3049	-1.6879	2.7778	0.0785	
19.2043	26.0273	-1.6782	2.7778	0.0873	
19.1977	25.7996	-1.6711	2.2778	0.0785	
19.1923	25.6219	-1.6661	1.7778	0.0698	
19.1879	25.4942	-1.663	1.2778	0.0611	
19.1848	25.4165	-1.6614	0.7778	0.0524	
19.1835	25.3887	-1.6609	0.2778	0.0436	
19.1835	25.3887	-1.6609	0.0	0.0349	
19.1835	25.3887	-1.6609	0.0	0.0262	
19.1835	25.3887	-1.6609	0.0	0.0175	
19.1835	25.3887	-1.6609	0.0	0.0087	
19.1835	25.3887	-1.6609	0.0	0.0	
19.1825	25.3788	-1.6609	0.1	-0.0087	
19.1804	25.3589	-1.6611	0.2	-0.0175	
19.1769	25.3291	-1.6614	0.3	-0.0262	
19.1719	25.2894	-1.6619	0.4	-0.0349	
19.1651	25.2398	-1.6628	0.5	-0.0436	
19.1565	25.1805	-1.6641	0.6	-0.0524	
19.1457	25.1113	-1.6658	0.7	-0.0611	
19.1326	25.0324	-1.668	0.8	-0.0698	
19.1169	24.9438	-1.6708	0.9	-0.0785	
19.0983	24.8455	-1.6743	1.0	-0.0873	
19.0888	24.7964	-1.6761	0.5	-0.0873	
19.0888	24.7964	-1.6761	0.0	-0.0873	
19.0888	24.7964	-1.6761	0.0	-0.0873	
19.0888	24.7964	-1.6761	0.0	-0.0873	
19.0888	24.7964	-1.6761	0.0	-0.0873	
19.0888	24.7964	-1.6761	0.0	-0.0873	
19.0888	24.7964	-1.6761	0.0	-0.0873	
19.0888	24.7964	-1.6761	0.0	-0.0873	
19.0888	24.7964	-1.6761	0.0	-0.0873	
19.0888	24.7964	-1.6761	0.0	-0.0873	
19.0833	24.7669	-1.677	0.3	-0.0785	
19.0728	24.7079	-1.6787	0.6	-0.0698	
19.0577	24.6191	-1.6809	0.9	-0.0611	
19.0383	24.5007	-1.6834	1.2	-0.0524	
19.0149	24.3526	-1.686	1.5	-0.0436	
18.988	24.1746	-1.6885	1.8	-0.0349	
18.9579	23.9667	-1.6907	2.1	-0.0262	
18.925	23.729	-1.6924	2.4	-0.0175	
18.8899	23.4613	-1.6933	2.7	-0.0087	
18.856	23.1856	-1.6933	2.7778	0.0	
18.8232	22.9198	-1.6933	2.6778	0.0	
18.7917	22.664	-1.6933	2.5778	0.0	
18.7614	22.4181	-1.6933	2.4778	0.0	
18.7324	22.1821	-1.6933	2.3778	0.0	
18.7045	21.956	-1.6933	2.2778	0.0	
18.6779	21.7399	-1.6933	2.1778	0.0	
18.6525	21.5336	-1.6933	2.0778	0.0	
18.6283	21.3373	-1.6933	1.9778	0.0	
18.6054	21.151	-1.6933	1.8778	0.0	
18.5837	20.9745	-1.6933	1.7778	0.0	
18.5539	20.7487	-1.6941	2.2778	-0.0087	
18.5149	20.4737	-1.6961	2.7778	-0.0175	
18.473	20.1991	-1.699	2.7778	-0.0262	
18.4279	19.925	-1.7029	2.7778	-0.0349	
18.3793	19.6515	-1.7077	2.7778	-0.0436	
18.327	19.3787	-1.7135	2.7778	-0.0524	
18.2708	19.1066	-1.7203	2.7778	-0.0611	
18.2104	18.8355	-1.7281	2.7778	-0.0698	
18.1455	18.5654	-1.7368	2.7778	-0.0785	
18.0759	18.2965	-1.7465	2.7778	-0.0873	
18.0121	18.0675	-1.7556	2.3778	-0.096	
17.9556	17.8779	-1.7638	1.9778	-0.1047	
17.908	17.7275	-1.771	1.5778	-0.1134	
17.8707	17.6158	-1.7767	1.1778	-0.1222	
17.845	17.5424	-1.7808	0.7778	-0.1309	
17.8321	17.5069	-1.7829	0.3778	-0.1396	
17.8321	17.5069	-1.7829	0.0	-0.1484	
17.8321	17.5069	-1.7829	0.0	-0.1571	
17.8321	17.5069	-1.7829	0.0	-0.1658	
17.8321	17.5069	-1.7829	0.0	-0.1745	
17.8136	17.4604	-1.7862	0.5	-0.1658	
17.7772	17.3673	-1.7924	1.0	-0.1571	
17.723	17.2274	-1.8013	1.5	-0.1484	
17.6506	17.0409	-1.8124	2.0	-0.1396	
17.5597	16.8081	-1.8255	2.5	-0.1309	
17.4574	16.5498	-1.839	2.7778	-0.1222	
17.354	16.292	-1.8516	2.7778	-0.1134	
17.2495	16.0346	-1.8632	2.7778	-0.1047	
17.1443	15.7776	-1.8739	2.7778	-0.096	
17.0386	15.5207	-1.8836	2.7778	-0.0873	
16.9361	15.2841	-1.8935	2.5778	-0.096	
16.8376	15.0677	-1.9034	2.3778	-0.1047	
16.7436	14.8713	-1.9133	2.1778	-0.1134	
16.655	14.6945	-1.9229	1.9778	-0.1222	
16.5724	14.537	-1.9322	1.7778	-0.1309	
16.4967	14.3986	-1.941	1.5778	-0.1396	
16.4284	14.279	-1.9491	1.3778	-0.1484	
16.3683	14.1777	-1.9565	1.1778	-0.1571	
16.3171	14.0944	-1.9629	0.9778	-0.1658	
16.2753	14.0288	-1.9683	0.7778	-0.1745	
16.2332	13.9634	-1.9737	0.7778	-0.1745	
16.1907	13.8982	-1.9791	0.7778	-0.1745	
16.1479	13.8333	-1.9845	0.7778	-0.1745	
16.1048	13.7686	-1.9899	0.7778	-0.1745	
16.0613	13.7041	-1.9953	0.7778	-0.1745	
16.0174	13.6399	-2.0007	0.7778	-0.1745	
15.9732	13.5759	-2.0062	0.7778	-0.1745	
15.9286	13.5121	-2.0116	0.7778	-0.1745	
15.8837	13.4486	-2.017	0.7778	-0.1745	
15.8385	13.3853	-2.0224	0.7778	-0.1745	
15.7703	13.2893	-2.0301	1.1778	-0.1658	
15.6791	13.1606	-2.04	1.5778	-0.1571	
15.5646	12.9993	-2.0517	1.9778	-0.1484	
15.4263	12.8059	-2.0649	2.3778	-0.1396	
15.2638	12.5806	-2.0794	2.7778	-0.1309	
15.1	12.3563	-2.093	2.7778	-0.1222	
14.9351	12.1328	-2.1056	2.7778	-0.1134	
14.7693	11.9099	-2.1172	2.7778	-0.1047	
14.6029	11.6875	-2.1278	2.7778	-0.096	
14.436	11.4654	-2.1375	2.7778	-0.0873	
14.2959	11.2858	-2.1462	2.2778	-0.096	
14.1841	11.1476	-2.1537	1.7778	-0.1047	
14.1021	11.0495	-2.1595	1.2778	-0.1134	
14.0514	10.9906	-2.1632	0.7778	-0.1222	
14.033	10.9698	-2.1647	0.2778	-0.1309	
14.033	10.9698	-2.1647	0.0	-0.1396	
14.033	10.9698	-2.1647	0.0	-0.1484	
14.033	10.9698	-2.1647	0.0	-0.1571	
14.033	10.9698	-2.1647	0.0	-0.1658	
14.033	10.9698	-2.1647	0.0	-0.1745	
14.0261	10.9625	-2.1654	0.1	-0.1658	
14.0124	10.9479	-2.1666	0.2	-0.1571	
13.9921	10.9259	-2.1684	0.3	-0.1484	
13.9652	10.8962	-2.1706	0.4	-0.1396	
13.9319	10.859	-2.1732	0.5	-0.1309	
13.8921	10.8141	-2.1761	0.6	-0.1222	
13.846	10.7614	-2.1793	0.7	-0.1134	
13.7937	10.7009	-2.1827	0.8	-0.1047	
13.7351	10.6325	-2.1861	0.9	-0.096	
13.6705	10.5562	-2.1896	1.0	-0.0873	
13.5806	10.4489	-2.194	1.4	-0.0785	
13.4656	10.3104	-2.199	1.8	-0.0698	
13.3257	10.1406	-2.2044	2.2	-0.0611	
13.161	9.9394	-2.2098	2.6	-0.0524	
12.9858	9.7239	-2.2147	2.7778	-0.0436	
12.8114	9.5077	-2.2186	2.7778	-0.0349	
12.638	9.2907	-2.2215	2.7778	-0.0262	
12.4659	9.0726	-2.2234	2.7778	-0.0175	
12.2953	8.8534	-2.2244	2.7778	-0.0087	
12.1264	8.6329	-2.2244	2.7778	0.0	
11.9758	8.4361	-2.2244	2.4778	0.0	
11.8434	8.2633	-2.2244	2.1778	0.0	
11.7292	8.1142	-2.2244	1.8778	0.0	
11.6333	7.9889	-2.2244	1.5778	0.0	
11.5556	7.8875	-2.2244	1.2778	0.0	
11.4961	7.8098	-2.2244	0.9778	0.0	
11.4549	7.756	-2.2244	0.6778	0.0	
11.4319	7.726	-2.2244	0.3778	0.0	
11.4272	7.7199	-2.2244	0.0778	0.0	
11.4272	7.7199	-2.2244	0.0	0.0	
11.415	7.704	-2.2244	0.2	0.0	
11.3907	7.6722	-2.2244	0.4	0.0	
11.3542	7.6246	-2.2244	0.6	0.0	
11.3056	7.5611	-2.2244	0.8	0.0	
11.2448	7.4817	-2.2244	1.0	0.0	
11.1718	7.3864	-2.2244	1.2	0.0	
11.0867	7.2753	-2.2244	1.4	0.0	
10.9894	7.1482	-2.2244	1.6	0.0	
10.88	7.0053	-2.2244	1.8	0.0	
10.7584	6.8466	-2.2244	2.0	0.0	
10.6622	6.7187	-2.2238	1.6	0.0087	
10.591	6.6221	-2.223	1.2	0.0175	
10.5441	6.5573	-2.2221	0.8	0.0262	
10.521	6.5246	-2.2216	0.4	0.0349	
10.521	6.5246	-2.2216	0.0	0.0436	
10.521	6.5246	-2.2216	0.0	0.0524	
10.521	6.5246	-2.2216	0.0	0.0611	
10.521	6.5246	-2.2216	0.0	0.0698	
10.521	6.5246	-2.2216	0.0	0.0785	
10.521	6.5246	-2.2216	0.0	0.0873	
-1
60.2322	45.998	-0.0008	2.3222	-0.0087	
60.4744	45.9935	-0.0025	2.4222	-0.0175	
60.7265	45.9863	-0.0051	2.5222	-0.0262	
60.9885	45.9758	-0.0088	2.6222	-0.0349	
61.2604	45.9615	-0.0136	2.7222	-0.0436	
61.5375	45.9433	-0.0194	2.7778	-0.0524	
61.8144	45.9209	-0.0262	2.7778	-0.0611	
62.0909	45.8943	-0.0339	2.7778	-0.0698	
62.367	45.8631	-0.0426	2.7778	-0.0785	
62.6424	45.8272	-0.0523	2.7778	-0.0873	
62.9178	45.7909	-0.061	2.7778	-0.0785	
63.1932	45.7547	-0.0688	2.7778	-0.0698	
63.4686	45.7187	-0.0756	2.7778	-0.0611	
63.7441	45.6833	-0.0814	2.7778	-0.0524	
64.0198	45.6486	-0.0862	2.7778	-0.0436	
64.2955	45.6151	-0.0901	2.7778	-0.0349	
64.5714	45.5829	-0.093	2.7778	-0.0262	
64.8475	45.5522	-0.0949	2.7778	-0.0175	
65.1238	45.5235	-0.0959	2.7778	-0.0087	
65.4003	45.4969	-0.0959	2.7778	0.0	
65.677	45.4727	-0.0949	2.7778	0.0087	
65.9539	45.4512	-0.093	2.7778	0.0175	
66.2311	45.4327	-0.0901	2.7778	0.0262	
66.5085	45.4173	-0.0862	2.7778	0.0349	
66.786	45.4055	-0.0814	2.7778	0.0436	
67.0636	45.3975	-0.0756	2.7778	0.0524	
67.3414	45.3934	-0.0688	2.7778	0.0611	
67.6192	45.3937	-0.061	2.7778	0.0698	
67.8969	45.3986	-0.0523	2.7778	0.0785	
68.1745	45.4083	-0.0426	2.7778	0.0873	
68.4521	45.4183	-0.0339	2.7778	0.0785	
68.7297	45.4282	-0.0262	2.7778	0.0698	
69.0073	45.4379	-0.0194	2.7778	0.0611	
69.2849	45.4471	-0.0136	2.7778	0.0524	
69.5626	45.4555	-0.0087	2.7778	0.0436	
69.8403	45.4627	-0.0048	2.7778	0.0349	
70.118	45.4687	-0.0019	2.7778	0.0262	
70.3957	45.473	0.0	2.7778	0.0175	
70.6735	45.4754	0.001	2.7778	0.0087	
70.9513	45.4757	0.001	2.7778	0.0	
71.229	45.4784	0.002	2.7778	0.0087	
71.5068	45.4838	0.0039	2.7778	0.0175	
71.7844	45.4921	0.0068	2.7778	0.0262	
72.062	45.5037	0.0107	2.7778	0.0349	
72.3393	45.5188	0.0155	2.7778	0.0436	
72.6165	45.5376	0.0213	2.7778	0.0524	
72.8933	45.5605	0.0281	2.7778	0.0611	
73.1697	45.5877	0.0359	2.7778	0.0698	
73.4457	45.6194	0.0446	2.7778	0.0785	
73.7211	45.6559	0.0543	2.7778	0.0873	
73.9667	45.6887	0.0621	2.4778	0.0785	
74.1826	45.7174	0.0681	2.1778	0.0698	
74.3688	45.7416	0.0727	1.8778	0.0611	
74.5253	45.7612	0.076	1.5778	0.0524	
74.6522	45.7765	0.0783	1.2778	0.0436	
74.7493	45.7875	0.0796	0.9778	0.0349	
74.8167	45.7947	0.0803	0.6778	0.0262	
74.8543	45.7984	0.0806	0.3778	0.0175	
74.8621	45.7991	0.0806	0.0778	0.0087	
74.8621	45.7991	0.0806	0.0	0.0	
74.8621	45.7991	0.0806	0.0	-0.0087	
74.8621	45.7991	0.0806	0.0	-0.0175	
74.8621	45.7991	0.0806	0.0	-0.0262	
74.8621	45.7991	0.0806	0.0	-0.0349	
74.8621	45.7991	0.0806	0.0	-0.0436	
74.8621	45.7991	0.0806	0.0	-0.0524	
74.8621	45.7991	0.0806	0.0	-0.0611	
74.8621	45.7991	0.0806	0.0	-0.0698	
74.8621	45.7991	0.0806	0.0	-0.0785	
74.8621	45.7991	0.0806	0.0	-0.0873	
74.8621	45.7991	0.0806	0.0	-0.096	
74.8621	45.7991	0.0806	0.0	-0.1047	
74.8621	45.7991	0.0806	0.0	-0.1134	
74.8621	45.7991	0.0806	0.0	-0.1222	
74.8621	45.7991	0.0806	0.0	-0.1309	
74.8621	45.7991	0.0806	0.0	-0.1396	
74.8621	45.7991	0.0806	0.0	-0.1484	
74.8621	45.7991	0.0806	0.0	-0.1571	
74.8621	45.7991	0.0806	0.0	-0.1658	
74.8621	45.7991	0.0806	0.0	-0.1745	
74.9118	45.7944	0.0771	0.5	-0.1745	
75.0114	45.7847	0.0702	1.0	-0.1745	
75.1606	45.769	0.0598	1.5	-0.1745	
75.3592	45.7461	0.0459	2.0	-0.1745	
75.6072	45.7141	0.0285	2.5	-0.1745	
75.882	45.6737	0.0092	2.7778	-0.1745	
76.156	45.6279	-0.0101	2.7778	-0.1745	
76.4291	45.577	-0.0294	2.7778	-0.1745	
76.7011	45.5207	-0.0487	2.7778	-0.1745	
76.972	45.4592	-0.0679	2.7778	-0.1745	
77.2416	45.3925	-0.0872	2.7778	-0.1745	
77.5099	45.3206	-0.1065	2.7778	-0.1745	
77.7768	45.2436	-0.1258	2.7778	-0.1745	
78.0421	45.1614	-0.1451	2.7778	-0.1745	
78.3059	45.0741	-0.1644	2.7778	-0.1745	
78.5678	44.9818	-0.1837	2.7778	-0.1745	
78.828	44.8844	-0.203	2.7778	-0.1745	
79.0862	44.782	-0.2223	2.7778	-0.1745	
79.3424	44.6746	-0.2416	2.7778	-0.1745	
79.5964	44.5623	-0.2609	2.7778	-0.1745	
79.8473	44.443	-0.2811	2.7778	-0.1833	
80.0945	44.3164	-0.3023	2.7778	-0.192	
80.3379	44.1825	-0.3245	2.7778	-0.2007	
80.577	44.0411	-0.3476	2.7778	-0.2094	
80.8115	43.8922	-0.3716	2.7778	-0.2182	
81.041	43.7357	-0.3966	2.7778	-0.2269	
81.2651	43.5715	-0.4226	2.7778	-0.2356	
81.4833	43.3997	-0.4495	2.7778	-0.2443	
81.6953	43.2202	-0.4773	2.7778	-0.2531	
81.9006	43.0331	-0.506	2.7778	-0.2618	
82.1005	42.8402	-0.5348	2.7778	-0.2618	
82.2947	42.6416	-0.5635	2.7778	-0.2618	
82.4831	42.4375	-0.5923	2.7778	-0.2618	
82.6656	42.228	-0.6211	2.7778	-0.2618	
82.842	42.0134	-0.6498	2.7778	-0.2618	
83.0121	41.7938	-0.6786	2.7778	-0.2618	
83.1758	41.5694	-0.7073	2.7778	-0.2618	
83.3331	41.3404	-0.7361	2.7778	-0.2618	
83.4836	41.107	-0.7649	2.7778	-0.2618	
83.6274	40.8694	-0.7936	2.7778	-0.2618	
83.7545	40.6451	-0.8203	2.5778	-0.2618	
83.8661	40.4351	-0.8449	2.3778	-0.2618	
83.9636	40.2404	-0.8675	2.1778	-0.2618	
84.0481	40.0616	-0.8879	1.9778	-0.2618	
84.1208	39.8993	-0.9063	1.7778	-0.2618	
84.1826	39.7542	-0.9227	1.5778	-0.2618	
84.2345	39.6265	-0.9369	1.3778	-0.2618	
84.2773	39.5168	-0.9491	1.1778	-0.2618	
84.3118	39.4253	-0.9593	0.9778	-0.2618	
84.3384	39.3522	-0.9673	0.7778	-0.2618	
84.3477	39.3261	-0.9702	0.2778	-0.2618	
84.3477	39.3261	-0.9702	0.0	-0.2618	
84.3477	39.3261	-0.9702	0.0	-0.2618	
84.3477	39.3261	-0.9702	0.0	-0.2618	
84.3477	39.3261	-0.9702	0.0	-0.2618	
84.3477	39.3261	-0.9702	0.0	-0.2618	
84.3477	39.3261	-0.9702	0.0	-0.2618	
84.3477	39.3261	-0.9702	0.0	-0.2618	
84.3477	39.3261	-0.9702	0.0	-0.2618	
84.3477	39.3261	-0.9702	0.0	-0.2618	
84.3613	39.2885	-0.9742	0.4	-0.2531	
84.3889	39.2134	-0.9819	0.8	-0.2443	
84.4305	39.1008	-0.9931	1.2	-0.2356	
84.4854	38.9505	-1.0075	1.6	-0.2269	
84.5531	38.7623	-1.0248	2.0	-0.2182	
84.6323	38.5358	-1.0448	2.4	-0.2094	
84.7211	38.2726	-1.067	2.7778	-0.2007	
84.8063	38.0082	-1.0882	2.7778	-0.192	
84.8883	37.7428	-1.1084	2.7778	-0.1833	
84.9671	37.4764	-1.1277	2.7778	-0.1745	
85.0385	37.208	-1.148	2.7778	-0.1833	
85.1021	36.9375	-1.1692	2.7778	-0.192	
85.1575	36.6654	-1.1913	2.7778	-0.2007	
85.2045	36.3916	-1.2144	2.7778	-0.2094	
85.2428	36.1165	-1.2385	2.7778	-0.2182	
85.272	35.8402	-1.2634	2.7778	-0.2269	
85.2919	35.5632	-1.2894	2.7778	-0.2356	
85.3022	35.2856	-1.3163	2.7778	-0.2443	
85.3026	35.0078	-1.3441	2.7778	-0.2531	
85.2929	34.7302	-1.3728	2.7778	-0.2618	
85.2771	34.4829	-1.3985	2.4778	-0.2618	
85.2576	34.266	-1.421	2.1778	-0.2618	
85.2366	34.0794	-1.4405	1.8778	-0.2618	
85.2159	33.923	-1.4568	1.5778	-0.2618	
85.1971	33.7966	-1.47	1.2778	-0.2618	
85.1814	33.7001	-1.4802	0.9778	-0.2618	
85.1699	33.6333	-1.4872	0.6778	-0.2618	
85.1632	33.5961	-1.4911	0.3778	-0.2618	
85.1618	33.5885	-1.4919	0.0778	-0.2618	
85.1618	33.5885	-1.4919	0.0	-0.2618	
85.1618	33.5885	-1.4919	0.0	-0.2618	
85.1618	33.5885	-1.4919	0.0	-0.2618	
85.1618	33.5885	-1.4919	0.0	-0.2618	
85.1618	33.5885	-1.4919	0.0	-0.2618	
85.1618	33.5885	-1.4919	0.0	-0.2618	
85.1618	33.5885	-1.4919	0.0	-0.2618	
85.1618	33.5885	-1.4919	0.0	-0.2618	
85.1618	33.5885	-1.4919	0.0	-0.2618	
85.1618	33.5885	-1.4919	0.0	-0.2618	
85.1618	33.5885	-1.4919	0.0	-0.2618	
85.1531	33.5392	-1.4969	0.5	-0.2531	
85.1361	33.4407	-1.5066	1.0	-0.2443	
85.1106	33.2929	-1.5206	1.5	-0.2356	
85.0754	33.096	-1.5386	2.0	-0.2269	
85.0292	32.8503	-1.5602	2.5	-0.2182	
84.9743	32.578	-1.5833	2.7778	-0.2094	
84.9155	32.3065	-1.6055	2.7778	-0.2007	
84.8531	32.0359	-1.6267	2.7778	-0.192	
84.7873	31.766	-1.6469	2.7778	-0.1833	
84.7184	31.4969	-1.6662	2.7778	-0.1745	
84.657	31.2672	-1.6819	2.3778	-0.1658	
84.6046	31.0765	-1.6943	1.9778	-0.1571	
84.5622	30.9245	-1.7036	1.5778	-0.1484	
84.5305	30.8111	-1.7102	1.1778	-0.1396	
84.5097	30.7361	-1.7142	0.7778	-0.1309	
84.4998	30.6996	-1.7161	0.3778	-0.1222	
84.4998	30.6996	-1.7161	0.0	-0.1134	
84.4998	30.6996	-1.7161	0.0	-0.1047	
84.4998	30.6996	-1.7161	0.0	-0.096	
84.4998	30.6996	-1.7161	0.0	-0.0873	
84.4998	30.6996	-1.7161	0.0	-0.096	
84.4998	30.6996	-1.7161	0.0	-0.1047	
84.4998	30.6996	-1.7161	0.0	-0.1134	
84.4998	30.6996	-1.7161	0.0	-0.1222	
84.4998	30.6996	-1.7161	0.0	-0.1309	
84.4998	30.6996	-1.7161	0.0	-0.1396	
84.4998	30.6996	-1.7161	0.0	-0.1484	
84.4998	30.6996	-1.7161	0.0	-0.1571	
84.4998	30.6996	-1.7161	0.0	-0.1658	
84.4998	30.6996	-1.7161	0.0	-0.1745	
84.4937	30.6806	-1.7174	0.2	-0.1658	
84.4817	30.6424	-1.7199	0.4	-0.1571	
84.4641	30.5851	-1.7235	0.6	-0.1484	
84.4411	30.5085	-1.7279	0.8	-0.1396	
84.4127	30.4126	-1.7331	1.0	-0.1309	
84.379	30.2974	-1.739	1.2	-0.1222	
84.3401	30.1629	-1.7453	1.4	-0.1134	
84.296	30.0091	-1.752	1.6	-0.1047	
84.2467	29.836	-1.7589	1.8	-0.096	
84.1923	29.6435	-1.7659	2.0	-0.0873	
84.1356	29.4413	-1.7725	2.1	-0.0785	
84.0766	29.2294	-1.7786	2.2	-0.0698	
84.0155	29.0077	-1.7842	2.3	-0.0611	
83.9524	28.7761	-1.7893	2.4	-0.0524	
83.8877	28.5346	-1.7936	2.5	-0.0436	
83.8214	28.2832	-1.7972	2.6	-0.0349	
83.7539	28.0218	-1.8001	2.7	-0.0262	
83.6861	27.7524	-1.802	2.7778	-0.0175	
83.6201	27.4826	-1.803	2.7778	-0.0087	
83.5561	27.2123	-1.803	2.7778	0.0	
83.4922	26.942	-1.803	2.7778	0.0	
83.4283	26.6716	-1.803	2.7778	0.0	
83.3644	26.4013	-1.803	2.7778	0.0	
83.3005	26.131	-1.803	2.7778	0.0	
83.2365	25.8607	-1.803	2.7778	0.0	
83.1726	25.5903	-1.803	2.7778	0.0	
83.1087	25.32	-1.803	2.7778	0.0	
83.0448	25.0497	-1.803	2.7778	0.0	
82.9809	24.7794	-1.803	2.7778	0.0	
82.9169	24.509	-1.803	2.7778	0.0	
82.8599	24.2679	-1.803	2.4778	0.0	
82.8098	24.056	-1.803	2.1778	0.0	
82.7666	23.8732	-1.803	1.8778	0.0	
82.7303	23.7197	-1.803	1.5778	0.0	
82.7009	23.5953	-1.803	1.2778	0.0	
82.6784	23.5002	-1.803	0.9778	0.0	
82.6628	23.4342	-1.803	0.6778	0.0	
82.6541	23.3975	-1.803	0.3778	0.0	
82.6523	23.3899	-1.803	0.0778	0.0	
82.6523	23.3899	-1.803	0.0	0.0	
82.6452	23.3608	-1.8031	0.3	-0.0087	
82.6303	23.3026	-1.8035	0.6	-0.0175	
82.6073	23.2156	-1.8045	0.9	-0.0262	
82.5755	23.0999	-1.8061	1.2	-0.0349	
82.5341	22.9557	-1.8087	1.5	-0.0436	
82.4826	22.7833	-1.8125	1.8	-0.0524	
82.42	22.5828	-1.8176	2.1	-0.0611	
82.3453	22.3547	-1.8243	2.4	-0.0698	
82.2572	22.0995	-1.8328	2.7	-0.0785	
82.1622	21.8385	-1.8425	2.7778	-0.0873	
82.0646	21.5784	-1.8522	2.7778	-0.0873	
81.9645	21.3193	-1.8619	2.7778	-0.0873	
81.8619	21.0612	-1.8715	2.7778	-0.0873	
81.7568	20.804	-1.8812	2.7778	-0.0873	
81.6492	20.5479	-1.8909	2.7778	-0.0873	
81.5392	20.2929	-1.9006	2.7778	-0.0873	
81.4266	20.0389	-1.9103	2.7778	-0.0873	
81.3117	19.7861	-1.92	2.7778	-0.0873	
81.1942	19.5343	-1.9296	2.7778	-0.0873	
81.0744	19.2837	-1.9393	2.7778	-0.0873	
80.9543	19.0333	-1.9481	2.7778	-0.0785	
80.8342	18.7828	-1.9558	2.7778	-0.0698	
80.7144	18.5322	-1.9626	2.7778	-0.0611	
80.595	18.2814	-1.9684	2.7778	-0.0524	
80.4764	18.0302	-1.9732	2.7778	-0.0436	
80.3587	17.7786	-1.9771	2.7778	-0.0349	
80.2423	17.5264	-1.98	2.7778	-0.0262	
80.1273	17.2735	-1.982	2.7778	-0.0175	
80.0141	17.0198	-1.9829	2.7778	-0.0087	
79.9028	16.7653	-1.9829	2.7778	0.0	
79.7996	16.5291	-1.9829	2.5778	0.0	
79.7043	16.3113	-1.9829	2.3778	0.0	
79.6171	16.1117	-1.9829	2.1778	0.0	
79.5378	15.9305	-1.9829	1.9778	0.0	
79.4666	15.7676	-1.9829	1.7778	0.0	
79.4034	15.623	-1.9829	1.5778	0.0	
79.3482	15.4968	-1.9829	1.3778	0.0	
79.3011	15.3889	-1.9829	1.1778	0.0	
79.2619	15.2993	-1.9829	0.9778	0.0	
79.2307	15.228	-1.9829	0.7778	0.0	
79.1924	15.1381	-1.9826	0.9778	0.0087	
79.1471	15.0294	-1.9818	1.1778	0.0175	
79.0954	14.9017	-1.9803	1.3778	0.0262	
79.0377	14.7548	-1.9781	1.5778	0.0349	
78.9744	14.5887	-1.975	1.7778	0.0436	
78.9062	14.403	-1.9709	1.9778	0.0524	
78.8338	14.1976	-1.9656	2.1778	0.0611	
78.7579	13.9723	-1.9589	2.3778	0.0698	
78.6794	13.7268	-1.9508	2.5778	0.0785	
78.5992	13.4608	-1.9412	2.7778	0.0873	
78.53	13.2229	-1.9325	2.4778	0.0873	
78.471	13.0133	-1.9249	2.1778	0.0873	
78.4214	12.8322	-1.9184	1.8778	0.0873	
78.3808	12.6797	-1.9129	1.5778	0.0873	
78.3486	12.556	-1.9084	1.2778	0.0873	
78.3244	12.4613	-1.905	0.9778	0.0873	
78.3078	12.3956	-1.9027	0.6778	0.0873	
78.2987	12.3589	-1.9013	0.3778	0.0873	
78.2968	12.3514	-1.9011	0.0778	0.0873	
78.2968	12.3514	-1.9011	0.0	0.0873	
78.2852	12.3028	-1.8992	0.5	0.096	
78.263	12.2052	-1.895	1.0	0.1047	
78.2316	12.0586	-1.8882	1.5	0.1134	
78.1928	11.8624	-1.8784	2.0	0.1222	
78.1489	11.6163	-1.8654	2.5	0.1309	
78.106	11.3418	-1.8499	2.7778	0.1396	
78.0698	11.0664	-1.8335	2.7778	0.1484	
78.0405	10.7902	-1.8161	2.7778	0.1571	
78.0184	10.5133	-1.7978	2.7778	0.1658	
78.0039	10.2359	-1.7785	2.7778	0.1745	
77.996	9.9982	-1.762	2.3778	0.1745	
77.9927	9.8005	-1.7482	1.9778	0.1745	
77.9923	9.6427	-1.7373	1.5778	0.1745	
77.9932	9.5249	-1.7291	1.1778	0.1745	
77.9945	9.4472	-1.7237	0.7778	0.1745	
77.9953	9.4094	-1.7211	0.3778	0.1745	
77.9953	9.4094	-1.7211	0.0	0.1745	
77.9953	9.4094	-1.7211	0.0	0.1745	
77.9953	9.4094	-1.7211	0.0	0.1745	
77.9953	9.4094	-1.7211	0.0	0.1745	
77.9953	9.4094	-1.7211	0.0	0.1833	
77.9953	9.4094	-1.7211	0.0	0.192	
77.9953	9.4094	-1.7211	0.0	0.2007	
77.9953	9.4094	-1.7211	0.0	0.2094	
77.9953	9.4094	-1.7211	0.0	0.2182	
77.9953	9.4094	-1.7211	0.0	0.2269	
77.9953	9.4094	-1.7211	0.0	0.2356	
77.9953	9.4094	-1.7211	0.0	0.2443	
77.9953	9.4094	-1.7211	0.0	0.2531	
77.9953	9.4094	-1.7211	0.0	0.2618	
77.9953	9.4094	-1.7211	0.0	0.2705	
77.9953	9.4094	-1.7211	0.0	0.2793	
77.9953	9.4094	-1.7211	0.0	0.288	
77.9953	9.4094	-1.7211	0.0	0.2967	
77.9953	9.4094	-1.7211	0.0	0.3054	
77.9953	9.4094	-1.7211	0.0	0.3142	
77.9953	9.4094	-1.7211	0.0	0.3229	
77.9953	9.4094	-1.7211	0.0	0.3316	
77.9953	9.4094	-1.7211	0.0	0.3403	
77.9953	9.4094	-1.7211	0.0	0.3491	
77.9953	9.4094	-1.7211	0.0	0.3403	
77.9953	9.4094	-1.7211	0.0	0.3316	
77.9953	9.4094	-1.7211	0.0	0.3229	
77.9953	9.4094	-1.7211	0.0	0.3142	
77.9953	9.4094	-1.7211	0.0	0.3054	
77.9953	9.4094	-1.7211	0.0	0.2967	
77.9953	9.4094	-1.7211	0.0	0.288	
77.9953	9.4094	-1.7211	0.0	0.2793	
77.9953	9.4094	-1.7211	0.0	0.2705	
77.9953	9.4094	-1.7211	0.0	0.2618	
77.9953	9.4094	-1.7211	0.0	0.2618	
77.9953	9.4094	-1.7211	0.0	0.2618	
77.9953	9.4094	-1.7211	0.0	0.2618	
77.9953	9.4094	-1.7211	0.0	0.2618	
77.9953	9.4094	-1.7211	0.0	0.2618	
77.9953	9.4094	-1.7211	0.0	0.2618	
77.9953	9.4094	-1.7211	0.0	0.2618	
77.9953	9.4094	-1.7211	0.0	0.2618	
77.9953	9.4094	-1.7211	0.0	0.2618	
77.9953	9.4094	-1.7211	0.0	0.2618	
77.9964	9.3995	-1.72	0.1	0.2618	
77.9986	9.3796	-1.718	0.2	0.2618	
78.0021	9.3498	-1.7148	0.3	0.2618	
78.0068	9.3101	-1.7107	0.4	0.2618	
78.0129	9.2604	-1.7055	0.5	0.2618	
78.0205	9.2009	-1.6993	0.6	0.2618	
78.0298	9.1315	-1.6921	0.7	0.2618	
78.041	9.0523	-1.6838	0.8	0.2618	
78.0543	8.9633	-1.6745	0.9	0.2618	
78.0701	8.8646	-1.6641	1.0	0.2618	
78.0818	8.7956	-1.6569	0.7	0.2618	
78.0888	8.7562	-1.6527	0.4	0.2618	
78.0906	8.7463	-1.6517	0.1	0.2618	
78.0906	8.7463	-1.6517	0.0	0.2618	
78.0906	8.7463	-1.6517	0.0	0.2618	
78.0906	8.7463	-1.6517	0.0	0.2618	
78.0906	8.7463	-1.6517	0.0	0.2618	
78.0906	8.7463	-1.6517	0.0	0.2618	
78.0906	8.7463	-1.6517	0.0	0.2618	
78.0906	8.7463	-1.6517	0.0	0.2618	
78.0906	8.7463	-1.6517	0.0	0.2705	
78.0906	8.7463	-1.6517	0.0	0.2793	
78.0906	8.7463	-1.6517	0.0	0.288	
78.0906	8.7463	-1.6517	0.0	0.2967	
78.0906	8.7463	-1.6517	0.0	0.3054	
78.0906	8.7463	-1.6517	0.0	0.3142	
78.0906	8.7463	-1.6517	0.0	0.3229	
78.0906	8.7463	-1.6517	0.0	0.3316	
78.0906	8.7463	-1.6517	0.0	0.3403	
78.0906	8.7463	-1.6517	0.0	0.3491	
-1
