47.0	43.0	0.0	0.0	0.10471975511965977	43.0	3.0	0.0	0.5555555555555556	0.0	6
46.0021	34.2422	1.57	2.4222	-0.0087	
46.0069	34.5044	1.5681	2.6222	-0.0175	
46.0149	34.7821	1.5652	2.7778	-0.0262	
46.0262	35.0596	1.5613	2.7778	-0.0349	
46.0409	35.337	1.5565	2.7778	-0.0436	
46.0594	35.6142	1.5507	2.7778	-0.0524	
46.082	35.891	1.5439	2.7778	-0.0611	
46.1088	36.1675	1.5361	2.7778	-0.0698	
46.1402	36.4435	1.5274	2.7778	-0.0785	
46.1763	36.7189	1.5177	2.7778	-0.0873	
46.2102	36.9745	1.5096	2.5778	-0.0785	
46.2412	37.2102	1.503	2.3778	-0.0698	
46.2692	37.4262	1.4977	2.1778	-0.0611	
46.294	37.6224	1.4936	1.9778	-0.0524	
46.3154	37.7989	1.4905	1.7778	-0.0436	
46.3335	37.9556	1.4882	1.5778	-0.0349	
46.3485	38.0926	1.4868	1.3778	-0.0262	
46.3604	38.2097	1.486	1.1778	-0.0175	
46.3695	38.3071	1.4856	0.9778	-0.0087	
46.3762	38.3846	1.4856	0.7778	0.0	
46.3783	38.4123	1.4857	0.2778	0.0087	
46.3783	38.4123	1.4857	0.0	0.0175	
46.3783	38.4123	1.4857	0.0	0.0262	
46.3783	38.4123	1.4857	0.0	0.0349	
46.3783	38.4123	1.4857	0.0	0.0436	
46.3783	38.4123	1.4857	0.0	0.0524	
46.3783	38.4123	1.4857	0.0	0.0611	
46.3783	38.4123	1.4857	0.0	0.0698	
46.3783	38.4123	1.4857	0.0	0.0785	
46.3783	38.4123	1.4857	0.0	0.0873	
46.3783	38.4123	1.4857	0.0	0.096	
46.3783	38.4123	1.4857	0.0	0.1047	
46.3783	38.4123	1.4857	0.0	0.1134	
46.3783	38.4123	1.4857	0.0	0.1222	
46.3783	38.4123	1.4857	0.0	0.1309	
46.3783	38.4123	1.4857	0.0	0.1396	
46.3783	38.4123	1.4857	0.0	0.1484	
46.3783	38.4123	1.4857	0.0	0.1571	
46.3783	38.4123	1.4857	0.0	0.1658	
46.3783	38.4123	1.4857	0.0	0.1745	
46.3747	38.4521	1.4885	0.4	0.1745	
46.3673	38.5318	1.4941	0.8	0.1745	
46.3556	38.6512	1.5024	1.2	0.1745	
46.3387	38.8103	1.5135	1.6	0.1745	
46.3153	39.0089	1.5274	2.0	0.1745	
46.2839	39.2469	1.5441	2.4	0.1745	
46.243	39.5216	1.5634	2.7778	0.1745	
46.1968	39.7955	1.5827	2.7778	0.1745	
46.1453	40.0685	1.602	2.7778	0.1745	
46.0885	40.3404	1.6213	2.7778	0.1745	
46.0333	40.5819	1.6385	2.4778	0.1745	
45.981	40.7934	1.6536	2.1778	0.1745	
45.9332	40.975	1.6666	1.8778	0.1745	
45.8911	41.127	1.6776	1.5778	0.1745	
45.8556	41.2498	1.6865	1.2778	0.1745	
45.8276	41.3435	1.6933	0.9778	0.1745	
45.8078	41.4083	1.698	0.6778	0.1745	
45.7966	41.4443	1.7006	0.3778	0.1745	
45.7942	41.4518	1.7011	0.0778	0.1745	
45.7942	41.4518	1.7011	0.0	0.1745	
45.7855	41.4804	1.7031	0.3	0.1658	
45.7684	41.538	1.7069	0.6	0.1571	
45.7431	41.6243	1.7122	0.9	0.1484	
45.7098	41.7396	1.7189	1.2	0.1396	
45.6685	41.8838	1.7267	1.5	0.1309	
45.6191	42.0569	1.7355	1.8	0.1222	
45.5615	42.2588	1.745	2.1	0.1134	
45.4954	42.4896	1.755	2.4	0.1047	
45.4207	42.749	1.7654	2.7	0.096	
45.3434	43.0159	1.7751	2.7778	0.0873	
45.2613	43.2812	1.7857	2.7778	0.096	
45.174	43.5449	1.7973	2.7778	0.1047	
45.0814	43.8068	1.8099	2.7778	0.1134	
44.9832	44.0666	1.8234	2.7778	0.1222	
44.8792	44.3242	1.8379	2.7778	0.1309	
44.7693	44.5793	1.8534	2.7778	0.1396	
44.6533	44.8317	1.8698	2.7778	0.1484	
44.5309	45.0811	1.8872	2.7778	0.1571	
44.4021	45.3272	1.9056	2.7778	0.1658	
44.2667	45.5697	1.9249	2.7778	0.1745	
44.1386	45.7934	1.9419	2.5778	0.1658	
44.0188	45.9988	1.9567	2.3778	0.1571	
43.9079	46.1863	1.9696	2.1778	0.1484	
43.8065	46.356	1.9806	1.9778	0.1396	
43.715	46.5085	1.9899	1.7778	0.1309	
43.6337	46.6437	1.9976	1.5778	0.1222	
43.5628	46.7618	2.0038	1.3778	0.1134	
43.5025	46.863	2.0088	1.1778	0.1047	
43.4527	46.9472	2.0125	0.9778	0.096	
43.4135	47.0143	2.0152	0.7778	0.0873	
43.358	47.1067	2.0194	1.0778	0.096	
43.2856	47.2239	2.0251	1.3778	0.1047	
43.1954	47.3654	2.0327	1.6778	0.1134	
43.0863	47.5304	2.0424	1.9778	0.1222	
42.9573	47.7181	2.0543	2.2778	0.1309	
42.8068	47.9274	2.0686	2.5778	0.1396	
42.6396	48.1492	2.085	2.7778	0.1484	
42.4668	48.3667	2.1024	2.7778	0.1571	
42.2884	48.5796	2.1207	2.7778	0.1658	
42.1043	48.7876	2.14	2.7778	0.1745	
41.9433	48.9626	2.1566	2.3778	0.1745	
41.807	49.1059	2.1703	1.9778	0.1745	
41.6967	49.2187	2.1813	1.5778	0.1745	
41.6135	49.3021	2.1894	1.1778	0.1745	
41.558	49.3566	2.1948	0.7778	0.1745	
41.531	49.383	2.1975	0.3778	0.1745	
41.531	49.383	2.1975	0.0	0.1745	
41.531	49.383	2.1975	0.0	0.1745	
41.531	49.383	2.1975	0.0	0.1745	
41.531	49.383	2.1975	0.0	0.1745	
41.531	49.383	2.1975	0.0	0.1833	
41.531	49.383	2.1975	0.0	0.192	
41.531	49.383	2.1975	0.0	0.2007	
41.531	49.383	2.1975	0.0	0.2094	
41.531	49.383	2.1975	0.0	0.2182	
41.531	49.383	2.1975	0.0	0.2269	
41.531	49.383	2.1975	0.0	0.2356	
41.531	49.383	2.1975	0.0	0.2443	
41.531	49.383	2.1975	0.0	0.2531	
41.531	49.383	2.1975	0.0	0.2618	
41.531	49.383	2.1975	0.0	0.2705	
41.531	49.383	2.1975	0.0	0.2793	
41.531	49.383	2.1975	0.0	0.288	
41.531	49.383	2.1975	0.0	0.2967	
41.531	49.383	2.1975	0.0	0.3054	
41.531	49.383	2.1975	0.0	0.3142	
41.531	49.383	2.1975	0.0	0.3229	
41.531	49.383	2.1975	0.0	0.3316	
41.531	49.383	2.1975	0.0	0.3403	
41.531	49.383	2.1975	0.0	0.3491	
41.531	49.383	2.1975	0.0	0.3578	
41.531	49.383	2.1975	0.0	0.3665	
41.531	49.383	2.1975	0.0	0.3752	
41.531	49.383	2.1975	0.0	0.384	
41.531	49.383	2.1975	0.0	0.3927	
41.531	49.383	2.1975	0.0	0.4014	
41.531	49.383	2.1975	0.0	0.4102	
41.531	49.383	2.1975	0.0	0.4189	
41.531	49.383	2.1975	0.0	0.4276	
41.531	49.383	2.1975	0.0	0.4363	
41.4959	49.4021	2.2043	0.4	0.4451	
41.425	49.4393	2.2184	0.8	0.4538	
41.3175	49.4927	2.2398	1.2	0.4625	
41.1721	49.5594	2.2688	1.6	0.4712	
40.9874	49.636	2.3058	2.0	0.48	
40.7617	49.7176	2.3509	2.4	0.4887	
40.4958	49.7979	2.4039	2.7778	0.4974	
40.2254	49.8617	2.4577	2.7778	0.5061	
39.9516	49.9084	2.5125	2.7778	0.5149	
39.6754	49.9377	2.568	2.7778	0.5236	
39.3978	49.9491	2.6244	2.7778	0.5323	
39.1201	49.9425	2.6816	2.7778	0.5411	
38.8435	49.9176	2.7397	2.7778	0.5498	
38.5691	49.8743	2.7986	2.7778	0.5585	
38.2983	49.8125	2.8583	2.7778	0.5672	
38.0323	49.7324	2.9188	2.7778	0.576	
37.7725	49.634	2.9801	2.7778	0.5847	
37.5202	49.5177	3.0422	2.7778	0.5934	
37.2768	49.3839	3.1052	2.7778	0.6021	
37.0436	49.233	-3.1143	2.7778	0.6109	
36.8191	49.0694	-3.0513	2.7778	0.6021	
36.6037	48.894	-2.9892	2.7778	0.5934	
36.3981	48.7073	-2.9279	2.7778	0.5847	
36.2025	48.51	-2.8674	2.7778	0.576	
36.0174	48.3029	-2.8077	2.7778	0.5672	
35.8431	48.0866	-2.7488	2.7778	0.5585	
35.6798	47.8619	-2.6907	2.7778	0.5498	
35.5279	47.6294	-2.6335	2.7778	0.5411	
35.3873	47.3897	-2.5771	2.7778	0.5323	
35.2584	47.1437	-2.5216	2.7778	0.5236	
35.1622	46.9372	-2.4767	2.2778	0.5149	
35.093	46.7735	-2.4422	1.7778	0.5061	
35.0463	46.6545	-2.4178	1.2778	0.4974	
35.0191	46.5817	-2.4032	0.7778	0.4887	
35.0095	46.5556	-2.3981	0.2778	0.48	
35.0095	46.5556	-2.3981	0.0	0.4712	
35.0095	46.5556	-2.3981	0.0	0.4625	
35.0095	46.5556	-2.3981	0.0	0.4538	
35.0095	46.5556	-2.3981	0.0	0.4451	
35.0095	46.5556	-2.3981	0.0	0.4363	
35.0095	46.5556	-2.3981	0.0	0.4363	
35.0095	46.5556	-2.3981	0.0	0.4363	
35.0095	46.5556	-2.3981	0.0	0.4363	
35.0095	46.5556	-2.3981	0.0	0.4363	
35.0095	46.5556	-2.3981	0.0	0.4363	
35.0095	46.5556	-2.3981	0.0	0.4363	
35.0095	46.5556	-2.3981	0.0	0.4363	
35.0095	46.5556	-2.3981	0.0	0.4363	
35.0095	46.5556	-2.3981	0.0	0.4363	
35.0095	46.5556	-2.3981	0.0	0.4363	
35.0095	46.5556	-2.3981	0.0	0.4276	
35.0095	46.5556	-2.3981	0.0	0.4189	
35.0095	46.5556	-2.3981	0.0	0.4102	
35.0095	46.5556	-2.3981	0.0	0.4014	
35.0095	46.5556	-2.3981	0.0	0.3927	
35.0095	46.5556	-2.3981	0.0	0.384	
35.0095	46.5556	-2.3981	0.0	0.3752	
35.0095	46.5556	-2.3981	0.0	0.3665	
35.0095	46.5556	-2.3981	0.0	0.3578	
35.0095	46.5556	-2.3981	0.0	0.3491	
34.9954	46.5291	-2.3941	0.3	0.3403	
34.9671	46.4762	-2.3863	0.6	0.3316	
34.9246	46.3969	-2.3749	0.9	0.3229	
34.8681	46.291	-2.36	1.2	0.3142	
34.7983	46.1582	-2.342	1.5	0.3054	
34.7161	45.9981	-2.3209	1.8	0.2967	
34.6224	45.8102	-2.2971	2.1	0.288	
34.5187	45.5937	-2.2706	2.4	0.2793	
34.4063	45.3482	-2.2417	2.7	0.2705	
34.2958	45.0934	-2.213	2.7778	0.2618	
34.2058	44.8625	-2.1865	2.4778	0.2705	
34.1339	44.657	-2.1625	2.1778	0.2793	
34.0778	44.4778	-2.1412	1.8778	0.288	
34.0351	44.3259	-2.1227	1.5778	0.2967	
34.004	44.202	-2.1073	1.2778	0.3054	
33.9824	44.1066	-2.0953	0.9778	0.3142	
33.9688	44.0402	-2.0866	0.6778	0.3229	
33.9619	44.003	-2.0817	0.3778	0.3316	
33.9606	43.9954	-2.0807	0.0778	0.3403	
33.9606	43.9954	-2.0807	0.0	0.3491	
33.9545	43.9558	-2.0751	0.4	0.3578	
33.9435	43.8766	-2.0636	0.8	0.3665	
33.9295	43.7574	-2.046	1.2	0.3752	
33.9149	43.5981	-2.0221	1.6	0.384	
33.9032	43.3984	-1.9914	2.0	0.3927	
33.8986	43.1585	-1.9539	2.4	0.4014	
33.9061	42.8808	-1.9096	2.7778	0.4102	
33.9283	42.6039	-1.8644	2.7778	0.4189	
33.9654	42.3286	-1.8184	2.7778	0.4276	
34.0175	42.0558	-1.7714	2.7778	0.4363	
34.08	41.7851	-1.7253	2.7778	0.4276	
34.1526	41.517	-1.6801	2.7778	0.4189	
34.2349	41.2517	-1.6358	2.7778	0.4102	
34.3266	40.9895	-1.5924	2.7778	0.4014	
34.4273	40.7306	-1.5499	2.7778	0.3927	
34.5368	40.4753	-1.5083	2.7778	0.384	
34.6545	40.2237	-1.4675	2.7778	0.3752	
34.7803	39.976	-1.4277	2.7778	0.3665	
34.9137	39.7324	-1.3888	2.7778	0.3578	
35.0543	39.4929	-1.3508	2.7778	0.3491	
35.1913	39.2745	-1.3164	2.5778	0.3403	
35.3228	39.0764	-1.2854	2.3778	0.3316	
35.4473	38.8977	-1.2578	2.1778	0.3229	
35.5633	38.7375	-1.2333	1.9778	0.3142	
35.6699	38.5952	-1.212	1.7778	0.3054	
35.7661	38.4702	-1.1935	1.5778	0.2967	
35.8512	38.3618	-1.1778	1.3778	0.288	
35.9245	38.2696	-1.1649	1.1778	0.2793	
35.9857	38.1934	-1.1544	0.9778	0.2705	
36.0345	38.1328	-1.1464	0.7778	0.2618	
36.0965	38.0572	-1.1362	0.9778	0.2618	
36.172	37.9668	-1.124	1.1778	0.2618	
36.2617	37.8622	-1.1098	1.3778	0.2618	
36.366	37.7439	-1.0934	1.5778	0.2618	
36.4858	37.6125	-1.075	1.7778	0.2618	
36.6217	37.4688	-1.0546	1.9778	0.2618	
36.7746	37.3137	-1.032	2.1778	0.2618	
36.9452	37.1481	-1.0074	2.3778	0.2618	
37.1346	36.9732	-0.9807	2.5778	0.2618	
37.3436	36.7903	-0.952	2.7778	0.2618	
37.5563	36.6116	-0.9241	2.7778	0.2531	
37.7723	36.437	-0.8973	2.7778	0.2443	
37.9915	36.2663	-0.8713	2.7778	0.2356	
38.2136	36.0994	-0.8463	2.7778	0.2269	
38.4383	35.9362	-0.8223	2.7778	0.2182	
38.6655	35.7764	-0.7992	2.7778	0.2094	
38.895	35.6199	-0.777	2.7778	0.2007	
39.1266	35.4665	-0.7558	2.7778	0.192	
39.3601	35.316	-0.7356	2.7778	0.1833	
39.5953	35.1682	-0.7163	2.7778	0.1745	
39.8247	35.0302	-0.6977	2.6778	0.1745	
40.048	34.9014	-0.6798	2.5778	0.1745	
40.2649	34.7814	-0.6626	2.4778	0.1745	
40.4749	34.67	-0.646	2.3778	0.1745	
40.6778	34.5665	-0.6302	2.2778	0.1745	
40.8734	34.4707	-0.6151	2.1778	0.1745	
41.0613	34.382	-0.6007	2.0778	0.1745	
41.2414	34.3003	-0.5869	1.9778	0.1745	
41.4134	34.225	-0.5739	1.8778	0.1745	
41.5772	34.1559	-0.5615	1.7778	0.1745	
41.6955	34.1077	-0.5527	1.2778	0.1745	
41.7678	34.079	-0.5473	0.7778	0.1745	
41.7937	34.0689	-0.5453	0.2778	0.1745	
41.7937	34.0689	-0.5453	0.0	0.1745	
41.7937	34.0689	-0.5453	0.0	0.1745	
41.7937	34.0689	-0.5453	0.0	0.1745	
41.7937	34.0689	-0.5453	0.0	0.1745	
41.7937	34.0689	-0.5453	0.0	0.1745	
41.7937	34.0689	-0.5453	0.0	0.1745	
41.7937	34.0689	-0.5453	0.0	0.1745	
41.803	34.0653	-0.5446	0.1	0.1833	
41.8218	34.0584	-0.5431	0.2	0.192	
41.8501	34.0483	-0.5407	0.3	0.2007	
41.8879	34.0353	-0.5374	0.4	0.2094	
41.9354	34.0196	-0.533	0.5	0.2182	
41.9926	34.0016	-0.5276	0.6	0.2269	
42.0596	33.9814	-0.5211	0.7	0.2356	
42.1366	33.9595	-0.5133	0.8	0.2443	
42.2235	33.9364	-0.5043	0.9	0.2531	
42.3206	33.9124	-0.494	1.0	0.2618	
42.379	33.8986	-0.4878	0.6	0.2618	
42.3985	33.8941	-0.4857	0.2	0.2618	
42.3985	33.8941	-0.4857	0.0	0.2618	
42.3985	33.8941	-0.4857	0.0	0.2618	
42.3985	33.8941	-0.4857	0.0	0.2618	
42.3985	33.8941	-0.4857	0.0	0.2618	
42.3985	33.8941	-0.4857	0.0	0.2618	
42.3985	33.8941	-0.4857	0.0	0.2618	
42.3985	33.8941	-0.4857	0.0	0.2618	
42.3985	33.8941	-0.4857	0.0	0.2618	
42.3985	33.8941	-0.4857	0.0	0.2531	
42.3985	33.8941	-0.4857	0.0	0.2443	
42.3985	33.8941	-0.4857	0.0	0.2356	
42.3985	33.8941	-0.4857	0.0	0.2269	
42.3985	33.8941	-0.4857	0.0	0.2182	
42.3985	33.8941	-0.4857	0.0	0.2094	
42.3985	33.8941	-0.4857	0.0	0.2007	
42.3985	33.8941	-0.4857	0.0	0.192	
42.3985	33.8941	-0.4857	0.0	0.1833	
42.3985	33.8941	-0.4857	0.0	0.1745	
42.3985	33.8941	-0.4857	0.0	0.1745	
42.3985	33.8941	-0.4857	0.0	0.1745	
42.3985	33.8941	-0.4857	0.0	0.1745	
42.3985	33.8941	-0.4857	0.0	0.1745	
42.3985	33.8941	-0.4857	0.0	0.1745	
42.3985	33.8941	-0.4857	0.0	0.1745	
42.3985	33.8941	-0.4857	0.0	0.1745	
42.3985	33.8941	-0.4857	0.0	0.1745	
42.3985	33.8941	-0.4857	0.0	0.1745	
42.3985	33.8941	-0.4857	0.0	0.1745	
42.3985	33.8941	-0.4857	0.0	0.1745	
42.3985	33.8941	-0.4857	0.0	0.1745	
42.3985	33.8941	-0.4857	0.0	0.1745	
42.3985	33.8941	-0.4857	0.0	0.1745	
42.3985	33.8941	-0.4857	0.0	0.1745	
42.3985	33.8941	-0.4857	0.0	0.1745	
42.3985	33.8941	-0.4857	0.0	0.1745	
42.3985	33.8941	-0.4857	0.0	0.1745	
42.3985	33.8941	-0.4857	0.0	0.1745	
42.3985	33.8941	-0.4857	0.0	0.1745	
42.3985	33.8941	-0.4857	0.0	0.1658	
42.3985	33.8941	-0.4857	0.0	0.1571	
42.3985	33.8941	-0.4857	0.0	0.1484	
42.3985	33.8941	-0.4857	0.0	0.1396	
42.3985	33.8941	-0.4857	0.0	0.1309	
42.3985	33.8941	-0.4857	0.0	0.1222	
42.3985	33.8941	-0.4857	0.0	0.1134	
42.3985	33.8941	-0.4857	0.0	0.1047	
42.3985	33.8941	-0.4857	0.0	0.096	
42.3985	33.8941	-0.4857	0.0	0.0873	
42.3985	33.8941	-0.4857	0.0	0.096	
42.3985	33.8941	-0.4857	0.0	0.1047	
42.3985	33.8941	-0.4857	0.0	0.1134	
42.3985	33.8941	-0.4857	0.0	0.1222	
42.3985	33.8941	-0.4857	0.0	0.1309	
42.3985	33.8941	-0.4857	0.0	0.1396	
42.3985	33.8941	-0.4857	0.0	0.1484	
42.3985	33.8941	-0.4857	0.0	0.1571	
42.3985	33.8941	-0.4857	0.0	0.1658	
42.3985	33.8941	-0.4857	0.0	0.1745	
42.3985	33.8941	-0.4857	0.0	0.1658	
42.3985	33.8941	-0.4857	0.0	0.1571	
42.3985	33.8941	-0.4857	0.0	0.1484	
42.3985	33.8941	-0.4857	0.0	0.1396	
42.3985	33.8941	-0.4857	0.0	0.1309	
42.3985	33.8941	-0.4857	0.0	0.1222	
42.3985	33.8941	-0.4857	0.0	0.1134	
42.3985	33.8941	-0.4857	0.0	0.1047	
42.3985	33.8941	-0.4857	0.0	0.096	
42.3985	33.8941	-0.4857	0.0	0.0873	
42.3985	33.8941	-0.4857	0.0	0.0873	
42.3985	33.8941	-0.4857	0.0	0.0873	
42.3985	33.8941	-0.4857	0.0	0.0873	
42.3985	33.8941	-0.4857	0.0	0.0873	
42.3985	33.8941	-0.4857	0.0	0.0873	
42.3985	33.8941	-0.4857	0.0	0.0873	
42.3985	33.8941	-0.4857	0.0	0.0873	
42.3985	33.8941	-0.4857	0.0	0.0873	
42.3985	33.8941	-0.4857	0.0	0.0873	
42.3985	33.8941	-0.4857	0.0	0.0873	
42.3985	33.8941	-0.4857	0.0	0.0873	
42.3985	33.8941	-0.4857	0.0	0.0873	
42.3985	33.8941	-0.4857	0.0	0.0873	
42.3985	33.8941	-0.4857	0.0	0.0873	
42.3985	33.8941	-0.4857	0.0	0.0873	
42.3985	33.8941	-0.4857	0.0	0.0873	
42.3985	33.8941	-0.4857	0.0	0.0873	
42.3985	33.8941	-0.4857	0.0	0.0873	
42.3985	33.8941	-0.4857	0.0	0.0873	
42.3985	33.8941	-0.4857	0.0	0.0873	
42.4077	33.8901	-0.4854	0.1	0.0785	
42.426	33.882	-0.4848	0.2	0.0698	
42.4533	33.8697	-0.4841	0.3	0.0611	
42.4896	33.853	-0.4833	0.4	0.0524	
42.5349	33.8317	-0.4824	0.5	0.0436	
42.589	33.8057	-0.4815	0.6	0.0349	
42.6519	33.7749	-0.4808	0.7	0.0262	
42.7234	33.7392	-0.4803	0.8	0.0175	
42.8036	33.6983	-0.4799	0.9	0.0087	
42.8923	33.6521	-0.4799	1.0	0.0	
-1
50.1511	24.9987	-0.0005	1.5111	-0.0087	
50.3422	24.9952	-0.0019	1.9111	-0.0175	
50.5732	24.9888	-0.0043	2.3111	-0.0262	
50.8441	24.9781	-0.0081	2.7111	-0.0349	
51.1215	24.9638	-0.0129	2.7778	-0.0436	
51.3987	24.9457	-0.0187	2.7778	-0.0524	
51.6756	24.9235	-0.0255	2.7778	-0.0611	
51.9521	24.8971	-0.0333	2.7778	-0.0698	
52.2282	24.8661	-0.042	2.7778	-0.0785	
52.5036	24.8303	-0.0517	2.7778	-0.0873	
52.779	24.7942	-0.0604	2.7778	-0.0785	
53.0545	24.7582	-0.0681	2.7778	-0.0698	
53.3299	24.7224	-0.0749	2.7778	-0.0611	
53.6055	24.6871	-0.0807	2.7778	-0.0524	
53.8811	24.6527	-0.0856	2.7778	-0.0436	
54.1569	24.6193	-0.0895	2.7778	-0.0349	
54.4328	24.5872	-0.0924	2.7778	-0.0262	
54.7089	24.5568	-0.0943	2.7778	-0.0175	
54.9852	24.5282	-0.0953	2.7778	-0.0087	
55.2617	24.5018	-0.0953	2.7778	0.0	
55.538	24.4729	-0.0962	2.7778	-0.0087	
55.814	24.4414	-0.0982	2.7778	-0.0175	
56.0896	24.407	-0.1011	2.7778	-0.0262	
56.3648	24.3693	-0.105	2.7778	-0.0349	
56.6395	24.3282	-0.1098	2.7778	-0.0436	
56.9137	24.2833	-0.1156	2.7778	-0.0524	
57.1871	24.2345	-0.1224	2.7778	-0.0611	
57.4598	24.1814	-0.1302	2.7778	-0.0698	
57.7315	24.1239	-0.1389	2.7778	-0.0785	
58.0022	24.0616	-0.1486	2.7778	-0.0873	
58.2329	24.004	-0.1577	2.3778	-0.096	
58.4239	23.9527	-0.1659	1.9778	-0.1047	
58.5756	23.9092	-0.1731	1.5778	-0.1134	
58.6883	23.8749	-0.1788	1.1778	-0.1222	
58.7624	23.8512	-0.1829	0.7778	-0.1309	
58.7982	23.8393	-0.185	0.3778	-0.1396	
58.7982	23.8393	-0.185	0.0	-0.1484	
58.7982	23.8393	-0.185	0.0	-0.1571	
58.7982	23.8393	-0.185	0.0	-0.1658	
58.7982	23.8393	-0.185	0.0	-0.1745	
58.8358	23.8255	-0.1876	0.4	-0.1658	
58.911	23.7985	-0.1926	0.8	-0.1571	
59.0241	23.7583	-0.1997	1.2	-0.1484	
59.175	23.7051	-0.2086	1.6	-0.1396	
59.3636	23.6385	-0.2191	2.0	-0.1309	
59.5898	23.5582	-0.2308	2.4	-0.1222	
59.8512	23.4644	-0.2434	2.7778	-0.1134	
60.1124	23.3697	-0.255	2.7778	-0.1047	
60.3732	23.2742	-0.2656	2.7778	-0.096	
60.6339	23.1781	-0.2753	2.7778	-0.0873	
60.8562	23.0938	-0.2836	2.3778	-0.0873	
61.0405	23.0221	-0.2905	1.9778	-0.0873	
61.1872	22.9639	-0.296	1.5778	-0.0873	
61.2964	22.9199	-0.3001	1.1778	-0.0873	
61.3684	22.8905	-0.3028	0.7778	-0.0873	
61.4033	22.8761	-0.3041	0.3778	-0.0873	
61.4033	22.8761	-0.3041	0.0	-0.0873	
61.4033	22.8761	-0.3041	0.0	-0.0873	
61.4033	22.8761	-0.3041	0.0	-0.0873	
61.4033	22.8761	-0.3041	0.0	-0.0873	
61.4218	22.8684	-0.3049	0.2	-0.096	
61.4585	22.8524	-0.3066	0.4	-0.1047	
61.5132	22.828	-0.3093	0.6	-0.1134	
61.5859	22.7945	-0.3132	0.8	-0.1222	
61.6762	22.7515	-0.3184	1.0	-0.1309	
61.7838	22.6985	-0.3251	1.2	-0.1396	
61.9084	22.6346	-0.3334	1.4	-0.1484	
62.0496	22.5593	-0.3434	1.6	-0.1571	
62.2067	22.4715	-0.3553	1.8	-0.1658	
62.3793	22.3705	-0.3692	2.0	-0.1745	
62.507	22.2918	-0.3801	1.5	-0.1833	
62.5911	22.2376	-0.3877	1.0	-0.192	
62.6327	22.2099	-0.3917	0.5	-0.2007	
62.6327	22.2099	-0.3917	0.0	-0.2094	
62.6327	22.2099	-0.3917	0.0	-0.2182	
62.6327	22.2099	-0.3917	0.0	-0.2269	
62.6327	22.2099	-0.3917	0.0	-0.2356	
62.6327	22.2099	-0.3917	0.0	-0.2443	
62.6327	22.2099	-0.3917	0.0	-0.2531	
62.6327	22.2099	-0.3917	0.0	-0.2618	
62.6724	22.1795	-0.3969	0.5	-0.2618	
62.7515	22.1183	-0.4072	1.0	-0.2618	
62.8691	22.0252	-0.4228	1.5	-0.2618	
63.0241	21.8988	-0.4435	2.0	-0.2618	
63.2144	21.7367	-0.4694	2.5	-0.2618	
63.4212	21.5512	-0.4981	2.7778	-0.2618	
63.6226	21.3599	-0.5269	2.7778	-0.2618	
63.8183	21.1628	-0.5556	2.7778	-0.2618	
64.0084	20.9602	-0.5844	2.7778	-0.2618	
64.1925	20.7522	-0.6131	2.7778	-0.2618	
64.34	20.5787	-0.636	2.2778	-0.2531	
64.4533	20.4416	-0.6532	1.7778	-0.2443	
64.5338	20.3424	-0.6651	1.2778	-0.2356	
64.5826	20.2819	-0.6721	0.7778	-0.2269	
64.6001	20.2603	-0.6745	0.2778	-0.2182	
64.6001	20.2603	-0.6745	0.0	-0.2094	
64.6001	20.2603	-0.6745	0.0	-0.2007	
64.6001	20.2603	-0.6745	0.0	-0.192	
64.6001	20.2603	-0.6745	0.0	-0.1833	
64.6001	20.2603	-0.6745	0.0	-0.1745	
64.6001	20.2603	-0.6745	0.0	-0.1833	
64.6001	20.2603	-0.6745	0.0	-0.192	
64.6001	20.2603	-0.6745	0.0	-0.2007	
64.6001	20.2603	-0.6745	0.0	-0.2094	
64.6001	20.2603	-0.6745	0.0	-0.2182	
64.6001	20.2603	-0.6745	0.0	-0.2269	
64.6001	20.2603	-0.6745	0.0	-0.2356	
64.6001	20.2603	-0.6745	0.0	-0.2443	
64.6001	20.2603	-0.6745	0.0	-0.2531	
64.6001	20.2603	-0.6745	0.0	-0.2618	
64.6001	20.2603	-0.6745	0.0	-0.2618	
64.6001	20.2603	-0.6745	0.0	-0.2618	
64.6001	20.2603	-0.6745	0.0	-0.2618	
64.6001	20.2603	-0.6745	0.0	-0.2618	
64.6001	20.2603	-0.6745	0.0	-0.2618	
64.6001	20.2603	-0.6745	0.0	-0.2618	
64.6001	20.2603	-0.6745	0.0	-0.2618	
64.6001	20.2603	-0.6745	0.0	-0.2618	
64.6001	20.2603	-0.6745	0.0	-0.2618	
64.6001	20.2603	-0.6745	0.0	-0.2618	
64.6301	20.2203	-0.6795	0.5	-0.2531	
64.6904	20.1405	-0.6892	1.0	-0.2443	
64.7807	20.0207	-0.7032	1.5	-0.2356	
64.9002	19.8604	-0.7212	2.0	-0.2269	
65.0478	19.6586	-0.7428	2.5	-0.2182	
65.2089	19.4323	-0.7659	2.7778	-0.2094	
65.3667	19.2037	-0.7881	2.7778	-0.2007	
65.5214	18.973	-0.8093	2.7778	-0.192	
65.6732	18.7403	-0.8295	2.7778	-0.1833	
65.8223	18.506	-0.8488	2.7778	-0.1745	
65.9649	18.2676	-0.8691	2.7778	-0.1833	
66.1004	18.0251	-0.8903	2.7778	-0.192	
66.2286	17.7787	-0.9124	2.7778	-0.2007	
66.3492	17.5284	-0.9355	2.7778	-0.2094	
66.4617	17.2745	-0.9596	2.7778	-0.2182	
66.5659	17.017	-0.9846	2.7778	-0.2269	
66.6613	16.7561	-1.0105	2.7778	-0.2356	
66.7476	16.492	-1.0374	2.7778	-0.2443	
66.8244	16.2251	-1.0652	2.7778	-0.2531	
66.8915	15.9555	-1.094	2.7778	-0.2618	
66.9531	15.6847	-1.1218	2.7778	-0.2531	
67.0096	15.4127	-1.1487	2.7778	-0.2443	
67.0611	15.1398	-1.1746	2.7778	-0.2356	
67.1079	14.8659	-1.1996	2.7778	-0.2269	
67.1502	14.5914	-1.2236	2.7778	-0.2182	
67.1884	14.3163	-1.2467	2.7778	-0.2094	
67.2225	14.0406	-1.2689	2.7778	-0.2007	
67.253	13.7645	-1.2901	2.7778	-0.192	
67.28	13.488	-1.3104	2.7778	-0.1833	
67.3039	13.2113	-1.3296	2.7778	-0.1745	
67.3223	12.9341	-1.3489	2.7778	-0.1745	
67.3355	12.6567	-1.3682	2.7778	-0.1745	
67.3433	12.379	-1.3875	2.7778	-0.1745	
67.3457	12.1012	-1.4068	2.7778	-0.1745	
67.3428	11.8235	-1.4261	2.7778	-0.1745	
67.3345	11.5458	-1.4454	2.7778	-0.1745	
67.3208	11.2684	-1.4647	2.7778	-0.1745	
67.3018	10.9912	-1.484	2.7778	-0.1745	
67.2775	10.7145	-1.5033	2.7778	-0.1745	
67.2478	10.4383	-1.5226	2.7778	-0.1745	
67.2199	10.2022	-1.5383	2.3778	-0.1658	
67.1954	10.006	-1.5507	1.9778	-0.1571	
67.1752	9.8495	-1.56	1.5778	-0.1484	
67.16	9.7327	-1.5665	1.1778	-0.1396	
67.1502	9.6555	-1.5706	0.7778	-0.1309	
67.1456	9.618	-1.5724	0.3778	-0.1222	
67.1456	9.618	-1.5724	0.0	-0.1134	
67.1456	9.618	-1.5724	0.0	-0.1047	
67.1456	9.618	-1.5724	0.0	-0.096	
67.1456	9.618	-1.5724	0.0	-0.0873	
67.1408	9.5683	-1.5744	0.5	-0.096	
67.1299	9.4688	-1.5785	1.0	-0.1047	
67.1118	9.3199	-1.5853	1.5	-0.1134	
67.0846	9.1218	-1.5951	2.0	-0.1222	
67.0459	8.8748	-1.6081	2.5	-0.1309	
66.997	8.6014	-1.6236	2.7778	-0.1396	
66.9415	8.3292	-1.64	2.7778	-0.1484	
66.8792	8.0585	-1.6574	2.7778	-0.1571	
66.8098	7.7895	-1.6757	2.7778	-0.1658	
66.7332	7.5225	-1.695	2.7778	-0.1745	
66.6537	7.2564	-1.7134	2.7778	-0.1658	
66.5717	6.991	-1.7308	2.7778	-0.1571	
66.4874	6.7263	-1.7472	2.7778	-0.1484	
66.4011	6.4623	-1.7626	2.7778	-0.1396	
66.313	6.1988	-1.7772	2.7778	-0.1309	
66.2234	5.9359	-1.7907	2.7778	-0.1222	
66.1325	5.6734	-1.8033	2.7778	-0.1134	
66.0406	5.4113	-1.8149	2.7778	-0.1047	
65.9479	5.1494	-1.8255	2.7778	-0.096	
65.8548	4.8877	-1.8352	2.7778	-0.0873	
65.7568	4.6278	-1.8459	2.7778	-0.096	
65.6538	4.3698	-1.8575	2.7778	-0.1047	
65.5456	4.114	-1.8701	2.7778	-0.1134	
49	42	3.1416	2.7778	-0.1222	
48.7246	42.0363	3.1271	2.7778	-0.1309	
48.4501	42.0789	3.1116	2.7778	-0.1396	
48.1767	42.1282	3.0952	2.7778	-0.1484	
47.9047	42.1843	3.0778	2.7778	-0.1571	
47.6342	42.2475	3.0595	2.7778	-0.1658	
47.3655	42.318	3.0402	2.7778	-0.1745	
47.1175	42.3883	3.0223	2.5778	-0.1745	
46.8899	42.4571	3.0058	2.3778	-0.1745	
46.6825	42.5236	2.9906	2.1778	-0.1745	
46.4951	42.5869	2.9769	1.9778	-0.1745	
46.3275	42.646	2.9646	1.7778	-0.1745	
46.1794	42.7004	2.9536	1.5778	-0.1745	
46.0505	42.7492	2.944	1.3778	-0.1745	
45.9408	42.7921	2.9358	1.1778	-0.1745	
45.85	42.8283	2.9291	0.9778	-0.1745	
45.778	42.8577	2.9237	0.7778	-0.1745	
45.7248	42.8803	2.9194	0.5778	-0.1833	
45.6902	42.8955	2.9166	0.3778	-0.192	
45.674	42.9028	2.9151	0.1778	-0.2007	
45.674	42.9028	2.9151	0.0	-0.2094	
45.674	42.9028	2.9151	0.0	-0.2182	
45.674	42.9028	2.9151	0.0	-0.2269	
45.674	42.9028	2.9151	0.0	-0.2356	
45.674	42.9028	2.9151	0.0	-0.2443	
45.674	42.9028	2.9151	0.0	-0.2531	
45.674	42.9028	2.9151	0.0	-0.2618	
45.6564	42.9122	2.9131	0.2	-0.2618	
45.6211	42.931	2.9089	0.4	-0.2618	
45.5683	42.9595	2.9027	0.6	-0.2618	
45.4981	42.9979	2.8944	0.8	-0.2618	
45.4108	43.0466	2.8841	1.0	-0.2618	
45.3066	43.1062	2.8717	1.2	-0.2618	
45.1859	43.1772	2.8572	1.4	-0.2618	
45.0492	43.2603	2.8406	1.6	-0.2618	
44.897	43.3563	2.822	1.8	-0.2618	
44.7298	43.4662	2.8013	2.0	-0.2618	
44.5897	43.5625	2.7837	1.7	-0.2618	
44.4758	43.6438	2.7692	1.4	-0.2618	
44.3872	43.709	2.7578	1.1	-0.2618	
44.3233	43.7571	2.7495	0.8	-0.2618	
44.2836	43.7875	2.7443	0.5	-0.2618	
44.2678	43.7997	2.7422	0.2	-0.2618	
44.2678	43.7997	2.7422	0.0	-0.2618	
44.2678	43.7997	2.7422	0.0	-0.2618	
44.2678	43.7997	2.7422	0.0	-0.2618	
44.2678	43.7997	2.7422	0.0	-0.2618	
44.2521	43.8122	2.7401	0.2	-0.2705	
44.221	43.8373	2.7357	0.4	-0.2793	
44.1749	43.8757	2.7289	0.6	-0.288	
44.1142	43.9278	2.7195	0.8	-0.2967	
44.0395	43.9943	2.7075	1.0	-0.3054	
43.9516	44.076	2.6927	1.2	-0.3142	
43.8512	44.1736	2.6749	1.4	-0.3229	
43.7396	44.2882	2.6541	1.6	-0.3316	
43.6178	44.4208	2.63	1.8	-0.3403	
43.4874	44.5724	2.6027	2.0	-0.3491	
43.328	44.765	2.5693	2.5	-0.3403	
43.1562	44.9832	2.5331	2.7778	-0.3316	
42.9904	45.2061	2.4979	2.7778	-0.3229	
42.8306	45.4334	2.4635	2.7778	-0.3142	
42.6767	45.6646	2.4301	2.7778	-0.3054	
42.5285	45.8996	2.3976	2.7778	-0.2967	
42.386	46.138	2.3661	2.7778	-0.288	
42.2489	46.3796	2.3354	2.7778	-0.2793	
42.1172	46.6241	2.3057	2.7778	-0.2705	
41.9906	46.8714	2.277	2.7778	-0.2618	
41.8776	47.1142	2.2484	2.6778	-0.2705	
41.7776	47.3518	2.2199	2.5778	-0.2793	
41.6901	47.5836	2.1918	2.4778	-0.288	
41.6143	47.8089	2.164	2.3778	-0.2967	
41.5497	48.0274	2.1366	2.2778	-0.3054	
41.4954	48.2383	2.1097	2.1778	-0.3142	
41.4509	48.4412	2.0833	2.0778	-0.3229	
41.4153	48.6358	2.0575	1.9778	-0.3316	
41.3879	48.8215	2.0325	1.8778	-0.3403	
41.368	48.9982	2.0081	1.7778	-0.3491	
41.3514	49.2053	1.979	2.0778	-0.3578	
41.3415	49.4429	1.945	2.3778	-0.3665	
41.3418	49.7107	1.9057	2.6778	-0.3752	
41.3554	49.9881	1.8641	2.7778	-0.384	
41.383	50.2645	1.8216	2.7778	-0.3927	
41.4247	50.5391	1.7781	2.7778	-0.4014	
41.4807	50.8112	1.7338	2.7778	-0.4102	
41.5509	51.08	1.6886	2.7778	-0.4189	
41.6356	51.3445	1.6426	2.7778	-0.4276	
41.7347	51.604	1.5956	2.7778	-0.4363	
41.8378	51.8403	1.552	2.5778	-0.4363	
41.9423	52.0539	1.5118	2.3778	-0.4363	
42.0458	52.2455	1.475	2.1778	-0.4363	
42.1461	52.4159	1.4416	1.9778	-0.4363	
42.2414	52.566	1.4115	1.7778	-0.4363	
42.3299	52.6966	1.3849	1.5778	-0.4363	
42.4102	52.8086	1.3616	1.3778	-0.4363	
42.4811	52.9027	1.3417	1.1778	-0.4363	
42.5415	52.9796	1.3251	0.9778	-0.4363	
42.5905	53.04	1.312	0.7778	-0.4363	
42.6147	53.069	1.3056	0.3778	-0.4363	
42.6147	53.069	1.3056	0.0	-0.4363	
42.6147	53.069	1.3056	0.0	-0.4363	
42.6147	53.069	1.3056	0.0	-0.4363	
42.6147	53.069	1.3056	0.0	-0.4363	
42.6147	53.069	1.3056	0.0	-0.4363	
42.6147	53.069	1.3056	0.0	-0.4363	
42.6147	53.069	1.3056	0.0	-0.4363	
42.6147	53.069	1.3056	0.0	-0.4363	
42.6147	53.069	1.3056	0.0	-0.4363	
42.6147	53.069	1.3056	0.0	-0.4363	
42.6147	53.069	1.3056	0.0	-0.4363	
42.6147	53.069	1.3056	0.0	-0.4363	
42.6147	53.069	1.3056	0.0	-0.4363	
42.6147	53.069	1.3056	0.0	-0.4363	
42.6147	53.069	1.3056	0.0	-0.4363	
42.6147	53.069	1.3056	0.0	-0.4363	
42.6147	53.069	1.3056	0.0	-0.4363	
42.6147	53.069	1.3056	0.0	-0.4363	
42.6147	53.069	1.3056	0.0	-0.4363	
42.6147	53.069	1.3056	0.0	-0.4451	
42.6147	53.069	1.3056	0.0	-0.4538	
42.6147	53.069	1.3056	0.0	-0.4625	
42.6147	53.069	1.3056	0.0	-0.4712	
42.6147	53.069	1.3056	0.0	-0.48	
42.6147	53.069	1.3056	0.0	-0.4887	
42.6147	53.069	1.3056	0.0	-0.4974	
42.6147	53.069	1.3056	0.0	-0.5061	
42.6147	53.069	1.3056	0.0	-0.5149	
42.6147	53.069	1.3056	0.0	-0.5236	
42.6289	53.0831	1.3016	0.2	-0.5236	
42.6574	53.1111	1.2936	0.4	-0.5236	
42.7004	53.1529	1.2816	0.6	-0.5236	
42.7585	53.2079	1.2656	0.8	-0.5236	
42.8322	53.2755	1.2456	1.0	-0.5236	
42.9223	53.3548	1.2216	1.2	-0.5236	
43.0296	53.4448	1.1936	1.4	-0.5236	
43.155	53.5441	1.1616	1.6	-0.5236	
43.2996	53.6513	1.1256	1.8	-0.5236	
43.4644	53.7646	1.0856	2.0	-0.5236	
43.6252	53.8658	1.0476	1.9	-0.5236	
43.781	53.9559	1.0116	1.8	-0.5236	
43.9312	54.0356	0.9776	1.7	-0.5236	
44.075	54.1058	0.9456	1.6	-0.5236	
44.2118	54.1672	0.9156	1.5	-0.5236	
44.3412	54.2207	0.8876	1.4	-0.5236	
44.4627	54.267	0.8616	1.3	-0.5236	
44.5759	54.3068	0.8376	1.2	-0.5236	
44.6805	54.3407	0.8156	1.1	-0.5236	
44.7763	54.3695	0.7956	1.0	-0.5236	
44.8435	54.3889	0.7818	0.7	-0.5149	
44.882	54.3998	0.7741	0.4	-0.5061	
44.8917	54.4025	0.7721	0.1	-0.4974	
44.8917	54.4025	0.7721	0.0	-0.4887	
44.8917	54.4025	0.7721	0.0	-0.48	
44.8917	54.4025	0.7721	0.0	-0.4712	
44.8917	54.4025	0.7721	0.0	-0.4625	
44.8917	54.4025	0.7721	0.0	-0.4538	
44.8917	54.4025	0.7721	0.0	-0.4451	
44.8917	54.4025	0.7721	0.0	-0.4363	
44.8917	54.4025	0.7721	0.0	-0.4363	
44.8917	54.4025	0.7721	0.0	-0.4363	
44.8917	54.4025	0.7721	0.0	-0.4363	
44.8917	54.4025	0.7721	0.0	-0.4363	
44.8917	54.4025	0.7721	0.0	-0.4363	
44.8917	54.4025	0.7721	0.0	-0.4363	
44.8917	54.4025	0.7721	0.0	-0.4363	
44.8917	54.4025	0.7721	0.0	-0.4363	
44.8917	54.4025	0.7721	0.0	-0.4363	
44.8917	54.4025	0.7721	0.0	-0.4363	
44.8917	54.4025	0.7721	0.0	-0.4451	
44.8917	54.4025	0.7721	0.0	-0.4538	
44.8917	54.4025	0.7721	0.0	-0.4625	
44.8917	54.4025	0.7721	0.0	-0.4712	
44.8917	54.4025	0.7721	0.0	-0.48	
44.8917	54.4025	0.7721	0.0	-0.4887	
44.8917	54.4025	0.7721	0.0	-0.4974	
44.8917	54.4025	0.7721	0.0	-0.5061	
44.8917	54.4025	0.7721	0.0	-0.5149	
44.8917	54.4025	0.7721	0.0	-0.5236	
44.8917	54.4025	0.7721	0.0	-0.5323	
44.8917	54.4025	0.7721	0.0	-0.5411	
44.8917	54.4025	0.7721	0.0	-0.5498	
44.8917	54.4025	0.7721	0.0	-0.5585	
44.8917	54.4025	0.7721	0.0	-0.5672	
44.8917	54.4025	0.7721	0.0	-0.576	
44.8917	54.4025	0.7721	0.0	-0.5847	
44.8917	54.4025	0.7721	0.0	-0.5934	
44.8917	54.4025	0.7721	0.0	-0.6021	
44.8917	54.4025	0.7721	0.0	-0.6109	
44.8917	54.4025	0.7721	0.0	-0.6196	
44.8917	54.4025	0.7721	0.0	-0.6283	
44.8917	54.4025	0.7721	0.0	-0.637	
44.8917	54.4025	0.7721	0.0	-0.6458	
44.8917	54.4025	0.7721	0.0	-0.6545	
44.8917	54.4025	0.7721	0.0	-0.6632	
44.8917	54.4025	0.7721	0.0	-0.672	
44.8917	54.4025	0.7721	0.0	-0.6807	
44.8917	54.4025	0.7721	0.0	-0.6894	
44.8917	54.4025	0.7721	0.0	-0.6981	
44.8917	54.4025	0.7721	0.0	-0.6981	
44.8917	54.4025	0.7721	0.0	-0.6981	
44.8917	54.4025	0.7721	0.0	-0.6981	
44.8917	54.4025	0.7721	0.0	-0.6981	
44.8917	54.4025	0.7721	0.0	-0.6981	
44.8917	54.4025	0.7721	0.0	-0.6981	
44.8917	54.4025	0.7721	0.0	-0.6981	
44.8917	54.4025	0.7721	0.0	-0.6981	
44.8917	54.4025	0.7721	0.0	-0.6981	
44.8917	54.4025	0.7721	0.0	-0.6981	
-1
39.0011	17.1289	1.5703	1.2889	-0.0087	
39.0033	17.2478	1.5695	1.1889	-0.0175	
39.0062	17.3566	1.5684	1.0889	-0.0262	
39.0099	17.4554	1.567	0.9889	-0.0349	
39.0141	17.5442	1.5654	0.8889	-0.0436	
39.0187	17.623	1.5638	0.7889	-0.0524	
39.0234	17.6917	1.5621	0.6889	-0.0611	
39.028	17.7504	1.5605	0.5889	-0.0698	
39.0323	17.7991	1.5589	0.4889	-0.0785	
39.0362	17.8378	1.5576	0.3889	-0.0873	
39.0372	17.8466	1.5572	0.0889	-0.096	
39.0372	17.8466	1.5572	0.0	-0.1047	
39.0372	17.8466	1.5572	0.0	-0.1134	
39.0372	17.8466	1.5572	0.0	-0.1222	
39.0372	17.8466	1.5572	0.0	-0.1309	
39.0372	17.8466	1.5572	0.0	-0.1396	
39.0372	17.8466	1.5572	0.0	-0.1484	
39.0372	17.8466	1.5572	0.0	-0.1571	
39.0372	17.8466	1.5572	0.0	-0.1658	
39.0372	17.8466	1.5572	0.0	-0.1745	
39.0389	17.8565	1.5566	0.1	-0.1658	
39.0424	17.8762	1.5553	0.2	-0.1571	
39.0472	17.9058	1.5536	0.3	-0.1484	
39.0535	17.9453	1.5513	0.4	-0.1396	
39.061	17.9947	1.5487	0.5	-0.1309	
39.0696	18.0541	1.5458	0.6	-0.1222	
39.0793	18.1234	1.5426	0.7	-0.1134	
39.0899	18.2027	1.5393	0.8	-0.1047	
39.1013	18.292	1.5358	0.9	-0.096	
39.1135	18.3912	1.5323	1.0	-0.0873	
39.1287	18.5204	1.5283	1.3	-0.0785	
39.1466	18.6794	1.5238	1.6	-0.0698	
39.1671	18.8682	1.5192	1.9	-0.0611	
39.19	19.0871	1.5145	2.2	-0.0524	
39.2149	19.3358	1.5102	2.5	-0.0436	
39.2414	19.6123	1.5063	2.7778	-0.0349	
39.2665	19.889	1.5034	2.7778	-0.0262	
39.2901	20.1657	1.5015	2.7778	-0.0175	
39.3117	20.4427	1.5005	2.7778	-0.0087	
39.3312	20.7198	1.5005	2.7778	0.0	
39.3508	20.9969	1.5005	2.7778	0.0	
39.3703	21.2739	1.5005	2.7778	0.0	
39.3898	21.551	1.5005	2.7778	0.0	
39.4093	21.8281	1.5005	2.7778	0.0	
39.4288	22.1052	1.5005	2.7778	0.0	
39.4483	22.3823	1.5005	2.7778	0.0	
39.4678	22.6594	1.5005	2.7778	0.0	
39.4873	22.9365	1.5005	2.7778	0.0	
39.5069	23.2136	1.5005	2.7778	0.0	
39.5264	23.4907	1.5005	2.7778	0.0	
39.5451	23.7277	1.4997	2.3778	-0.0087	
39.5626	23.9247	1.4983	1.9778	-0.0175	
39.5782	24.0817	1.4966	1.5778	-0.0262	
39.591	24.1988	1.495	1.1778	-0.0349	
39.6003	24.276	1.4936	0.7778	-0.0436	
39.6052	24.3135	1.4928	0.3778	-0.0524	
39.6052	24.3135	1.4928	0.0	-0.0611	
39.6052	24.3135	1.4928	0.0	-0.0698	
39.6052	24.3135	1.4928	0.0	-0.0785	
39.6052	24.3135	1.4928	0.0	-0.0873	
39.6052	24.3135	1.4928	0.0	-0.096	
39.6052	24.3135	1.4928	0.0	-0.1047	
39.6052	24.3135	1.4928	0.0	-0.1134	
39.6052	24.3135	1.4928	0.0	-0.1222	
39.6052	24.3135	1.4928	0.0	-0.1309	
39.6052	24.3135	1.4928	0.0	-0.1396	
39.6052	24.3135	1.4928	0.0	-0.1484	
39.6052	24.3135	1.4928	0.0	-0.1571	
39.6052	24.3135	1.4928	0.0	-0.1658	
39.6052	24.3135	1.4928	0.0	-0.1745	
39.6052	24.3135	1.4928	0.0	-0.1658	
39.6052	24.3135	1.4928	0.0	-0.1571	
39.6052	24.3135	1.4928	0.0	-0.1484	
39.6052	24.3135	1.4928	0.0	-0.1396	
39.6052	24.3135	1.4928	0.0	-0.1309	
39.6052	24.3135	1.4928	0.0	-0.1222	
39.6052	24.3135	1.4928	0.0	-0.1134	
39.6052	24.3135	1.4928	0.0	-0.1047	
39.6052	24.3135	1.4928	0.0	-0.096	
39.6052	24.3135	1.4928	0.0	-0.0873	
39.6069	24.3233	1.4925	0.1	-0.096	
39.6105	24.343	1.4916	0.2	-0.1047	
39.6163	24.3724	1.4903	0.3	-0.1134	
39.6243	24.4116	1.4883	0.4	-0.1222	
39.6349	24.4605	1.4857	0.5	-0.1309	
39.6483	24.519	1.4824	0.6	-0.1396	
39.6647	24.587	1.4782	0.7	-0.1484	
39.6845	24.6645	1.4732	0.8	-0.1571	
39.7079	24.7514	1.4673	0.9	-0.1658	
39.7354	24.8476	1.4603	1.0	-0.1745	
39.749	24.8957	1.457	0.5	-0.1658	
39.749	24.8957	1.457	0.0	-0.1571	
39.749	24.8957	1.457	0.0	-0.1484	
39.749	24.8957	1.457	0.0	-0.1396	
39.749	24.8957	1.457	0.0	-0.1309	
39.749	24.8957	1.457	0.0	-0.1222	
39.749	24.8957	1.457	0.0	-0.1134	
39.749	24.8957	1.457	0.0	-0.1047	
39.749	24.8957	1.457	0.0	-0.096	
39.749	24.8957	1.457	0.0	-0.0873	
39.757	24.9349	1.4556	0.4	-0.0873	
39.7731	25.0133	1.4528	0.8	-0.0873	
39.7975	25.1308	1.4487	1.2	-0.0873	
39.8308	25.2873	1.4431	1.6	-0.0873	
39.8734	25.4827	1.4361	2.0	-0.0873	
39.9263	25.7168	1.4277	2.4	-0.0873	
39.9897	25.9872	1.4181	2.7778	-0.0873	
40.0557	26.257	1.4084	2.7778	-0.0873	
40.1244	26.5262	1.3987	2.7778	-0.0873	
40.1956	26.7947	1.389	2.7778	-0.0873	
40.2568	27.0244	1.3815	2.3778	-0.0785	
40.3075	27.2156	1.376	1.9778	-0.0698	
40.3474	27.3683	1.3722	1.5778	-0.0611	
40.3767	27.4823	1.3697	1.1778	-0.0524	
40.3955	27.5578	1.3683	0.7778	-0.0436	
40.4044	27.5945	1.3678	0.3778	-0.0349	
40.4044	27.5945	1.3678	0.0	-0.0262	
40.4044	27.5945	1.3678	0.0	-0.0175	
40.4044	27.5945	1.3678	0.0	-0.0087	
40.4044	27.5945	1.3678	0.0	0.0	
40.4121	27.6338	1.368	0.4	0.0087	
40.4269	27.7124	1.3685	0.8	0.0175	
40.4479	27.8305	1.3698	1.2	0.0262	
40.4743	27.9883	1.372	1.6	0.0349	
40.5052	28.1859	1.3755	2.0	0.0436	
40.5394	28.4235	1.3805	2.4	0.0524	
40.5752	28.699	1.3873	2.7778	0.0611	
40.6067	28.9749	1.3951	2.7778	0.0698	
40.6337	29.2514	1.4038	2.7778	0.0785	
40.6558	29.5283	1.4135	2.7778	0.0873	
40.6753	29.7753	1.4212	2.4778	0.0785	
40.6927	29.9924	1.4273	2.1778	0.0698	
40.7081	30.1795	1.4319	1.8778	0.0611	
40.7218	30.3367	1.4352	1.5778	0.0524	
40.7335	30.464	1.4374	1.2778	0.0436	
40.7431	30.5613	1.4388	0.9778	0.0349	
40.7503	30.6287	1.4395	0.6778	0.0262	
40.7545	30.6662	1.4398	0.3778	0.0175	
40.7555	30.6739	1.4398	0.0778	0.0087	
40.7555	30.6739	1.4398	0.0	0.0	
40.7555	30.6739	1.4398	0.0	0.0087	
40.7555	30.6739	1.4398	0.0	0.0175	
40.7555	30.6739	1.4398	0.0	0.0262	
40.7555	30.6739	1.4398	0.0	0.0349	
40.7555	30.6739	1.4398	0.0	0.0436	
40.7555	30.6739	1.4398	0.0	0.0524	
40.7555	30.6739	1.4398	0.0	0.0611	
40.7555	30.6739	1.4398	0.0	0.0698	
40.7555	30.6739	1.4398	0.0	0.0785	
40.7555	30.6739	1.4398	0.0	0.0873	
40.7572	30.7239	1.4417	0.5	0.096	
40.7597	30.8239	1.4459	1.0	0.1047	
40.7614	30.9738	1.4527	1.5	0.1134	
40.7606	31.1738	1.4624	2.0	0.1222	
40.755	31.4238	1.4755	2.5	0.1309	
40.7426	31.7013	1.491	2.7778	0.1396	
40.7236	31.9784	1.5074	2.7778	0.1484	
40.6977	32.255	1.5248	2.7778	0.1571	
40.6645	32.5308	1.5431	2.7778	0.1658	
40.6238	32.8056	1.5624	2.7778	0.1745	
40.5829	33.0499	1.5796	2.4778	0.1745	
40.5432	33.264	1.5947	2.1778	0.1745	
40.5061	33.4481	1.6078	1.8778	0.1745	
40.473	33.6024	1.6187	1.5778	0.1745	
40.4448	33.727	1.6276	1.2778	0.1745	
40.4224	33.8222	1.6344	0.9778	0.1745	
40.4064	33.8881	1.6391	0.6778	0.1745	
40.3973	33.9247	1.6417	0.3778	0.1745	
40.3954	33.9323	1.6423	0.0778	0.1745	
40.3954	33.9323	1.6423	0.0	0.1745	
40.3857	33.9711	1.645	0.4	0.1745	
40.366	34.0486	1.6506	0.8	0.1745	
40.3358	34.1648	1.6589	1.2	0.1745	
40.2943	34.3193	1.6701	1.6	0.1745	
40.2402	34.5118	1.6839	2.0	0.1745	
40.1721	34.742	1.7006	2.4	0.1745	
40.0888	35.007	1.7199	2.7778	0.1745	
40.0005	35.2703	1.7392	2.7778	0.1745	
39.9071	35.5319	1.7585	2.7778	0.1745	
39.8087	35.7917	1.7778	2.7778	0.1745	
39.7075	36.0504	1.7961	2.7778	0.1658	
39.6038	36.3081	1.8135	2.7778	0.1571	
39.498	36.5649	1.8299	2.7778	0.1484	
39.3901	36.8209	1.8454	2.7778	0.1396	
39.2805	37.0761	1.8599	2.7778	0.1309	
39.1695	37.3307	1.8734	2.7778	0.1222	
39.0572	37.5848	1.886	2.7778	0.1134	
38.9439	37.8385	1.8976	2.7778	0.1047	
38.83	38.0918	1.9083	2.7778	0.096	
38.7155	38.3449	1.918	2.7778	0.0873	
38.5964	38.5958	1.9286	2.7778	0.096	
38.4724	38.8444	1.9402	2.7778	0.1047	
38.3434	39.0904	1.9528	2.7778	0.1134	
38.2093	39.3336	1.9663	2.7778	0.1222	
38.0697	39.5738	1.9809	2.7778	0.1309	
37.9246	39.8107	1.9963	2.7778	0.1396	
37.7738	40.0439	2.0127	2.7778	0.1484	
37.6171	40.2734	2.0301	2.7778	0.1571	
37.4546	40.4986	2.0485	2.7778	0.1658	
37.286	40.7194	2.0678	2.7778	0.1745	
37.1256	40.9212	2.0857	2.5778	0.1745	
36.9744	41.1047	2.1022	2.3778	0.1745	
36.8331	41.2704	2.1173	2.1778	0.1745	
36.7025	41.4189	2.131	1.9778	0.1745	
36.5833	41.5508	2.1434	1.7778	0.1745	
36.4761	41.6666	2.1543	1.5778	0.1745	
36.3814	41.7666	2.1639	1.3778	0.1745	
36.2996	41.8514	2.1721	1.1778	0.1745	
36.2311	41.9212	2.1789	0.9778	0.1745	
36.1763	41.9763	2.1843	0.7778	0.1745	
36.1421	42.0097	2.1878	0.4778	0.1833	
36.1293	42.022	2.1891	0.1778	0.192	
36.1293	42.022	2.1891	0.0	0.2007	
36.1293	42.022	2.1891	0.0	0.2094	
36.1293	42.022	2.1891	0.0	0.2182	
36.1293	42.022	2.1891	0.0	0.2269	
36.1293	42.022	2.1891	0.0	0.2356	
36.1293	42.022	2.1891	0.0	0.2443	
36.1293	42.022	2.1891	0.0	0.2531	
36.1293	42.022	2.1891	0.0	0.2618	
36.1063	42.0413	2.1921	0.3	0.2531	
36.0606	42.0802	2.1979	0.6	0.2443	
35.9922	42.1387	2.2063	0.9	0.2356	
35.9011	42.2168	2.2171	1.2	0.2269	
35.787	42.3142	2.2301	1.5	0.2182	
35.6496	42.4304	2.2451	1.8	0.2094	
35.4884	42.565	2.2618	2.1	0.2007	
35.3029	42.7174	2.2802	2.4	0.192	
35.0927	42.8868	2.2998	2.7	0.1833	
34.8745	43.0586	2.3191	2.7778	0.1745	
34.653	43.2263	2.3384	2.7778	0.1745	
34.4283	43.3896	2.3577	2.7778	0.1745	
34.2005	43.5486	2.377	2.7778	0.1745	
33.9697	43.7032	2.3963	2.7778	0.1745	
33.736	43.8532	2.4156	2.7778	0.1745	
33.4994	43.9988	2.4349	2.7778	0.1745	
33.26	44.1397	2.4542	2.7778	0.1745	
33.018	44.276	2.4735	2.7778	0.1745	
32.7733	44.4076	2.4928	2.7778	0.1745	
32.5262	44.5345	2.5121	2.7778	0.1745	
32.2937	44.6457	2.5309	2.5778	0.1833	
32.0764	44.7424	2.549	2.3778	0.192	
31.8752	44.8256	2.5664	2.1778	0.2007	
31.6905	44.8963	2.5828	1.9778	0.2094	
31.5229	44.9557	2.5982	1.7778	0.2182	
31.373	45.0048	2.6124	1.5778	0.2269	
31.2411	45.0447	2.6253	1.3778	0.2356	
31.1276	45.0763	2.6367	1.1778	0.2443	
31.0329	45.1007	2.6465	0.9778	0.2531	
30.9573	45.1187	2.6545	0.7778	0.2618	
30.8813	45.1354	2.6628	0.7778	0.2705	
30.8051	45.1508	2.6714	0.7778	0.2793	
30.7286	45.1649	2.6803	0.7778	0.288	
30.6519	45.1776	2.6894	0.7778	0.2967	
30.5749	45.189	2.6987	0.7778	0.3054	
30.4978	45.199	2.7083	0.7778	0.3142	
30.4205	45.2075	2.7182	0.7778	0.3229	
30.343	45.2147	2.7283	0.7778	0.3316	
30.2655	45.2203	2.7387	0.7778	0.3403	
30.1878	45.2245	2.7493	0.7778	0.3491	
30.1301	45.2275	2.7571	0.5778	0.3403	
30.0924	45.2295	2.762	0.3778	0.3316	
30.0746	45.2305	2.7642	0.1778	0.3229	
30.0746	45.2305	2.7642	0.0	0.3142	
30.0746	45.2305	2.7642	0.0	0.3054	
30.0746	45.2305	2.7642	0.0	0.2967	
30.0746	45.2305	2.7642	0.0	0.288	
30.0746	45.2305	2.7642	0.0	0.2793	
30.0746	45.2305	2.7642	0.0	0.2705	
30.0746	45.2305	2.7642	0.0	0.2618	
30.0448	45.2337	2.7674	0.3	0.2705	
29.9851	45.2394	2.7741	0.6	0.2793	
29.8953	45.2466	2.7843	0.9	0.288	
29.7756	45.2538	2.7983	1.2	0.2967	
29.6257	45.2595	2.8164	1.5	0.3054	
29.4457	45.2615	2.8386	1.8	0.3142	
29.2357	45.2573	2.8653	2.1	0.3229	
28.9961	45.2441	2.8965	2.4	0.3316	
28.7273	45.2184	2.9326	2.7	0.3403	
28.4523	45.1796	2.9706	2.7778	0.3491	
28.1793	45.128	3.0095	2.7778	0.3578	
27.9091	45.0635	3.0493	2.7778	0.3665	
27.6424	44.9859	3.09	2.7778	0.3752	
27.3798	44.8953	3.1316	2.7778	0.384	
27.1221	44.7916	-3.109	2.7778	0.3927	
26.8701	44.6748	-3.0656	2.7778	0.4014	
26.6245	44.545	-3.0213	2.7778	0.4102	
26.3862	44.4023	-2.9761	2.7778	0.4189	
26.1558	44.2471	-2.93	2.7778	0.4276	
25.9343	44.0794	-2.8831	2.7778	0.4363	
25.7271	43.9098	-2.8387	2.6778	0.4276	
25.5337	43.7395	-2.7967	2.5778	0.4189	
25.3532	43.5697	-2.7572	2.4778	0.4102	
25.1852	43.4015	-2.72	2.3778	0.4014	
25.0288	43.2358	-2.6852	2.2778	0.3927	
24.8835	43.0736	-2.6525	2.1778	0.384	
24.7486	42.9155	-2.6221	2.0778	0.3752	
24.6235	42.7624	-2.5937	1.9778	0.3665	
24.5077	42.6146	-2.5674	1.8778	0.3578	
24.4004	42.4728	-2.5431	1.7778	0.3491	
24.2659	42.289	-2.5127	2.2778	0.3403	
24.1067	42.0614	-2.4765	2.7778	0.3316	
23.9538	41.8295	-2.4412	2.7778	0.3229	
23.8071	41.5936	-2.4069	2.7778	0.3142	
23.6665	41.354	-2.3735	2.7778	0.3054	
23.5319	41.111	-2.341	2.7778	0.2967	
23.4031	40.8649	-2.3095	2.7778	0.288	
23.2799	40.616	-2.2788	2.7778	0.2793	
23.1622	40.3643	-2.2491	2.7778	0.2705	
23.0498	40.1103	-2.2204	2.7778	0.2618	
22.9618	39.8894	-2.195	2.3778	0.2705	
22.8949	39.7033	-2.1732	1.9778	0.2793	
22.8462	39.5532	-2.1552	1.5778	0.288	
22.8127	39.4403	-2.1415	1.1778	0.2967	
22.7923	39.3652	-2.1321	0.7778	0.3054	
22.7831	39.3286	-2.1274	0.3778	0.3142	
22.7831	39.3286	-2.1274	0.0	0.3229	
22.7831	39.3286	-2.1274	0.0	0.3316	
22.7831	39.3286	-2.1274	0.0	0.3403	
22.7831	39.3286	-2.1274	0.0	0.3491	
22.7831	39.3286	-2.1274	0.0	0.3403	
22.7831	39.3286	-2.1274	0.0	0.3316	
22.7831	39.3286	-2.1274	0.0	0.3229	
22.7831	39.3286	-2.1274	0.0	0.3142	
22.7831	39.3286	-2.1274	0.0	0.3054	
22.7831	39.3286	-2.1274	0.0	0.2967	
22.7831	39.3286	-2.1274	0.0	0.288	
22.7831	39.3286	-2.1274	0.0	0.2793	
22.7831	39.3286	-2.1274	0.0	0.2705	
22.7831	39.3286	-2.1274	0.0	0.2618	
22.7831	39.3286	-2.1274	0.0	0.2531	
22.7831	39.3286	-2.1274	0.0	0.2443	
22.7831	39.3286	-2.1274	0.0	0.2356	
22.7831	39.3286	-2.1274	0.0	0.2269	
22.7831	39.3286	-2.1274	0.0	0.2182	
22.7831	39.3286	-2.1274	0.0	0.2094	
22.7831	39.3286	-2.1274	0.0	0.2007	
22.7831	39.3286	-2.1274	0.0	0.192	
22.7831	39.3286	-2.1274	0.0	0.1833	
22.7831	39.3286	-2.1274	0.0	0.1745	
22.7831	39.3286	-2.1274	0.0	0.1745	
22.7831	39.3286	-2.1274	0.0	0.1745	
22.7831	39.3286	-2.1274	0.0	0.1745	
22.7831	39.3286	-2.1274	0.0	0.1745	
22.7831	39.3286	-2.1274	0.0	0.1745	
22.7831	39.3286	-2.1274	0.0	0.1745	
22.7831	39.3286	-2.1274	0.0	0.1745	
22.7831	39.3286	-2.1274	0.0	0.1745	
22.7831	39.3286	-2.1274	0.0	0.1745	
22.7831	39.3286	-2.1274	0.0	0.1745	
22.7722	39.3007	-2.1252	0.3	0.1833	
22.7509	39.2446	-2.1207	0.6	0.192	
22.7201	39.16	-2.1135	0.9	0.2007	
22.6808	39.0466	-2.1035	1.2	0.2094	
22.6344	38.904	-2.0905	1.5	0.2182	
22.5825	38.7316	-2.0743	1.8	0.2269	
22.5269	38.5291	-2.0547	2.1	0.2356	
22.4699	38.296	-2.0315	2.4	0.2443	
22.4143	38.0318	-2.0045	2.7	0.2531	
22.3668	37.7581	-1.9757	2.7778	0.2618	
22.3323	37.5329	-1.9529	2.2778	0.2531	
22.3079	37.3568	-1.9357	1.7778	0.2443	
22.2914	37.2301	-1.9237	1.2778	0.2356	
22.2817	37.153	-1.9167	0.7778	0.2269	
22.2781	37.1254	-1.9143	0.2778	0.2182	
22.2781	37.1254	-1.9143	0.0	0.2094	
22.2781	37.1254	-1.9143	0.0	0.2007	
22.2781	37.1254	-1.9143	0.0	0.192	
22.2781	37.1254	-1.9143	0.0	0.1833	
22.2781	37.1254	-1.9143	0.0	0.1745	
22.2781	37.1254	-1.9143	0.0	0.1745	
22.2781	37.1254	-1.9143	0.0	0.1745	
22.2781	37.1254	-1.9143	0.0	0.1745	
22.2781	37.1254	-1.9143	0.0	0.1745	
22.2781	37.1254	-1.9143	0.0	0.1745	
22.2781	37.1254	-1.9143	0.0	0.1745	
22.2781	37.1254	-1.9143	0.0	0.1745	
22.2781	37.1254	-1.9143	0.0	0.1745	
22.2781	37.1254	-1.9143	0.0	0.1745	
22.2781	37.1254	-1.9143	0.0	0.1745	
22.2693	37.0762	-1.911	0.5	0.1658	
22.2511	36.9779	-1.9048	1.0	0.1571	
22.2234	36.8305	-1.8959	1.5	0.1484	
22.1865	36.6339	-1.8848	2.0	0.1396	
22.141	36.3881	-1.8717	2.5	0.1309	
22.0916	36.1147	-1.8582	2.7778	0.1222	
22.0435	35.8411	-1.8456	2.7778	0.1134	
21.9965	35.5674	-1.834	2.7778	0.1047	
21.9503	35.2935	-1.8233	2.7778	0.096	
21.9046	35.0195	-1.8137	2.7778	0.0873	
21.8591	34.7454	-1.8049	2.7778	0.0785	
21.8137	34.4714	-1.7972	2.7778	0.0698	
21.768	34.1974	-1.7904	2.7778	0.0611	
21.7217	33.9235	-1.7846	2.7778	0.0524	
21.6747	33.6497	-1.7798	2.7778	0.0436	
21.6266	33.3762	-1.7759	2.7778	0.0349	
21.5771	33.1028	-1.773	2.7778	0.0262	
21.5261	32.8298	-1.771	2.7778	0.0175	
21.4732	32.5571	-1.7701	2.7778	0.0087	
21.4183	32.2848	-1.7701	2.7778	0.0	
-1
39.1033	26.9991	-0.0004	1.0333	-0.0087	
39.2266	26.9969	-0.0012	1.2333	-0.0175	
39.3699	26.993	-0.0027	1.4333	-0.0262	
39.5331	26.9868	-0.005	1.6333	-0.0349	
39.7163	26.9779	-0.0082	1.8333	-0.0436	
39.9192	26.9656	-0.0125	2.0333	-0.0524	
40.1419	26.9492	-0.0179	2.2333	-0.0611	
40.3843	26.9279	-0.0247	2.4333	-0.0698	
40.6463	26.9007	-0.033	2.6333	-0.0785	
40.922	26.8674	-0.0426	2.7778	-0.0873	
41.1978	26.8338	-0.0514	2.7778	-0.0785	
41.4735	26.8003	-0.0591	2.7778	-0.0698	
41.7493	26.767	-0.0659	2.7778	-0.0611	
42.0251	26.7342	-0.0717	2.7778	-0.0524	
42.3011	26.7022	-0.0766	2.7778	-0.0436	
42.5771	26.6713	-0.0804	2.7778	-0.0349	
42.8533	26.6418	-0.0833	2.7778	-0.0262	
43.1297	26.6138	-0.0853	2.7778	-0.0175	
43.4062	26.5877	-0.0863	2.7778	-0.0087	
43.683	26.5638	-0.0863	2.7778	0.0	
43.9599	26.5423	-0.0853	2.7778	0.0087	
44.2371	26.5234	-0.0833	2.7778	0.0175	
44.5144	26.5076	-0.0804	2.7778	0.0262	
44.7919	26.4949	-0.0766	2.7778	0.0349	
45.0695	26.4858	-0.0717	2.7778	0.0436	
45.3472	26.4804	-0.0659	2.7778	0.0524	
45.625	26.4791	-0.0591	2.7778	0.0611	
45.9028	26.482	-0.0514	2.7778	0.0698	
46.1805	26.4896	-0.0426	2.7778	0.0785	
46.458	26.502	-0.033	2.7778	0.0873	
46.7353	26.5171	-0.0233	2.7778	0.0873	
47.0125	26.5348	-0.0136	2.7778	0.0873	
47.2896	26.5553	-0.0039	2.7778	0.0873	
47.5664	26.5784	0.0058	2.7778	0.0873	
47.8429	26.6042	0.0155	2.7778	0.0873	
48.1193	26.6327	0.0251	2.7778	0.0873	
48.3953	26.6638	0.0348	2.7778	0.0873	
48.671	26.6977	0.0445	2.7778	0.0873	
48.9464	26.7342	0.0542	2.7778	0.0873	
49.2214	26.7733	0.0639	2.7778	0.0873	
49.4666	26.8085	0.0717	2.4778	0.0785	
49.6822	26.8392	0.0777	2.1778	0.0698	
49.8682	26.8652	0.0823	1.8778	0.0611	
50.0246	26.8864	0.0856	1.5778	0.0524	
50.1513	26.9028	0.0878	1.2778	0.0436	
50.2483	26.9148	0.0892	0.9778	0.0349	
50.3156	26.9226	0.0899	0.6778	0.0262	
50.3532	26.9267	0.0902	0.3778	0.0175	
50.3609	26.9274	0.0902	0.0778	0.0087	
50.3609	26.9274	0.0902	0.0	0.0	
50.3908	26.9299	0.0901	0.3	-0.0087	
50.4507	26.9342	0.0897	0.6	-0.0175	
50.5405	26.9399	0.0887	0.9	-0.0262	
50.6603	26.9464	0.0871	1.2	-0.0349	
50.8102	26.9529	0.0845	1.5	-0.0436	
50.9901	26.9587	0.0807	1.8	-0.0524	
51.2001	26.9628	0.0756	2.1	-0.0611	
51.44	26.9642	0.0689	2.4	-0.0698	
51.71	26.9616	0.0604	2.7	-0.0785	
51.9877	26.9541	0.0507	2.7778	-0.0873	
52.2654	26.9464	0.042	2.7778	-0.0785	
52.5431	26.9386	0.0342	2.7778	-0.0698	
52.8207	26.9312	0.0274	2.7778	-0.0611	
53.0984	26.9243	0.0216	2.7778	-0.0524	
53.3761	26.9181	0.0168	2.7778	-0.0436	
53.6539	26.9131	0.0129	2.7778	-0.0349	
53.9316	26.9094	0.01	2.7778	-0.0262	
54.2094	26.9074	0.0081	2.7778	-0.0175	
54.4872	26.9072	0.0071	2.7778	-0.0087	
54.7649	26.9091	0.0071	2.7778	0.0	
55.0327	26.9134	0.008	2.6778	0.0087	
55.2904	26.9199	0.0098	2.5778	0.0175	
55.538	26.9289	0.0124	2.4778	0.0262	
55.7755	26.9401	0.0157	2.3778	0.0349	
56.0029	26.9536	0.0197	2.2778	0.0436	
56.2201	26.9693	0.0243	2.1778	0.0524	
56.4271	26.987	0.0293	2.0778	0.0611	
56.6239	27.0066	0.0349	1.9778	0.0698	
56.8105	27.0279	0.0408	1.8778	0.0785	
56.9868	27.0506	0.047	1.7778	0.0873	
57.1531	27.073	0.0528	1.6778	0.0873	
57.3093	27.095	0.0583	1.5778	0.0873	
57.4555	27.1165	0.0635	1.4778	0.0873	
57.5917	27.1372	0.0683	1.3778	0.0873	
57.718	27.157	0.0727	1.2778	0.0873	
57.8343	27.1757	0.0768	1.1778	0.0873	
57.9406	27.1933	0.0806	1.0778	0.0873	
58.037	27.2097	0.084	0.9778	0.0873	
58.1235	27.2246	0.087	0.8778	0.0873	
58.2001	27.2381	0.0898	0.7778	0.0873	
58.3162	27.2578	0.0935	1.1778	0.0785	
58.4719	27.2835	0.0979	1.5778	0.0698	
58.6672	27.3148	0.1027	1.9778	0.0611	
58.9021	27.3515	0.1077	2.3778	0.0524	
59.1767	27.3934	0.1125	2.7778	0.0436	
59.4515	27.4342	0.1164	2.7778	0.0349	
59.7264	27.4736	0.1193	2.7778	0.0262	
60.0016	27.5115	0.1212	2.7778	0.0175	
60.277	27.5475	0.1222	2.7778	0.0087	
60.5527	27.5814	0.1222	2.7778	0.0	
60.8281	27.6176	0.1232	2.7778	0.0087	
61.1032	27.6566	0.1251	2.7778	0.0175	
61.3778	27.6984	0.128	2.7778	0.0262	
61.6519	27.7435	0.1319	2.7778	0.0349	
61.9254	27.792	0.1368	2.7778	0.0436	
62.1982	27.8442	0.1426	2.7778	0.0524	
62.4703	27.9004	0.1493	2.7778	0.0611	
62.7414	27.9608	0.1571	2.7778	0.0698	
63.0115	28.0257	0.1658	2.7778	0.0785	
63.2804	28.0952	0.1755	2.7778	0.0873	
63.5287	28.1643	0.1854	2.5778	0.096	
63.7566	28.2324	0.1953	2.3778	0.1047	
63.9641	28.2985	0.2052	2.1778	0.1134	
64.1513	28.3621	0.2148	1.9778	0.1222	
64.3186	28.4224	0.2241	1.7778	0.1309	
64.4661	28.4785	0.2329	1.5778	0.1396	
64.5939	28.5298	0.241	1.3778	0.1484	
64.7025	28.5754	0.2484	1.1778	0.1571	
64.792	28.6148	0.2549	0.9778	0.1658	
64.8627	28.6472	0.2603	0.7778	0.1745	
64.9601	28.6934	0.2681	1.0778	0.1833	
65.0835	28.7546	0.2786	1.3778	0.192	
65.2324	28.832	0.292	1.6778	0.2007	
65.4058	28.927	0.3085	1.9778	0.2094	
65.6027	29.0415	0.3282	2.2778	0.2182	
65.8218	29.1774	0.3514	2.5778	0.2269	
66.0531	29.3312	0.3773	2.7778	0.2356	
66.2789	29.493	0.4042	2.7778	0.2443	
66.4988	29.6627	0.432	2.7778	0.2531	
66.7124	29.8404	0.4608	2.7778	0.2618	
66.9223	30.0222	0.4886	2.7778	0.2531	
67.1288	30.2081	0.5155	2.7778	0.2443	
67.3318	30.3976	0.5414	2.7778	0.2356	
67.5316	30.5907	0.5664	2.7778	0.2269	
67.7281	30.7869	0.5905	2.7778	0.2182	
67.9217	30.9862	0.6136	2.7778	0.2094	
68.1124	31.1882	0.6357	2.7778	0.2007	
68.3003	31.3927	0.6569	2.7778	0.192	
68.4857	31.5996	0.6772	2.7778	0.1833	
68.6686	31.8086	0.6965	2.7778	0.1745	
68.8411	32.0135	0.7151	2.6778	0.1745	
69.0034	32.2137	0.733	2.5778	0.1745	
69.156	32.4089	0.7502	2.4778	0.1745	
69.2992	32.5988	0.7667	2.3778	0.1745	
69.4333	32.7829	0.7825	2.2778	0.1745	
69.5587	32.9609	0.7976	2.1778	0.1745	
69.6758	33.1326	0.8121	2.0778	0.1745	
69.7849	33.2976	0.8258	1.9778	0.1745	
69.8863	33.4556	0.8388	1.8778	0.1745	
69.9803	33.6065	0.8512	1.7778	0.1745	
70.0609	33.7421	0.8627	1.5778	0.1833	
70.1289	33.8619	0.8732	1.3778	0.192	
70.1851	33.9655	0.8826	1.1778	0.2007	
70.2301	34.0522	0.8907	0.9778	0.2094	
70.2648	34.1219	0.8975	0.7778	0.2182	
70.2897	34.174	0.9027	0.5778	0.2269	
70.3056	34.2083	0.9062	0.3778	0.2356	
70.3128	34.2245	0.9079	0.1778	0.2443	
70.3128	34.2245	0.9079	0.0	0.2531	
70.3128	34.2245	0.9079	0.0	0.2618	
70.3128	34.2245	0.9079	0.0	0.2705	
70.3128	34.2245	0.9079	0.0	0.2793	
70.3128	34.2245	0.9079	0.0	0.288	
70.3128	34.2245	0.9079	0.0	0.2967	
70.3128	34.2245	0.9079	0.0	0.3054	
70.3128	34.2245	0.9079	0.0	0.3142	
70.3128	34.2245	0.9079	0.0	0.3229	
70.3128	34.2245	0.9079	0.0	0.3316	
70.3128	34.2245	0.9079	0.0	0.3403	
70.3128	34.2245	0.9079	0.0	0.3491	
70.3192	34.2435	0.9106	0.2	0.3403	
70.3321	34.2813	0.9158	0.4	0.3316	
70.3516	34.3381	0.9234	0.6	0.3229	
70.3778	34.4137	0.9333	0.8	0.3142	
70.4104	34.5082	0.9453	1.0	0.3054	
70.4491	34.6218	0.9594	1.2	0.2967	
70.4936	34.7545	0.9753	1.4	0.288	
70.5434	34.9066	0.9929	1.6	0.2793	
70.5979	35.0781	1.0121	1.8	0.2705	
70.6564	35.2694	1.0329	2.0	0.2618	
70.7218	35.5003	1.0577	2.4	0.2618	
70.7909	35.7694	1.0865	2.7778	0.2618	
70.8522	36.0403	1.1152	2.7778	0.2618	
70.9057	36.3129	1.144	2.7778	0.2618	
70.9513	36.5869	1.1727	2.7778	0.2618	
70.989	36.8621	1.2015	2.7778	0.2618	
71.0188	37.1382	1.2302	2.7778	0.2618	
71.0407	37.4152	1.259	2.7778	0.2618	
71.0546	37.6926	1.2878	2.7778	0.2618	
71.0605	37.9703	1.3165	2.7778	0.2618	
71.0584	38.2481	1.3453	2.7778	0.2618	
71.0483	38.5257	1.374	2.7778	0.2618	
71.0302	38.8029	1.4028	2.7778	0.2618	
71.0042	39.0794	1.4316	2.7778	0.2618	
70.9703	39.3551	1.4603	2.7778	0.2618	
70.9284	39.6297	1.4891	2.7778	0.2618	
70.8786	39.903	1.5178	2.7778	0.2618	
70.8211	40.1747	1.5466	2.7778	0.2618	
70.7557	40.4447	1.5753	2.7778	0.2618	
70.6826	40.7127	1.6041	2.7778	0.2618	
70.6144	40.93	1.6284	2.2778	0.2705	
70.5557	41.0978	1.648	1.7778	0.2793	
70.51	41.2172	1.6626	1.2778	0.288	
70.4806	41.2892	1.6717	0.7778	0.2967	
70.4696	41.3147	1.675	0.2778	0.3054	
70.4696	41.3147	1.675	0.0	0.3142	
70.4696	41.3147	1.675	0.0	0.3229	
70.4696	41.3147	1.675	0.0	0.3316	
70.4696	41.3147	1.675	0.0	0.3403	
70.4696	41.3147	1.675	0.0	0.3491	
70.4564	41.3417	1.6791	0.3	0.3491	
70.4299	41.3955	1.6873	0.6	0.3491	
70.3895	41.4759	1.6996	0.9	0.3491	
70.3344	41.5825	1.716	1.2	0.3491	
70.2632	41.7145	1.7366	1.5	0.3491	
70.1746	41.8712	1.7612	1.8	0.3491	
70.0667	42.0514	1.7899	2.1	0.3491	
69.9375	42.2536	1.8228	2.4	0.3491	
69.7849	42.4763	1.8597	2.7	0.3491	
69.6194	42.6995	1.8977	2.7778	0.3491	
69.4456	42.9162	1.9357	2.7778	0.3491	
69.2637	43.1261	1.9737	2.7778	0.3491	
69.074	43.329	2.0117	2.7778	0.3491	
68.8767	43.5245	2.0497	2.7778	0.3491	
68.6721	43.7124	2.0877	2.7778	0.3491	
68.4605	43.8923	2.1257	2.7778	0.3491	
68.2422	44.0641	2.1637	2.7778	0.3491	
68.0176	44.2275	2.2017	2.7778	0.3491	
67.7869	44.3823	2.2397	2.7778	0.3491	
67.5505	44.5281	2.2777	2.7778	0.3491	
67.3087	44.6649	2.3157	2.7778	0.3491	
67.0619	44.7924	2.3537	2.7778	0.3491	
66.8104	44.9104	2.3917	2.7778	0.3491	
66.5547	45.0188	2.4297	2.7778	0.3491	
66.295	45.1174	2.4677	2.7778	0.3491	
66.0317	45.206	2.5057	2.7778	0.3491	
65.7653	45.2846	2.5437	2.7778	0.3491	
65.4961	45.353	2.5817	2.7778	0.3491	
65.2244	45.4111	2.6197	2.7778	0.3491	
64.9508	45.4589	2.6577	2.7778	0.3491	
64.6855	45.4948	2.6944	2.6778	0.3491	
64.4289	45.5201	2.7296	2.5778	0.3491	
64.1816	45.5357	2.7635	2.4778	0.3491	
63.944	45.5426	2.7961	2.3778	0.3491	
63.7162	45.5418	2.8272	2.2778	0.3491	
63.4985	45.5342	2.857	2.1778	0.3491	
63.2912	45.5208	2.8854	2.0778	0.3491	
63.0943	45.5025	2.9125	1.9778	0.3491	
62.9078	45.48	2.9382	1.8778	0.3491	
62.7319	45.4542	2.9625	1.7778	0.3491	
62.5668	45.4244	2.986	1.6778	0.3578	
62.4125	45.3913	3.0086	1.5778	0.3665	
62.2691	45.3559	3.0303	1.4778	0.3752	
62.1364	45.3188	3.0509	1.3778	0.384	
62.0144	45.2807	3.0705	1.2778	0.3927	
61.903	45.2425	3.0889	1.1778	0.4014	
61.802	45.2048	3.1061	1.0778	0.4102	
61.7114	45.1683	3.122	0.9778	0.4189	
61.6308	45.1334	3.1366	0.8778	0.4276	
61.5601	45.1009	-3.1335	0.7778	0.4363	
61.4715	45.0596	-3.1172	0.9778	0.4276	
61.3651	45.0091	-3.0981	1.1778	0.4189	
61.2412	44.9487	-3.0761	1.3778	0.4102	
61.1004	44.8777	-3.0514	1.5778	0.4014	
60.9429	44.7952	-3.0242	1.7778	0.3927	
60.7695	44.7001	-2.9946	1.9778	0.384	
60.5807	44.5915	-2.9627	2.1778	0.3752	
60.3774	44.4681	-2.9286	2.3778	0.3665	
60.1605	44.3289	-2.8925	2.5778	0.3578	
59.931	44.1724	-2.8545	2.7778	0.3491	
59.7466	44.0387	-2.8241	2.2778	0.3403	
59.605	43.9312	-2.8009	1.7778	0.3316	
59.5043	43.8525	-2.7847	1.2778	0.3229	
59.4434	43.8042	-2.7751	0.7778	0.3142	
59.4217	43.7869	-2.7717	0.2778	0.3054	
59.4217	43.7869	-2.7717	0.0	0.2967	
59.4217	43.7869	-2.7717	0.0	0.288	
59.4217	43.7869	-2.7717	0.0	0.2793	
59.4217	43.7869	-2.7717	0.0	0.2705	
59.4217	43.7869	-2.7717	0.0	0.2618	
59.4135	43.7811	-2.7707	0.1	0.2531	
59.3972	43.7695	-2.7688	0.2	0.2443	
59.3726	43.7524	-2.766	0.3	0.2356	
59.3396	43.7297	-2.7624	0.4	0.2269	
59.2983	43.7016	-2.7581	0.5	0.2182	
59.2485	43.668	-2.7531	0.6	0.2094	
59.1903	43.6291	-2.7475	0.7	0.2007	
59.1237	43.5849	-2.7414	0.8	0.192	
59.0486	43.5353	-2.7348	0.9	0.1833	
58.965	43.4804	-2.7279	1.0	0.1745	
58.873	43.4202	-2.7206	1.1	0.1658	
58.7724	43.3546	-2.7131	1.2	0.1571	
58.6635	43.2837	-2.7054	1.3	0.1484	
58.5461	43.2075	-2.6976	1.4	0.1396	
58.4202	43.1259	-2.6898	1.5	0.1309	
58.2858	43.039	-2.682	1.6	0.1222	
58.143	42.9469	-2.6743	1.7	0.1134	
57.9916	42.8494	-2.6668	1.8	0.1047	
57.8317	42.7468	-2.6595	1.9	0.096	
57.6633	42.639	-2.6525	2.0	0.0873	
57.4882	42.523	-2.6445	2.1	0.096	
57.3069	42.3984	-2.6353	2.2	0.1047	
57.1196	42.2648	-2.6249	2.3	0.1134	
56.927	42.1217	-2.6132	2.4	0.1222	
56.7294	41.9686	-2.6001	2.5	0.1309	
56.5274	41.8049	-2.5856	2.6	0.1396	
56.3216	41.63	-2.5697	2.7	0.1484	
56.1145	41.445	-2.5523	2.7778	0.1571	
55.9122	41.2546	-2.534	2.7778	0.1658	
55.7151	41.0588	-2.5147	2.7778	0.1745	
55.5358	40.8737	-2.4968	2.5778	0.1745	
55.3735	40.6999	-2.4802	2.3778	0.1745	
55.2275	40.5383	-2.4651	2.1778	0.1745	
55.0971	40.3896	-2.4514	1.9778	0.1745	
54.9817	40.2543	-2.439	1.7778	0.1745	
54.8809	40.133	-2.4281	1.5778	0.1745	
54.7939	40.0261	-2.4185	1.3778	0.1745	
54.7205	39.9341	-2.4103	1.1778	0.1745	
54.6602	39.8571	-2.4035	0.9778	0.1745	
54.6126	39.7956	-2.3981	0.7778	0.1745	
54.5832	39.7579	-2.395	0.4778	0.1658	
54.5722	39.7439	-2.3939	0.1778	0.1571	
54.5722	39.7439	-2.3939	0.0	0.1484	
54.5722	39.7439	-2.3939	0.0	0.1396	
54.5722	39.7439	-2.3939	0.0	0.1309	
54.5722	39.7439	-2.3939	0.0	0.1222	
54.5722	39.7439	-2.3939	0.0	0.1134	
54.5722	39.7439	-2.3939	0.0	0.1047	
54.5722	39.7439	-2.3939	0.0	0.096	
54.5722	39.7439	-2.3939	0.0	0.0873	
54.5722	39.7439	-2.3939	0.0	0.0873	
54.5722	39.7439	-2.3939	0.0	0.0873	
54.5722	39.7439	-2.3939	0.0	0.0873	
54.5722	39.7439	-2.3939	0.0	0.0873	
54.5722	39.7439	-2.3939	0.0	0.0873	
54.5722	39.7439	-2.3939	0.0	0.0873	
54.5722	39.7439	-2.3939	0.0	0.0873	
54.5722	39.7439	-2.3939	0.0	0.0873	
54.5722	39.7439	-2.3939	0.0	0.0873	
54.5722	39.7439	-2.3939	0.0	0.0873	
54.5722	39.7439	-2.3939	0.0	0.0873	
54.5722	39.7439	-2.3939	0.0	0.0873	
54.5722	39.7439	-2.3939	0.0	0.0873	
54.5722	39.7439	-2.3939	0.0	0.0873	
54.5722	39.7439	-2.3939	0.0	0.0873	
54.5722	39.7439	-2.3939	0.0	0.0873	
54.5722	39.7439	-2.3939	0.0	0.0873	
54.5722	39.7439	-2.3939	0.0	0.0873	
54.5722	39.7439	-2.3939	0.0	0.0873	
54.5722	39.7439	-2.3939	0.0	0.0873	
54.5722	39.7439	-2.3939	0.0	0.0873	
54.5722	39.7439	-2.3939	0.0	0.0873	
54.5722	39.7439	-2.3939	0.0	0.0873	
54.5722	39.7439	-2.3939	0.0	0.0873	
54.5722	39.7439	-2.3939	0.0	0.0873	
54.5722	39.7439	-2.3939	0.0	0.0873	
54.5722	39.7439	-2.3939	0.0	0.0873	
54.5722	39.7439	-2.3939	0.0	0.0873	
54.5722	39.7439	-2.3939	0.0	0.0873	
54.5722	39.7439	-2.3939	0.0	0.0873	
54.5519	39.7219	-2.3929	0.3	0.0785	
54.5109	39.678	-2.3912	0.6	0.0698	
54.4489	39.6128	-2.389	0.9	0.0611	
54.3658	39.5263	-2.3865	1.2	0.0524	
54.2611	39.4188	-2.3839	1.5	0.0436	
54.1348	39.2906	-2.3814	1.8	0.0349	
53.9864	39.142	-2.3792	2.1	0.0262	
53.8158	38.9732	-2.3775	2.4	0.0175	
53.6225	38.7847	-2.3766	2.7	0.0087	
53.4221	38.5923	-2.3766	2.7778	0.0	
53.2418	38.4223	-2.3774	2.4778	-0.0087	
53.082	38.2744	-2.379	2.1778	-0.0175	
52.9429	38.1483	-2.3809	1.8778	-0.0262	
52.8249	38.0436	-2.3831	1.5778	-0.0349	
52.7284	37.9598	-2.3854	1.2778	-0.0436	
52.6538	37.8965	-2.3874	0.9778	-0.0524	
52.6017	37.8532	-2.3891	0.6778	-0.0611	
52.5724	37.8294	-2.3901	0.3778	-0.0698	
52.5663	37.8245	-2.3904	0.0778	-0.0785	
52.5663	37.8245	-2.3904	0.0	-0.0873	
52.535	37.7996	-2.3916	0.4	-0.0785	
52.4728	37.7493	-2.3939	0.8	-0.0698	
52.38	37.6732	-2.3968	1.2	-0.0611	
52.2569	37.5711	-2.4001	1.6	-0.0524	
52.1036	37.4426	-2.4036	2.0	-0.0436	
51.9205	37.2874	-2.407	2.4	-0.0349	
51.7096	37.1067	-2.4099	2.7778	-0.0262	
51.4997	36.9247	-2.4118	2.7778	-0.0175	
51.2911	36.7413	-2.4128	2.7778	-0.0087	
51.0838	36.5563	-2.4128	2.7778	0.0	
50.8766	36.3713	-2.4128	2.7778	0.0	
50.6694	36.1863	-2.4128	2.7778	0.0	
50.4622	36.0013	-2.4128	2.7778	0.0	
50.255	35.8164	-2.4128	2.7778	0.0	
50.0478	35.6314	-2.4128	2.7778	0.0	
49.8406	35.4464	-2.4128	2.7778	0.0	
49.6333	35.2614	-2.4128	2.7778	0.0	
49.4261	35.0764	-2.4128	2.7778	0.0	
49.2189	34.8914	-2.4128	2.7778	0.0	
49.0117	34.7064	-2.4128	2.7778	0.0	
-1
48.9989	34.1267	1.5712	1.2667	0.0087	
48.9973	34.2133	1.5718	0.8667	0.0175	
48.9961	34.26	1.5723	0.4667	0.0262	
48.9958	34.2666	1.5724	0.0667	0.0349	
48.9958	34.2666	1.5724	0.0	0.0436	
48.9958	34.2666	1.5724	0.0	0.0524	
48.9958	34.2666	1.5724	0.0	0.0611	
48.9958	34.2666	1.5724	0.0	0.0698	
48.9958	34.2666	1.5724	0.0	0.0785	
48.9958	34.2666	1.5724	0.0	0.0873	
48.9929	34.2965	1.5736	0.3	0.096	
48.9865	34.3561	1.5761	0.6	0.1047	
48.9758	34.4455	1.5802	0.9	0.1134	
48.9601	34.5645	1.586	1.2	0.1222	
48.9382	34.7129	1.5938	1.5	0.1309	
48.9091	34.8905	1.6039	1.8	0.1396	
48.8712	35.097	1.6163	2.1	0.1484	
48.8229	35.3321	1.6313	2.4	0.1571	
48.7623	35.5953	1.6491	2.7	0.1658	
48.6928	35.8642	1.6684	2.7778	0.1745	
48.6209	36.1221	1.687	2.6778	0.1745	
48.547	36.3691	1.7049	2.5778	0.1745	
48.4717	36.6051	1.7221	2.4778	0.1745	
48.3956	36.8304	1.7386	2.3778	0.1745	
48.3191	37.045	1.7545	2.2778	0.1745	
48.2427	37.2489	1.7696	2.1778	0.1745	
48.167	37.4424	1.784	2.0778	0.1745	
48.0922	37.6255	1.7978	1.9778	0.1745	
48.0188	37.7983	1.8108	1.8778	0.1745	
47.9472	37.9611	1.8232	1.7778	0.1745	
47.8588	38.1601	1.8375	2.1778	0.1658	
47.7527	38.395	1.8537	2.5778	0.1571	
47.6366	38.6474	1.8701	2.7778	0.1484	
47.5186	38.8988	1.8855	2.7778	0.1396	
47.3989	39.1495	1.9001	2.7778	0.1309	
47.2777	39.3994	1.9136	2.7778	0.1222	
47.1553	39.6488	1.9262	2.7778	0.1134	
47.032	39.8977	1.9378	2.7778	0.1047	
46.9079	40.1462	1.9484	2.7778	0.096	
46.7834	40.3945	1.9581	2.7778	0.0873	
46.681	40.598	1.9653	2.2778	0.0785	
46.6014	40.757	1.9702	1.7778	0.0698	
46.5447	40.8714	1.9733	1.2778	0.0611	
46.5105	40.9413	1.975	0.7778	0.0524	
46.4984	40.9664	1.9755	0.2778	0.0436	
46.4984	40.9664	1.9755	0.0	0.0349	
46.4984	40.9664	1.9755	0.0	0.0262	
46.4984	40.9664	1.9755	0.0	0.0175	
46.4984	40.9664	1.9755	0.0	0.0087	
46.4984	40.9664	1.9755	0.0	0.0	
46.4984	40.9664	1.9755	0.0	0.0087	
46.4984	40.9664	1.9755	0.0	0.0175	
46.4984	40.9664	1.9755	0.0	0.0262	
46.4984	40.9664	1.9755	0.0	0.0349	
46.4984	40.9664	1.9755	0.0	0.0436	
46.4984	40.9664	1.9755	0.0	0.0524	
46.4984	40.9664	1.9755	0.0	0.0611	
46.4984	40.9664	1.9755	0.0	0.0698	
46.4984	40.9664	1.9755	0.0	0.0785	
46.4984	40.9664	1.9755	0.0	0.0873	
46.4984	40.9664	1.9755	0.0	0.0785	
46.4984	40.9664	1.9755	0.0	0.0698	
46.4984	40.9664	1.9755	0.0	0.0611	
46.4984	40.9664	1.9755	0.0	0.0524	
46.4984	40.9664	1.9755	0.0	0.0436	
46.4984	40.9664	1.9755	0.0	0.0349	
46.4984	40.9664	1.9755	0.0	0.0262	
46.4984	40.9664	1.9755	0.0	0.0175	
46.4984	40.9664	1.9755	0.0	0.0087	
46.4984	40.9664	1.9755	0.0	0.0	
46.4984	40.9664	1.9755	0.0	-0.0087	
46.4984	40.9664	1.9755	0.0	-0.0175	
46.4984	40.9664	1.9755	0.0	-0.0262	
46.4984	40.9664	1.9755	0.0	-0.0349	
46.4984	40.9664	1.9755	0.0	-0.0436	
46.4984	40.9664	1.9755	0.0	-0.0524	
46.4984	40.9664	1.9755	0.0	-0.0611	
46.4984	40.9664	1.9755	0.0	-0.0698	
46.4984	40.9664	1.9755	0.0	-0.0785	
46.4984	40.9664	1.9755	0.0	-0.0873	
46.4924	40.9854	1.9747	0.2	-0.096	
46.4806	41.0236	1.973	0.4	-0.1047	
46.4635	41.0811	1.9703	0.6	-0.1134	
46.4416	41.1581	1.9664	0.8	-0.1222	
46.4154	41.2546	1.9612	1.0	-0.1309	
46.3857	41.3709	1.9545	1.2	-0.1396	
46.353	41.507	1.9462	1.4	-0.1484	
46.3183	41.6632	1.9362	1.6	-0.1571	
46.2827	41.8396	1.9243	1.8	-0.1658	
46.247	42.0364	1.9104	2.0	-0.1745	
46.2125	42.2436	1.8959	2.1	-0.1745	
46.1795	42.4611	1.8806	2.2	-0.1745	
46.1485	42.689	1.8646	2.3	-0.1745	
46.12	42.9273	1.8479	2.4	-0.1745	
46.0944	43.176	1.8306	2.5	-0.1745	
46.0722	43.435	1.8125	2.6	-0.1745	
46.0541	43.7044	1.7937	2.7	-0.1745	
46.0407	43.9819	1.7745	2.7778	-0.1745	
46.0326	44.2595	1.7552	2.7778	-0.1745	
46.0299	44.5373	1.7359	2.7778	-0.1745	
46.0301	44.8151	1.7175	2.7778	-0.1658	
46.0329	45.0928	1.7001	2.7778	-0.1571	
46.0382	45.3706	1.6837	2.7778	-0.1484	
46.0456	45.6482	1.6683	2.7778	-0.1396	
46.0549	45.9259	1.6538	2.7778	-0.1309	
46.0658	46.2034	1.6402	2.7778	-0.1222	
46.078	46.4809	1.6276	2.7778	-0.1134	
46.0913	46.7584	1.616	2.7778	-0.1047	
46.1054	47.0358	1.6054	2.7778	-0.096	
46.1201	47.3132	1.5957	2.7778	-0.0873	
46.1374	47.5904	1.586	2.7778	-0.0873	
46.1574	47.8675	1.5763	2.7778	-0.0873	
46.18	48.1443	1.5666	2.7778	-0.0873	
46.2054	48.421	1.557	2.7778	-0.0873	
46.2334	48.6973	1.5473	2.7778	-0.0873	
46.2642	48.9734	1.5376	2.7778	-0.0873	
46.2975	49.2492	1.5279	2.7778	-0.0873	
46.3336	49.5246	1.5182	2.7778	-0.0873	
46.3723	49.7997	1.5085	2.7778	-0.0873	
46.4137	50.0743	1.4988	2.7778	-0.0873	
46.4534	50.3088	1.4897	2.3778	-0.096	
46.49	50.5031	1.4815	1.9778	-0.1047	
46.5218	50.6577	1.4743	1.5778	-0.1134	
46.5473	50.7727	1.4686	1.1778	-0.1222	
46.5653	50.8483	1.4645	0.7778	-0.1309	
46.5745	50.885	1.4624	0.3778	-0.1396	
46.5745	50.885	1.4624	0.0	-0.1484	
46.5745	50.885	1.4624	0.0	-0.1571	
46.5745	50.885	1.4624	0.0	-0.1658	
46.5745	50.885	1.4624	0.0	-0.1745	
46.5745	50.885	1.4624	0.0	-0.1658	
46.5745	50.885	1.4624	0.0	-0.1571	
46.5745	50.885	1.4624	0.0	-0.1484	
46.5745	50.885	1.4624	0.0	-0.1396	
46.5745	50.885	1.4624	0.0	-0.1309	
46.5745	50.885	1.4624	0.0	-0.1222	
46.5745	50.885	1.4624	0.0	-0.1134	
46.5745	50.885	1.4624	0.0	-0.1047	
46.5745	50.885	1.4624	0.0	-0.096	
46.5745	50.885	1.4624	0.0	-0.0873	
46.5782	50.9046	1.4618	0.2	-0.0785	
46.5853	50.944	1.4607	0.4	-0.0698	
46.5955	51.0031	1.4592	0.6	-0.0611	
46.6086	51.082	1.4575	0.8	-0.0524	
46.6242	51.1808	1.4558	1.0	-0.0436	
46.6421	51.2995	1.4541	1.2	-0.0349	
46.6621	51.438	1.4526	1.4	-0.0262	
46.6837	51.5966	1.4515	1.6	-0.0175	
46.7067	51.7751	1.4509	1.8	-0.0087	
46.7306	51.9737	1.4509	2.0	0.0	
46.7572	52.2122	1.4517	2.4	0.0087	
46.7854	52.4885	1.4537	2.7778	0.0175	
46.8106	52.7652	1.4566	2.7778	0.0262	
46.8326	53.0421	1.4605	2.7778	0.0349	
46.8511	53.3192	1.4653	2.7778	0.0436	
46.8659	53.5966	1.4711	2.7778	0.0524	
46.8766	53.8742	1.4779	2.7778	0.0611	
46.883	54.1519	1.4857	2.7778	0.0698	
46.8848	54.4296	1.4944	2.7778	0.0785	
46.8818	54.7074	1.5041	2.7778	0.0873	
46.879	54.9452	1.5115	2.3778	0.0785	
46.8769	55.1429	1.517	1.9778	0.0698	
46.8758	55.3007	1.5209	1.5778	0.0611	
46.8755	55.4185	1.5234	1.1778	0.0524	
46.8758	55.4963	1.5247	0.7778	0.0436	
46.8762	55.534	1.5252	0.3778	0.0349	
46.8762	55.534	1.5252	0.0	0.0262	
46.8762	55.534	1.5252	0.0	0.0175	
46.8762	55.534	1.5252	0.0	0.0087	
46.8762	55.534	1.5252	0.0	0.0	
46.8762	55.534	1.5252	0.0	-0.0087	
46.8762	55.534	1.5252	0.0	-0.0175	
46.8762	55.534	1.5252	0.0	-0.0262	
46.8762	55.534	1.5252	0.0	-0.0349	
46.8762	55.534	1.5252	0.0	-0.0436	
46.8762	55.534	1.5252	0.0	-0.0524	
46.8762	55.534	1.5252	0.0	-0.0611	
46.8762	55.534	1.5252	0.0	-0.0698	
46.8762	55.534	1.5252	0.0	-0.0785	
46.8762	55.534	1.5252	0.0	-0.0873	
46.8762	55.534	1.5252	0.0	-0.0873	
46.8762	55.534	1.5252	0.0	-0.0873	
46.8762	55.534	1.5252	0.0	-0.0873	
46.8762	55.534	1.5252	0.0	-0.0873	
46.8762	55.534	1.5252	0.0	-0.0873	
46.8762	55.534	1.5252	0.0	-0.0873	
46.8762	55.534	1.5252	0.0	-0.0873	
46.8762	55.534	1.5252	0.0	-0.0873	
46.8762	55.534	1.5252	0.0	-0.0873	
46.8762	55.534	1.5252	0.0	-0.0873	
46.8775	55.544	1.5249	0.1	-0.0785	
46.8798	55.5638	1.5244	0.2	-0.0698	
46.883	55.5937	1.5236	0.3	-0.0611	
46.887	55.6335	1.5228	0.4	-0.0524	
46.8915	55.6833	1.5219	0.5	-0.0436	
46.8966	55.743	1.5211	0.6	-0.0349	
46.9019	55.8128	1.5204	0.7	-0.0262	
46.9073	55.8927	1.5198	0.8	-0.0175	
46.9127	55.9825	1.5195	0.9	-0.0087	
92	16	1.5708	1.0	0.0	
91.9991	16.1	1.5711	1.0	0.0087	
91.9973	16.2	1.5718	1.0	0.0175	
91.9946	16.2999	1.5729	1.0	0.0262	
91.9909	16.3999	1.5743	1.0	0.0349	
91.9862	16.4998	1.576	1.0	0.0436	
91.9805	16.5996	1.5781	1.0	0.0524	
91.9736	16.6994	1.5806	1.0	0.0611	
91.9657	16.799	1.5834	1.0	0.0698	
91.9566	16.8986	1.5865	1.0	0.0785	
91.9463	16.9981	1.59	1.0	0.0873	
91.9317	17.1474	1.5947	1.5	0.0785	
91.9129	17.3465	1.6003	2.0	0.0698	
91.8903	17.5955	1.6064	2.5	0.0611	
91.8659	17.8722	1.6122	2.7778	0.0524	
91.8424	18.149	1.617	2.7778	0.0436	
91.8198	18.4258	1.6209	2.7778	0.0349	
91.7987	18.7028	1.6238	2.7778	0.0262	
91.7791	18.9799	1.6258	2.7778	0.0175	
91.7614	19.2571	1.6267	2.7778	0.0087	
91.7459	19.5344	1.6267	2.7778	0.0	
91.7279	19.8116	1.6277	2.7778	0.0087	
91.7073	20.0887	1.6296	2.7778	0.0175	
91.6837	20.3654	1.6325	2.7778	0.0262	
91.6569	20.6419	1.6364	2.7778	0.0349	
91.6266	20.918	1.6413	2.7778	0.0436	
91.5926	21.1937	1.6471	2.7778	0.0524	
91.5545	21.4689	1.6539	2.7778	0.0611	
91.5122	21.7434	1.6616	2.7778	0.0698	
91.4654	22.0172	1.6703	2.7778	0.0785	
91.4138	22.2902	1.68	2.7778	0.0873	
91.3572	22.5621	1.6907	2.7778	0.096	
91.2954	22.8329	1.7023	2.7778	0.1047	
91.228	23.1024	1.7149	2.7778	0.1134	
91.1549	23.3704	1.7284	2.7778	0.1222	
91.0759	23.6367	1.7429	2.7778	0.1309	
90.9907	23.9011	1.7584	2.7778	0.1396	
90.8991	24.1633	1.7748	2.7778	0.1484	
90.801	24.4232	1.7922	2.7778	0.1571	
90.6961	24.6804	1.8105	2.7778	0.1658	
90.5843	24.9347	1.8298	2.7778	0.1745	
90.4654	25.1857	1.8501	2.7778	0.1833	
90.3393	25.4332	1.8713	2.7778	0.192	
90.2058	25.6769	1.8934	2.7778	0.2007	
90.0649	25.9162	1.9165	2.7778	0.2094	
89.9164	26.151	1.9406	2.7778	0.2182	
89.7604	26.3808	1.9656	2.7778	0.2269	
89.5966	26.6052	1.9915	2.7778	0.2356	
89.4252	26.8238	2.0184	2.7778	0.2443	
89.2461	27.0361	2.0462	2.7778	0.2531	
89.0594	27.2418	2.075	2.7778	0.2618	
88.8861	27.4188	2.1014	2.4778	0.2705	
88.7284	27.569	2.1255	2.1778	0.2793	
88.5882	27.694	2.1468	1.8778	0.288	
88.4673	27.7954	2.1652	1.5778	0.2967	
88.3673	27.8748	2.1806	1.2778	0.3054	
88.2892	27.9337	2.1927	0.9778	0.3142	
88.2343	27.9735	2.2013	0.6778	0.3229	
88.2033	27.9951	2.2062	0.3778	0.3316	
88.1969	27.9994	2.2073	0.0778	0.3403	
88.1969	27.9994	2.2073	0.0	0.3491	
88.1969	27.9994	2.2073	0.0	0.3578	
88.1969	27.9994	2.2073	0.0	0.3665	
88.1969	27.9994	2.2073	0.0	0.3752	
88.1969	27.9994	2.2073	0.0	0.384	
88.1969	27.9994	2.2073	0.0	0.3927	
88.1969	27.9994	2.2073	0.0	0.4014	
88.1969	27.9994	2.2073	0.0	0.4102	
88.1969	27.9994	2.2073	0.0	0.4189	
88.1969	27.9994	2.2073	0.0	0.4276	
88.1969	27.9994	2.2073	0.0	0.4363	
88.1969	27.9994	2.2073	0.0	0.4451	
88.1969	27.9994	2.2073	0.0	0.4538	
88.1969	27.9994	2.2073	0.0	0.4625	
88.1969	27.9994	2.2073	0.0	0.4712	
88.1969	27.9994	2.2073	0.0	0.48	
88.1969	27.9994	2.2073	0.0	0.4887	
88.1969	27.9994	2.2073	0.0	0.4974	
88.1969	27.9994	2.2073	0.0	0.5061	
88.1969	27.9994	2.2073	0.0	0.5149	
88.1969	27.9994	2.2073	0.0	0.5236	
88.1786	28.0076	2.2112	0.2	0.5149	
88.1421	28.024	2.2189	0.4	0.5061	
88.0875	28.0488	2.2304	0.6	0.4974	
88.0145	28.0816	2.2454	0.8	0.4887	
87.9231	28.122	2.2639	1.0	0.48	
87.8128	28.1695	2.2857	1.2	0.4712	
87.6835	28.2231	2.3107	1.4	0.4625	
87.5348	28.282	2.3387	1.6	0.4538	
87.3662	28.3451	2.3697	1.8	0.4451	
87.1773	28.4109	2.4035	2.0	0.4363	
87.025	28.4598	2.4301	1.6	0.4276	
86.9101	28.4944	2.4496	1.2	0.4189	
86.8332	28.5167	2.4624	0.8	0.4102	
86.7948	28.5277	2.4686	0.4	0.4014	
86.7948	28.5277	2.4686	0.0	0.3927	
86.7948	28.5277	2.4686	0.0	0.384	
86.7948	28.5277	2.4686	0.0	0.3752	
86.7948	28.5277	2.4686	0.0	0.3665	
86.7948	28.5277	2.4686	0.0	0.3578	
86.7948	28.5277	2.4686	0.0	0.3491	
86.7663	28.5372	2.4727	0.3	0.3491	
86.7094	28.5561	2.4809	0.6	0.3491	
86.6237	28.5837	2.4932	0.9	0.3491	
86.509	28.619	2.5097	1.2	0.3491	
86.365	28.6609	2.5302	1.5	0.3491	
86.1912	28.7076	2.5548	1.8	0.3491	
85.9871	28.7571	2.5835	2.1	0.3491	
85.7523	28.8068	2.6164	2.4	0.3491	
85.4865	28.8542	2.6533	2.7	0.3491	
85.2114	28.8927	2.6913	2.7778	0.3491	
84.9353	28.9232	2.7284	2.7778	0.3403	
84.6584	28.9458	2.7646	2.7778	0.3316	
84.3811	28.9609	2.7998	2.7778	0.3229	
84.1034	28.9685	2.8342	2.7778	0.3142	
83.8256	28.9691	2.8676	2.7778	0.3054	
83.5479	28.9628	2.9001	2.7778	0.2967	
83.2704	28.9499	2.9316	2.7778	0.288	
82.9933	28.9307	2.9622	2.7778	0.2793	
82.7167	28.9054	2.9919	2.7778	0.2705	
82.4407	28.8743	3.0207	2.7778	0.2618	
82.166	28.8329	3.0504	2.7778	0.2705	
81.8931	28.781	3.081	2.7778	0.2793	
81.6225	28.7183	3.1126	2.7778	0.288	
81.3546	28.6449	-3.1381	2.7778	0.2967	
81.09	28.5604	-3.1047	2.7778	0.3054	
80.8291	28.4649	-3.0704	2.7778	0.3142	
80.5726	28.3582	-3.0351	2.7778	0.3229	
80.3211	28.2404	-2.999	2.7778	0.3316	
80.0751	28.1114	-2.9619	2.7778	0.3403	
79.8352	27.9713	-2.9239	2.7778	0.3491	
79.5996	27.8242	-2.8868	2.7778	0.3403	
79.3682	27.6705	-2.8506	2.7778	0.3316	
79.1412	27.5104	-2.8153	2.7778	0.3229	
78.9184	27.3445	-2.781	2.7778	0.3142	
78.7	27.1728	-2.7476	2.7778	0.3054	
78.4859	26.9959	-2.7151	2.7778	0.2967	
78.2761	26.8139	-2.6836	2.7778	0.288	
78.0704	26.6271	-2.6529	2.7778	0.2793	
77.8689	26.4359	-2.6232	2.7778	0.2705	
77.6715	26.2405	-2.5945	2.7778	0.2618	
77.4797	26.0396	-2.5657	2.7778	0.2618	
77.2939	25.8331	-2.537	2.7778	0.2618	
77.114	25.6215	-2.5082	2.7778	0.2618	
76.9403	25.4047	-2.4794	2.7778	0.2618	
76.7729	25.183	-2.4507	2.7778	0.2618	
76.6119	24.9567	-2.4219	2.7778	0.2618	
76.4575	24.7257	-2.3932	2.7778	0.2618	
76.3098	24.4905	-2.3644	2.7778	0.2618	
76.169	24.2511	-2.3357	2.7778	0.2618	
76.035	24.0077	-2.3069	2.7778	0.2618	
75.906	23.7617	-2.2791	2.7778	0.2531	
75.7817	23.5133	-2.2522	2.7778	0.2443	
75.6619	23.2627	-2.2263	2.7778	0.2356	
75.5465	23.01	-2.2013	2.7778	0.2269	
75.4352	22.7555	-2.1772	2.7778	0.2182	
75.3278	22.4993	-2.1541	2.7778	0.2094	
75.2241	22.2416	-2.132	2.7778	0.2007	
75.1239	21.9826	-2.1108	2.7778	0.192	
75.0269	21.7223	-2.0905	2.7778	0.1833	
74.9329	21.4609	-2.0712	2.7778	0.1745	
74.8439	21.1977	-2.0519	2.7778	0.1745	
74.7601	20.9329	-2.0326	2.7778	0.1745	
74.6814	20.6665	-2.0133	2.7778	0.1745	
74.6078	20.3987	-1.994	2.7778	0.1745	
74.5394	20.1294	-1.9748	2.7778	0.1745	
74.4763	19.8589	-1.9555	2.7778	0.1745	
74.4183	19.5873	-1.9362	2.7778	0.1745	
74.3656	19.3145	-1.9169	2.7778	0.1745	
74.3182	19.0408	-1.8976	2.7778	0.1745	
74.2761	18.7663	-1.8783	2.7778	0.1745	
74.2406	18.5008	-1.8597	2.6778	0.1745	
74.2112	18.2447	-1.8418	2.5778	0.1745	
74.1873	17.9981	-1.8246	2.4778	0.1745	
74.1685	17.7611	-1.808	2.3778	0.1745	
74.1542	17.5338	-1.7922	2.2778	0.1745	
74.144	17.3162	-1.7771	2.1778	0.1745	
74.1374	17.1086	-1.7627	2.0778	0.1745	
74.134	16.9108	-1.7489	1.9778	0.1745	
74.1333	16.723	-1.7359	1.8778	0.1745	
74.135	16.5453	-1.7235	1.7778	0.1745	
74.138	16.4075	-1.714	1.3778	0.1745	
74.1411	16.3098	-1.7072	0.9778	0.1745	
74.1433	16.252	-1.7032	0.5778	0.1745	
74.144	16.2343	-1.7019	0.1778	0.1745	
74.144	16.2343	-1.7019	0.0	0.1745	
74.144	16.2343	-1.7019	0.0	0.1745	
74.144	16.2343	-1.7019	0.0	0.1745	
74.144	16.2343	-1.7019	0.0	0.1745	
74.144	16.2343	-1.7019	0.0	0.1745	
74.144	16.2343	-1.7019	0.0	0.1745	
74.1458	16.1843	-1.6986	0.5	0.1658	
74.1487	16.0844	-1.6924	1.0	0.1571	
74.1527	15.9344	-1.6835	1.5	0.1484	
74.1581	15.7345	-1.6724	2.0	0.1396	
74.1654	15.4846	-1.6593	2.5	0.1309	
74.1748	15.207	-1.6458	2.7778	0.1222	
74.1854	14.9294	-1.6332	2.7778	0.1134	
74.1972	14.6519	-1.6216	2.7778	0.1047	
74.2097	14.3744	-1.6109	2.7778	0.096	
74.2228	14.0969	-1.6013	2.7778	0.0873	
-1
44.9222	30.9993	-3.1413	0.7778	0.0087	
44.7945	30.9971	-3.1404	1.2778	0.0175	
44.6168	30.9922	-3.1386	1.7778	0.0262	
44.3891	30.9836	-3.1354	2.2778	0.0349	
44.1117	30.9697	-3.1305	2.7778	0.0436	
43.8345	30.9521	-3.1247	2.7778	0.0524	
43.5576	30.9305	-3.1179	2.7778	0.0611	
43.281	30.9046	-3.1102	2.7778	0.0698	
43.0049	30.8741	-3.1015	2.7778	0.0785	
42.7294	30.8388	-3.0918	2.7778	0.0873	
42.5037	30.8077	-3.0838	2.2778	0.0873	
42.3278	30.782	-3.0777	1.7778	0.0873	
42.2015	30.7627	-3.0732	1.2778	0.0873	
42.1247	30.7507	-3.0705	0.7778	0.0873	
42.0972	30.7463	-3.0695	0.2778	0.0873	
42.0972	30.7463	-3.0695	0.0	0.0873	
42.0972	30.7463	-3.0695	0.0	0.0873	
42.0972	30.7463	-3.0695	0.0	0.0873	
42.0972	30.7463	-3.0695	0.0	0.0873	
42.0972	30.7463	-3.0695	0.0	0.0873	
42.0578	30.7396	-3.068	0.4	0.096	
41.9791	30.7254	-3.0646	0.8	0.1047	
41.8612	30.7027	-3.0592	1.2	0.1134	
41.7046	30.6702	-3.0514	1.6	0.1222	
41.5094	30.6263	-3.041	2.0	0.1309	
41.2763	30.5692	-3.0276	2.4	0.1396	
41.008	30.4972	-3.0112	2.7778	0.1484	
40.7417	30.4184	-2.9938	2.7778	0.1571	
40.4774	30.3327	-2.9755	2.7778	0.1658	
40.2156	30.2399	-2.9562	2.7778	0.1745	
39.9548	30.1444	-2.9378	2.7778	0.1658	
39.6949	30.0463	-2.9204	2.7778	0.1571	
39.4359	29.946	-2.904	2.7778	0.1484	
39.1776	29.8437	-2.8886	2.7778	0.1396	
38.9201	29.7396	-2.8741	2.7778	0.1309	
38.6631	29.6341	-2.8605	2.7778	0.1222	
38.4067	29.5273	-2.8479	2.7778	0.1134	
38.1507	29.4196	-2.8363	2.7778	0.1047	
37.895	29.3111	-2.8257	2.7778	0.096	
37.6394	29.2021	-2.816	2.7778	0.0873	
37.3932	29.0968	-2.8076	2.6778	0.0785	
37.1562	28.9955	-2.8004	2.5778	0.0698	
36.9282	28.8985	-2.7943	2.4778	0.0611	
36.7092	28.806	-2.7894	2.3778	0.0524	
36.499	28.7181	-2.7854	2.2778	0.0436	
36.2977	28.6351	-2.7823	2.1778	0.0349	
36.1051	28.557	-2.7802	2.0778	0.0262	
35.9214	28.4838	-2.7788	1.9778	0.0175	
35.7464	28.4157	-2.7781	1.8778	0.0087	
35.5802	28.3525	-2.7781	1.7778	0.0	
35.4229	28.2942	-2.7787	1.6778	-0.0087	
35.2745	28.2408	-2.7798	1.5778	-0.0175	
35.1349	28.1921	-2.7814	1.4778	-0.0262	
35.0044	28.1481	-2.7833	1.3778	-0.0349	
34.8829	28.1085	-2.7855	1.2778	-0.0436	
34.7705	28.0733	-2.788	1.1778	-0.0524	
34.6673	28.0422	-2.7906	1.0778	-0.0611	
34.5733	28.0151	-2.7934	0.9778	-0.0698	
34.4887	27.9917	-2.7961	0.8778	-0.0785	
34.4135	27.9718	-2.7988	0.7778	-0.0873	
34.3672	27.9602	-2.8006	0.4778	-0.096	
34.3499	27.956	-2.8014	0.1778	-0.1047	
34.3499	27.956	-2.8014	0.0	-0.1134	
34.3499	27.956	-2.8014	0.0	-0.1222	
34.3499	27.956	-2.8014	0.0	-0.1309	
34.3499	27.956	-2.8014	0.0	-0.1396	
34.3499	27.956	-2.8014	0.0	-0.1484	
34.3499	27.956	-2.8014	0.0	-0.1571	
34.3499	27.956	-2.8014	0.0	-0.1658	
34.3499	27.956	-2.8014	0.0	-0.1745	
34.3203	27.9511	-2.8035	0.3	-0.1745	
34.2611	27.9413	-2.8076	0.6	-0.1745	
34.1723	27.927	-2.8139	0.9	-0.1745	
34.0537	27.9087	-2.8222	1.2	-0.1745	
33.9053	27.887	-2.8326	1.5	-0.1745	
33.7269	27.8629	-2.8452	1.8	-0.1745	
33.5184	27.8374	-2.8597	2.1	-0.1745	
33.2798	27.8117	-2.8764	2.4	-0.1745	
33.0109	27.7872	-2.8952	2.7	-0.1745	
32.7339	27.7673	-2.9145	2.7778	-0.1745	
32.4764	27.7537	-2.9324	2.5778	-0.1745	
32.2388	27.7455	-2.9489	2.3778	-0.1745	
32.0211	27.7415	-2.964	2.1778	-0.1745	
31.8233	27.7409	-2.9777	1.9778	-0.1745	
31.6455	27.7428	-2.9901	1.7778	-0.1745	
31.4878	27.7465	-3.001	1.5778	-0.1745	
31.3501	27.7511	-3.0106	1.3778	-0.1745	
31.2324	27.7563	-3.0188	1.1778	-0.1745	
31.1348	27.7613	-3.0256	0.9778	-0.1745	
31.0571	27.7659	-3.031	0.7778	-0.1745	
30.9995	27.7696	-3.035	0.5778	-0.1745	
30.9618	27.7721	-3.0376	0.3778	-0.1745	
30.944	27.7734	-3.0389	0.1778	-0.1745	
30.944	27.7734	-3.0389	0.0	-0.1745	
30.944	27.7734	-3.0389	0.0	-0.1745	
30.944	27.7734	-3.0389	0.0	-0.1745	
30.944	27.7734	-3.0389	0.0	-0.1745	
30.944	27.7734	-3.0389	0.0	-0.1745	
30.944	27.7734	-3.0389	0.0	-0.1745	
30.944	27.7734	-3.0389	0.0	-0.1745	
30.944	27.7734	-3.0389	0.0	-0.1833	
30.944	27.7734	-3.0389	0.0	-0.192	
30.944	27.7734	-3.0389	0.0	-0.2007	
30.944	27.7734	-3.0389	0.0	-0.2094	
30.944	27.7734	-3.0389	0.0	-0.2182	
30.944	27.7734	-3.0389	0.0	-0.2269	
30.944	27.7734	-3.0389	0.0	-0.2356	
30.944	27.7734	-3.0389	0.0	-0.2443	
30.944	27.7734	-3.0389	0.0	-0.2531	
30.944	27.7734	-3.0389	0.0	-0.2618	
30.944	27.7734	-3.0389	0.0	-0.2531	
30.944	27.7734	-3.0389	0.0	-0.2443	
30.944	27.7734	-3.0389	0.0	-0.2356	
30.944	27.7734	-3.0389	0.0	-0.2269	
30.944	27.7734	-3.0389	0.0	-0.2182	
30.944	27.7734	-3.0389	0.0	-0.2094	
30.944	27.7734	-3.0389	0.0	-0.2007	
30.944	27.7734	-3.0389	0.0	-0.192	
30.944	27.7734	-3.0389	0.0	-0.1833	
30.944	27.7734	-3.0389	0.0	-0.1745	
30.944	27.7734	-3.0389	0.0	-0.1745	
30.944	27.7734	-3.0389	0.0	-0.1745	
30.944	27.7734	-3.0389	0.0	-0.1745	
30.944	27.7734	-3.0389	0.0	-0.1745	
30.944	27.7734	-3.0389	0.0	-0.1745	
30.944	27.7734	-3.0389	0.0	-0.1745	
30.944	27.7734	-3.0389	0.0	-0.1745	
30.944	27.7734	-3.0389	0.0	-0.1745	
30.944	27.7734	-3.0389	0.0	-0.1745	
30.944	27.7734	-3.0389	0.0	-0.1745	
30.944	27.7734	-3.0389	0.0	-0.1658	
30.944	27.7734	-3.0389	0.0	-0.1571	
30.944	27.7734	-3.0389	0.0	-0.1484	
30.944	27.7734	-3.0389	0.0	-0.1396	
30.944	27.7734	-3.0389	0.0	-0.1309	
30.944	27.7734	-3.0389	0.0	-0.1222	
30.944	27.7734	-3.0389	0.0	-0.1134	
30.944	27.7734	-3.0389	0.0	-0.1047	
30.944	27.7734	-3.0389	0.0	-0.096	
30.944	27.7734	-3.0389	0.0	-0.0873	
30.8941	27.7722	-3.0404	0.5	-0.0785	
30.7941	27.769	-3.0432	1.0	-0.0698	
30.6442	27.7634	-3.0469	1.5	-0.0611	
30.4444	27.755	-3.0511	2.0	-0.0524	
30.1947	27.7433	-3.0554	2.5	-0.0436	
29.9173	27.729	-3.0593	2.7778	-0.0349	
29.6399	27.7135	-3.0622	2.7778	-0.0262	
29.3627	27.6963	-3.0642	2.7778	-0.0175	
29.0855	27.6772	-3.0651	2.7778	-0.0087	
28.8086	27.656	-3.0651	2.7778	0.0	
28.5514	27.6385	-3.066	2.5778	-0.0087	
28.314	27.6247	-3.0677	2.3778	-0.0175	
28.0965	27.6143	-3.07	2.1778	-0.0262	
27.8988	27.6071	-3.0727	1.9778	-0.0349	
27.7211	27.6026	-3.0758	1.7778	-0.0436	
27.5634	27.6005	-3.0791	1.5778	-0.0524	
27.4256	27.6003	-3.0825	1.3778	-0.0611	
27.3078	27.6015	-3.0858	1.1778	-0.0698	
27.2101	27.6038	-3.0889	0.9778	-0.0785	
27.1323	27.6065	-3.0916	0.7778	-0.0873	
27.0146	27.6108	-3.0957	1.1778	-0.0873	
26.857	27.6174	-3.1012	1.5778	-0.0873	
26.6594	27.6266	-3.1081	1.9778	-0.0873	
26.422	27.6394	-3.1164	2.3778	-0.0873	
26.1447	27.6566	-3.126	2.7778	-0.0873	
25.8677	27.6765	-3.1357	2.7778	-0.0873	
25.5908	27.6991	3.1378	2.7778	-0.0873	
25.3142	27.7244	3.1281	2.7778	-0.0873	
25.0378	27.7523	3.1184	2.7778	-0.0873	
24.7617	27.7829	3.1087	2.7778	-0.0873	
24.4863	27.8186	3.0981	2.7778	-0.096	
24.2115	27.8597	3.0865	2.7778	-0.1047	
23.9377	27.9063	3.0739	2.7778	-0.1134	
23.6649	27.9587	3.0603	2.7778	-0.1222	
23.3934	28.0172	3.0458	2.7778	-0.1309	
23.1232	28.082	3.0304	2.7778	-0.1396	
22.8548	28.1533	3.0139	2.7778	-0.1484	
22.5882	28.2313	2.9966	2.7778	-0.1571	
22.3237	28.3163	2.9782	2.7778	-0.1658	
22.0616	28.4083	2.9589	2.7778	-0.1745	
21.8382	28.4895	2.9432	2.3778	-0.1658	
21.6527	28.5584	2.9309	1.9778	-0.1571	
21.505	28.6138	2.9215	1.5778	-0.1484	
21.3948	28.6553	2.915	1.1778	-0.1396	
21.3219	28.6825	2.9109	0.7778	-0.1309	
21.2865	28.6955	2.9091	0.3778	-0.1222	
21.2865	28.6955	2.9091	0.0	-0.1134	
21.2865	28.6955	2.9091	0.0	-0.1047	
21.2865	28.6955	2.9091	0.0	-0.096	
21.2865	28.6955	2.9091	0.0	-0.0873	
21.277	28.6987	2.9087	0.1	-0.0873	
21.258	28.705	2.908	0.2	-0.0873	
21.2295	28.7144	2.907	0.3	-0.0873	
21.1916	28.7271	2.9056	0.4	-0.0873	
21.1442	28.743	2.9038	0.5	-0.0873	
21.0873	28.7621	2.9018	0.6	-0.0873	
21.021	28.7846	2.8993	0.7	-0.0873	
20.9453	28.8105	2.8965	0.8	-0.0873	
20.8603	28.8399	2.8934	0.9	-0.0873	
20.7658	28.8728	2.8899	1.0	-0.0873	
20.6809	28.9027	2.8868	0.9	-0.0873	
20.6056	28.9295	2.884	0.8	-0.0873	
20.5397	28.9532	2.8815	0.7	-0.0873	
20.4833	28.9736	2.8794	0.6	-0.0873	
20.4363	28.9908	2.8777	0.5	-0.0873	
20.3988	29.0045	2.8763	0.4	-0.0873	
20.3706	29.0149	2.8753	0.3	-0.0873	
20.3518	29.0218	2.8746	0.2	-0.0873	
20.3425	29.0253	2.8742	0.1	-0.0873	
20.3425	29.0253	2.8742	0.0	-0.0873	
20.2954	29.0422	2.8726	0.5	-0.0785	
20.2011	29.0755	2.8699	1.0	-0.0698	
20.0593	29.1245	2.8662	1.5	-0.0611	
19.87	29.1888	2.862	2.0	-0.0524	
19.6329	29.2683	2.8576	2.5	-0.0436	
19.3691	29.3553	2.8538	2.7778	-0.0349	
19.105	29.4411	2.8509	2.7778	-0.0262	
18.8403	29.5254	2.8489	2.7778	-0.0175	
18.575	29.6079	2.8479	2.7778	-0.0087	
18.3091	29.6883	2.8479	2.7778	0.0	
18.0425	29.7663	2.8489	2.7778	0.0087	
17.7752	29.8418	2.8509	2.7778	0.0175	
17.5071	29.9145	2.8538	2.7778	0.0262	
17.2382	29.984	2.8576	2.7778	0.0349	
16.9684	30.0501	2.8625	2.7778	0.0436	
16.6977	30.1125	2.8683	2.7778	0.0524	
16.4262	30.171	2.8751	2.7778	0.0611	
16.1537	30.2253	2.8828	2.7778	0.0698	
15.8805	30.2751	2.8916	2.7778	0.0785	
15.6063	30.3201	2.9012	2.7778	0.0873	
15.3318	30.3625	2.9109	2.7778	0.0873	
15.0569	30.4022	2.9206	2.7778	0.0873	
14.7816	30.4392	2.9303	2.7778	0.0873	
14.506	30.4736	2.94	2.7778	0.0873	
14.23	30.5053	2.9497	2.7778	0.0873	
13.9537	30.5343	2.9593	2.7778	0.0873	
13.6772	30.5606	2.969	2.7778	0.0873	
13.4004	30.5843	2.9787	2.7778	0.0873	
13.1235	30.6053	2.9884	2.7778	0.0873	
12.8463	30.6236	2.9981	2.7778	0.0873	
12.5689	30.6392	3.0078	2.7778	0.0873	
12.2915	30.6521	3.0174	2.7778	0.0873	
12.0139	30.6624	3.0271	2.7778	0.0873	
11.7362	30.6699	3.0368	2.7778	0.0873	
11.4585	30.6748	3.0465	2.7778	0.0873	
11.1807	30.677	3.0562	2.7778	0.0873	
10.9029	30.6765	3.0659	2.7778	0.0873	
10.6252	30.6733	3.0755	2.7778	0.0873	
10.3474	30.6674	3.0852	2.7778	0.0873	
10.0698	30.6588	3.0949	2.7778	0.0873	
9.7922	30.6475	3.1046	2.7778	0.0873	
9.5148	30.6335	3.1143	2.7778	0.0873	
9.2375	30.6169	3.124	2.7778	0.0873	
8.9604	30.5976	3.1337	2.7778	0.0873	
8.6835	30.5756	-3.1398	2.7778	0.0873	
8.4069	30.5509	-3.1302	2.7778	0.0873	
8.1304	30.5235	-3.1205	2.7778	0.0873	
7.8543	30.4934	-3.1108	2.7778	0.0873	
7.5784	30.4607	-3.1011	2.7778	0.0873	
7.3029	30.4253	-3.0914	2.7778	0.0873	
7.0274	30.3897	-3.0827	2.7778	0.0785	
6.752	30.354	-3.075	2.7778	0.0698	
6.4764	30.3187	-3.0682	2.7778	0.0611	
6.2009	30.2838	-3.0624	2.7778	0.0524	
5.9252	30.2498	-3.0575	2.7778	0.0436	
5.6494	30.2168	-3.0536	2.7778	0.0349	
5.3734	30.1852	-3.0507	2.7778	0.0262	
5.0972	30.1551	-3.0488	2.7778	0.0175	
4.8209	30.127	-3.0478	2.7778	0.0087	
4.5443	30.101	-3.0478	2.7778	0.0	
4.2979	30.0756	-3.047	2.4778	0.0087	
4.0815	30.0512	-3.0454	2.1778	0.0175	
20	33	1.5708	1.8778	0.0262	
19.9945	33.1577	1.573	1.5778	0.0349	
19.9886	33.2853	1.5752	1.2778	0.0436	
19.9831	33.3829	1.5773	0.9778	0.0524	
19.9785	33.4506	1.5789	0.6778	0.0611	
19.9756	33.4882	1.58	0.3778	0.0698	
19.9749	33.496	1.5802	0.0778	0.0785	
19.9749	33.496	1.5802	0.0	0.0873	
19.9738	33.5059	1.5806	0.1	0.096	
19.9716	33.5258	1.5814	0.2	0.1047	
19.9678	33.5556	1.5828	0.3	0.1134	
19.9625	33.5952	1.5848	0.4	0.1222	
19.9553	33.6447	1.5874	0.5	0.1309	
19.9459	33.7039	1.5907	0.6	0.1396	
19.9342	33.773	1.5948	0.7	0.1484	
19.9198	33.8517	1.5999	0.8	0.1571	
19.9024	33.9399	1.6058	0.9	0.1658	
19.8816	34.0378	1.6127	1.0	0.1745	
19.8515	34.1745	1.6225	1.4	0.1745	
19.8111	34.3499	1.635	1.8	0.1745	
19.7591	34.5637	1.6502	2.2	0.1745	
19.6938	34.8153	1.6683	2.6	0.1745	
19.6192	35.0829	1.6876	2.7778	0.1745	
19.5394	35.349	1.7069	2.7778	0.1745	
19.4545	35.6134	1.7262	2.7778	0.1745	
19.3645	35.8762	1.7455	2.7778	0.1745	
19.2694	36.1373	1.7648	2.7778	0.1745	
19.1694	36.3964	1.7841	2.7778	0.1745	
19.0666	36.6544	1.8024	2.7778	0.1658	
18.9613	36.9115	1.8198	2.7778	0.1571	
18.8538	37.1676	1.8362	2.7778	0.1484	
18.7443	37.4229	1.8517	2.7778	0.1396	
18.6332	37.6775	1.8662	2.7778	0.1309	
18.5205	37.9314	1.8797	2.7778	0.1222	
18.4066	38.1848	1.8923	2.7778	0.1134	
18.2918	38.4377	1.9039	2.7778	0.1047	
18.1762	38.6903	1.9146	2.7778	0.096	
18.0602	38.9427	1.9242	2.7778	0.0873	
17.9395	39.1929	1.9349	2.7778	0.096	
17.814	39.4407	1.9465	2.7778	0.1047	
17.6834	39.6859	1.9591	2.7778	0.1134	
17.5477	39.9282	1.9726	2.7778	0.1222	
17.4066	40.1675	1.9871	2.7778	0.1309	
17.26	40.4034	2.0026	2.7778	0.1396	
17.1078	40.6358	2.019	2.7778	0.1484	
16.9497	40.8642	2.0364	2.7778	0.1571	
16.7857	41.0884	2.0547	2.7778	0.1658	
16.6158	41.3081	2.074	2.7778	0.1745	
16.4416	41.5245	2.0933	2.7778	0.1745	
16.2633	41.7375	2.1126	2.7778	0.1745	
16.0809	41.947	2.1319	2.7778	0.1745	
15.8945	42.1529	2.1512	2.7778	0.1745	
15.7041	42.3552	2.1705	2.7778	0.1745	
15.5099	42.5538	2.1898	2.7778	0.1745	
15.3119	42.7486	2.2091	2.7778	0.1745	
15.1101	42.9396	2.2284	2.7778	0.1745	
14.9048	43.1266	2.2477	2.7778	0.1745	
14.6958	43.3097	2.267	2.7778	0.1745	
14.4849	43.4905	2.2853	2.7778	0.1658	
14.2723	43.6693	2.3027	2.7778	0.1571	
14.0582	43.8462	2.3191	2.7778	0.1484	
13.8427	44.0215	2.3346	2.7778	0.1396	
13.626	44.1953	2.3491	2.7778	0.1309	
13.4084	44.3679	2.3626	2.7778	0.1222	
13.1899	44.5394	2.3752	2.7778	0.1134	
12.9707	44.71	2.3868	2.7778	0.1047	
12.7511	44.8801	2.3975	2.7778	0.096	
12.5311	45.0497	2.4072	2.7778	0.0873	
12.3109	45.2191	2.4159	2.7778	0.0785	
12.0908	45.3885	2.4236	2.7778	0.0698	
11.8708	45.5582	2.4304	2.7778	0.0611	
11.6512	45.7282	2.4362	2.7778	0.0524	
11.432	45.8989	2.4411	2.7778	0.0436	
11.2136	46.0704	2.4449	2.7778	0.0349	
10.9959	46.243	2.4479	2.7778	0.0262	
10.7793	46.4169	2.4498	2.7778	0.0175	
10.5638	46.5922	2.4508	2.7778	0.0087	
10.3497	46.7692	2.4508	2.7778	0.0	
10.1588	46.9271	2.4508	2.4778	0.0	
9.9909	47.0659	2.4508	2.1778	0.0	
9.8462	47.1855	2.4508	1.8778	0.0	
9.7246	47.286	2.4508	1.5778	0.0	
9.6261	47.3675	2.4508	1.2778	0.0	
9.5508	47.4298	2.4508	0.9778	0.0	
9.4985	47.4729	2.4508	0.6778	0.0	
9.4694	47.497	2.4508	0.3778	0.0	
9.4634	47.502	2.4508	0.0778	0.0	
9.4634	47.502	2.4508	0.0	0.0	
9.4481	47.5148	2.4507	0.2	-0.0087	
9.4177	47.5409	2.4504	0.4	-0.0175	
9.3725	47.5803	2.4498	0.6	-0.0262	
9.3127	47.6335	2.4487	0.8	-0.0349	
9.2386	47.7006	2.4469	1.0	-0.0436	
9.1506	47.7822	2.4444	1.2	-0.0524	
9.049	47.8784	2.441	1.4	-0.0611	
8.9341	47.9899	2.4365	1.6	-0.0698	
8.8066	48.1169	2.4309	1.8	-0.0785	
8.667	48.2601	2.4239	2.0	-0.0873	
8.5365	48.3982	2.4166	1.9	-0.096	
8.415	48.531	2.4091	1.8	-0.1047	
8.3023	48.6583	2.4014	1.7	-0.1134	
8.1982	48.7798	2.3936	1.6	-0.1222	
8.1025	48.8953	2.3858	1.5	-0.1309	
8.0149	49.0045	2.378	1.4	-0.1396	
7.9354	49.1073	2.3703	1.3	-0.1484	
7.8635	49.2034	2.3628	1.2	-0.1571	
7.799	49.2925	2.3555	1.1	-0.1658	
7.7417	49.3745	2.3486	1.0	-0.1745	
7.7133	49.4157	2.3451	0.5	-0.1745	
7.7133	49.4157	2.3451	0.0	-0.1745	
7.7133	49.4157	2.3451	0.0	-0.1745	
7.7133	49.4157	2.3451	0.0	-0.1745	
7.7133	49.4157	2.3451	0.0	-0.1745	
7.7133	49.4157	2.3451	0.0	-0.1745	
7.7133	49.4157	2.3451	0.0	-0.1745	
7.7133	49.4157	2.3451	0.0	-0.1745	
7.7133	49.4157	2.3451	0.0	-0.1745	
7.7133	49.4157	2.3451	0.0	-0.1745	
7.7133	49.4157	2.3451	0.0	-0.1745	
7.7133	49.4157	2.3451	0.0	-0.1745	
7.7133	49.4157	2.3451	0.0	-0.1745	
7.7133	49.4157	2.3451	0.0	-0.1745	
7.7133	49.4157	2.3451	0.0	-0.1745	
7.7133	49.4157	2.3451	0.0	-0.1745	
7.7133	49.4157	2.3451	0.0	-0.1745	
7.7133	49.4157	2.3451	0.0	-0.1745	
7.7133	49.4157	2.3451	0.0	-0.1745	
7.7133	49.4157	2.3451	0.0	-0.1745	
-1
