58.0	44.0	-3.141592653589793	0.0	-0.17453292519943295	8.0	7.0	-3.141592653589793	1.3888888888888888	0.0	5
14.9994	40.9344	-1.571	0.6556	-0.0087	
14.9981	40.8589	-1.5716	0.7556	-0.0175	
14.9958	40.7734	-1.5724	0.8556	-0.0262	
14.9923	40.6779	-1.5738	0.9556	-0.0349	
14.9874	40.5724	-1.5756	1.0556	-0.0436	
14.9808	40.4571	-1.578	1.1556	-0.0524	
14.9722	40.3318	-1.5811	1.2556	-0.0611	
14.9613	40.1967	-1.5849	1.3556	-0.0698	
14.9479	40.0518	-1.5895	1.4556	-0.0785	
14.9314	39.8971	-1.5949	1.5556	-0.0873	
14.9108	39.7127	-1.6014	1.8556	-0.0873	
14.8855	39.4986	-1.6089	2.1556	-0.0873	
14.8548	39.255	-1.6174	2.4556	-0.0873	
14.818	38.9819	-1.627	2.7556	-0.0873	
14.7783	38.707	-1.6367	2.7778	-0.0873	
14.7359	38.4324	-1.6464	2.7778	-0.0873	
14.6908	38.1583	-1.6561	2.7778	-0.0873	
14.6431	37.8847	-1.6658	2.7778	-0.0873	
14.5928	37.6115	-1.6755	2.7778	-0.0873	
14.5398	37.3388	-1.6851	2.7778	-0.0873	
14.4842	37.0667	-1.6948	2.7778	-0.0873	
14.4259	36.7951	-1.7045	2.7778	-0.0873	
14.3651	36.5241	-1.7142	2.7778	-0.0873	
14.3016	36.2536	-1.7239	2.7778	-0.0873	
14.2354	35.9838	-1.7336	2.7778	-0.0873	
14.1667	35.7147	-1.7432	2.7778	-0.0873	
14.0954	35.4462	-1.7529	2.7778	-0.0873	
14.0214	35.1785	-1.7626	2.7778	-0.0873	
13.9449	34.9115	-1.7723	2.7778	-0.0873	
13.8658	34.6452	-1.782	2.7778	-0.0873	
13.7865	34.379	-1.7907	2.7778	-0.0785	
13.7071	34.1128	-1.7984	2.7778	-0.0698	
13.628	33.8465	-1.8052	2.7778	-0.0611	
13.5494	33.5801	-1.811	2.7778	-0.0524	
13.4716	33.3134	-1.8159	2.7778	-0.0436	
13.3949	33.0464	-1.8198	2.7778	-0.0349	
13.3194	32.7791	-1.8227	2.7778	-0.0262	
13.2455	32.5114	-1.8246	2.7778	-0.0175	
13.1734	32.2431	-1.8256	2.7778	-0.0087	
13.1034	31.9743	-1.8256	2.7778	0.0	
13.0334	31.7055	-1.8256	2.7778	0.0	
12.9634	31.4367	-1.8256	2.7778	0.0	
12.8933	31.1679	-1.8256	2.7778	0.0	
12.8233	30.899	-1.8256	2.7778	0.0	
12.7533	30.6302	-1.8256	2.7778	0.0	
12.6833	30.3614	-1.8256	2.7778	0.0	
12.6133	30.0926	-1.8256	2.7778	0.0	
12.5433	29.8238	-1.8256	2.7778	0.0	
12.4733	29.555	-1.8256	2.7778	0.0	
12.4033	29.2862	-1.8256	2.7778	0.0	
12.3413	29.0566	-1.8264	2.3778	-0.0087	
12.288	28.8662	-1.8278	1.9778	-0.0175	
12.2439	28.7147	-1.8294	1.5778	-0.0262	
12.2098	28.6019	-1.8311	1.1778	-0.0349	
12.1865	28.5277	-1.8324	0.7778	-0.0436	
12.1749	28.4918	-1.8332	0.3778	-0.0524	
12.1749	28.4918	-1.8332	0.0	-0.0611	
12.1749	28.4918	-1.8332	0.0	-0.0698	
12.1749	28.4918	-1.8332	0.0	-0.0785	
12.1749	28.4918	-1.8332	0.0	-0.0873	
12.1749	28.4918	-1.8332	0.0	-0.096	
12.1749	28.4918	-1.8332	0.0	-0.1047	
12.1749	28.4918	-1.8332	0.0	-0.1134	
12.1749	28.4918	-1.8332	0.0	-0.1222	
12.1749	28.4918	-1.8332	0.0	-0.1309	
12.1749	28.4918	-1.8332	0.0	-0.1396	
12.1749	28.4918	-1.8332	0.0	-0.1484	
12.1749	28.4918	-1.8332	0.0	-0.1571	
12.1749	28.4918	-1.8332	0.0	-0.1658	
12.1749	28.4918	-1.8332	0.0	-0.1745	
12.1663	28.4737	-1.8347	0.2	-0.1833	
12.1486	28.4378	-1.8378	0.4	-0.192	
12.1216	28.3843	-1.8425	0.6	-0.2007	
12.0846	28.3134	-1.8492	0.8	-0.2094	
12.0369	28.2254	-1.8578	1.0	-0.2182	
11.9779	28.1209	-1.8686	1.2	-0.2269	
11.9067	28.0004	-1.8817	1.4	-0.2356	
11.8224	27.8644	-1.8972	1.6	-0.2443	
11.7238	27.7138	-1.9152	1.8	-0.2531	
11.6099	27.5494	-1.9359	2.0	-0.2618	
11.4708	27.3539	-1.96	2.4	-0.2531	
11.3063	27.13	-1.9868	2.7778	-0.2443	
11.1379	26.9091	-2.0128	2.7778	-0.2356	
10.9656	26.6912	-2.0378	2.7778	-0.2269	
10.7898	26.4761	-2.0618	2.7778	-0.2182	
10.6108	26.2638	-2.0849	2.7778	-0.2094	
10.4287	26.054	-2.1071	2.7778	-0.2007	
10.2438	25.8467	-2.1283	2.7778	-0.192	
10.0564	25.6417	-2.1485	2.7778	-0.1833	
9.8666	25.4389	-2.1678	2.7778	-0.1745	
9.7063	25.277	-2.1844	2.2778	-0.1833	
9.5781	25.1538	-2.198	1.7778	-0.192	
9.484	25.0674	-2.2082	1.2778	-0.2007	
9.4257	25.0159	-2.2147	0.7778	-0.2094	
9.4046	24.9978	-2.2171	0.2778	-0.2182	
9.4046	24.9978	-2.2171	0.0	-0.2269	
9.4046	24.9978	-2.2171	0.0	-0.2356	
9.4046	24.9978	-2.2171	0.0	-0.2443	
9.4046	24.9978	-2.2171	0.0	-0.2531	
9.4046	24.9978	-2.2171	0.0	-0.2618	
9.4046	24.9978	-2.2171	0.0	-0.2618	
9.4046	24.9978	-2.2171	0.0	-0.2618	
9.4046	24.9978	-2.2171	0.0	-0.2618	
9.4046	24.9978	-2.2171	0.0	-0.2618	
9.4046	24.9978	-2.2171	0.0	-0.2618	
9.4046	24.9978	-2.2171	0.0	-0.2618	
9.4046	24.9978	-2.2171	0.0	-0.2618	
9.4046	24.9978	-2.2171	0.0	-0.2618	
9.4046	24.9978	-2.2171	0.0	-0.2618	
9.4046	24.9978	-2.2171	0.0	-0.2618	
9.4046	24.9978	-2.2171	0.0	-0.2531	
9.4046	24.9978	-2.2171	0.0	-0.2443	
9.4046	24.9978	-2.2171	0.0	-0.2356	
9.4046	24.9978	-2.2171	0.0	-0.2269	
9.4046	24.9978	-2.2171	0.0	-0.2182	
9.4046	24.9978	-2.2171	0.0	-0.2094	
9.4046	24.9978	-2.2171	0.0	-0.2007	
9.4046	24.9978	-2.2171	0.0	-0.192	
9.4046	24.9978	-2.2171	0.0	-0.1833	
9.4046	24.9978	-2.2171	0.0	-0.1745	
9.4046	24.9978	-2.2171	0.0	-0.1658	
9.4046	24.9978	-2.2171	0.0	-0.1571	
9.4046	24.9978	-2.2171	0.0	-0.1484	
9.4046	24.9978	-2.2171	0.0	-0.1396	
9.4046	24.9978	-2.2171	0.0	-0.1309	
9.4046	24.9978	-2.2171	0.0	-0.1222	
9.4046	24.9978	-2.2171	0.0	-0.1134	
9.4046	24.9978	-2.2171	0.0	-0.1047	
9.4046	24.9978	-2.2171	0.0	-0.096	
9.4046	24.9978	-2.2171	0.0	-0.0873	
9.3914	24.9828	-2.2177	0.2	-0.0785	
9.3651	24.9527	-2.2188	0.4	-0.0698	
9.326	24.9071	-2.2203	0.6	-0.0611	
9.2744	24.8461	-2.2219	0.8	-0.0524	
9.2103	24.7692	-2.2237	1.0	-0.0436	
9.1342	24.6765	-2.2254	1.2	-0.0349	
9.0461	24.5677	-2.2268	1.4	-0.0262	
8.9463	24.4427	-2.228	1.6	-0.0175	
8.8351	24.3011	-2.2286	1.8	-0.0087	
8.7128	24.1428	-2.2286	2.0	0.0	
8.6211	24.0241	-2.2286	1.5	0.0	
8.5599	23.945	-2.2286	1.0	0.0	
8.5294	23.9054	-2.2286	0.5	0.0	
8.5294	23.9054	-2.2286	0.0	0.0	
8.5294	23.9054	-2.2286	0.0	0.0	
8.5294	23.9054	-2.2286	0.0	0.0	
8.5294	23.9054	-2.2286	0.0	0.0	
8.5294	23.9054	-2.2286	0.0	0.0	
8.5294	23.9054	-2.2286	0.0	0.0	
8.5294	23.9054	-2.2286	0.0	0.0	
8.5294	23.9054	-2.2286	0.0	0.0087	
8.5294	23.9054	-2.2286	0.0	0.0175	
8.5294	23.9054	-2.2286	0.0	0.0262	
8.5294	23.9054	-2.2286	0.0	0.0349	
8.5294	23.9054	-2.2286	0.0	0.0436	
8.5294	23.9054	-2.2286	0.0	0.0524	
8.5294	23.9054	-2.2286	0.0	0.0611	
8.5294	23.9054	-2.2286	0.0	0.0698	
8.5294	23.9054	-2.2286	0.0	0.0785	
8.5294	23.9054	-2.2286	0.0	0.0873	
8.5186	23.8886	-2.2279	0.2	0.0873	
8.497	23.8549	-2.2265	0.4	0.0873	
8.4647	23.8044	-2.2244	0.6	0.0873	
8.4218	23.7368	-2.2216	0.8	0.0873	
8.3684	23.6523	-2.2181	1.0	0.0873	
8.3046	23.5506	-2.2139	1.2	0.0873	
8.2307	23.4317	-2.2091	1.4	0.0873	
8.147	23.2954	-2.2035	1.6	0.0873	
8.0536	23.1415	-2.1972	1.8	0.0873	
7.9509	22.9699	-2.1902	2.0	0.0873	
7.8748	22.8406	-2.185	1.5	0.0873	
7.8245	22.7542	-2.1815	1.0	0.0873	
7.7995	22.7109	-2.1798	0.5	0.0873	
7.7995	22.7109	-2.1798	0.0	0.0873	
7.7995	22.7109	-2.1798	0.0	0.0873	
7.7995	22.7109	-2.1798	0.0	0.0873	
7.7995	22.7109	-2.1798	0.0	0.0873	
7.7995	22.7109	-2.1798	0.0	0.0873	
7.7995	22.7109	-2.1798	0.0	0.0873	
7.7995	22.7109	-2.1798	0.0	0.0873	
7.7742	22.6678	-2.1782	0.5	0.0785	
7.723	22.5819	-2.1754	1.0	0.0698	
7.6454	22.4535	-2.1717	1.5	0.0611	
7.5411	22.2828	-2.1676	2.0	0.0524	
7.4098	22.0701	-2.1632	2.5	0.0436	
7.2628	21.8344	-2.1593	2.7778	0.0349	
7.1147	21.5994	-2.1564	2.7778	0.0262	
6.9653	21.3653	-2.1545	2.7778	0.0175	
6.8142	21.1321	-2.1535	2.7778	0.0087	
6.6614	20.9002	-2.1535	2.7778	0.0	
6.5065	20.6696	-2.1545	2.7778	-0.0087	
6.3494	20.4405	-2.1564	2.7778	-0.0175	
6.1898	20.2131	-2.1593	2.7778	-0.0262	
6.0277	19.9876	-2.1632	2.7778	-0.0349	
5.8627	19.7642	-2.168	2.7778	-0.0436	
5.6946	19.543	-2.1739	2.7778	-0.0524	
5.5234	19.3242	-2.1806	2.7778	-0.0611	
5.3488	19.1082	-2.1884	2.7778	-0.0698	
5.1707	18.895	-2.1971	2.7778	-0.0785	
4.9889	18.685	-2.2068	2.7778	-0.0873	
4.8366	18.5156	-2.2155	2.2778	-0.096	
4.7155	18.3854	-2.223	1.7778	-0.1047	
4.627	18.2933	-2.2287	1.2778	-0.1134	
4.5723	18.238	-2.2325	0.7778	-0.1222	
4.5525	18.2185	-2.234	0.2778	-0.1309	
4.5525	18.2185	-2.234	0.0	-0.1396	
4.5525	18.2185	-2.234	0.0	-0.1484	
4.5525	18.2185	-2.234	0.0	-0.1571	
4.5525	18.2185	-2.234	0.0	-0.1658	
4.5525	18.2185	-2.234	0.0	-0.1745	
4.5525	18.2185	-2.234	0.0	-0.1745	
4.5525	18.2185	-2.234	0.0	-0.1745	
4.5525	18.2185	-2.234	0.0	-0.1745	
4.5525	18.2185	-2.234	0.0	-0.1745	
4.5525	18.2185	-2.234	0.0	-0.1745	
4.5525	18.2185	-2.234	0.0	-0.1745	
4.5525	18.2185	-2.234	0.0	-0.1745	
4.5525	18.2185	-2.234	0.0	-0.1745	
4.5525	18.2185	-2.234	0.0	-0.1745	
4.5525	18.2185	-2.234	0.0	-0.1745	
4.523	18.1915	-2.2366	0.4	-0.1658	
4.4644	18.1371	-2.2416	0.8	-0.1571	
4.3767	18.0552	-2.2487	1.2	-0.1484	
4.26	17.9457	-2.2576	1.6	-0.1396	
4.114	17.8089	-2.2681	2.0	-0.1309	
8	19	3.1416	2.4	-0.1222	
7.724	19.0314	3.129	2.7778	-0.1134	
7.4481	19.064	3.1174	2.7778	-0.1047	
7.1724	19.0973	3.1068	2.7778	-0.096	
6.8967	19.1311	3.0971	2.7778	-0.0873	
6.6216	19.17	3.0864	2.7778	-0.096	
6.3474	19.2142	3.0748	2.7778	-0.1047	
6.0741	19.264	3.0622	2.7778	-0.1134	
5.8019	19.3196	3.0487	2.7778	-0.1222	
5.5311	19.3813	3.0342	2.7778	-0.1309	
5.2618	19.4492	3.0187	2.7778	-0.1396	
4.9941	19.5236	3.0023	2.7778	-0.1484	
4.7285	19.6047	2.9849	2.7778	-0.1571	
4.465	19.6928	2.9666	2.7778	-0.1658	
4.204	19.7879	2.9473	2.7778	-0.1745	
89	29	4.7124	2.7778	-0.1745	
88.9518	28.7264	-1.5901	2.7778	-0.1745	
88.8983	28.4539	-1.6094	2.7778	-0.1745	
88.8395	28.1824	-1.6287	2.7778	-0.1745	
88.7755	27.9121	-1.648	2.7778	-0.1745	
88.7063	27.643	-1.6673	2.7778	-0.1745	
88.632	27.3754	-1.6866	2.7778	-0.1745	
88.5525	27.1092	-1.7059	2.7778	-0.1745	
88.4678	26.8447	-1.7252	2.7778	-0.1745	
88.3781	26.5818	-1.7444	2.7778	-0.1745	
88.2833	26.3207	-1.7637	2.7778	-0.1745	
88.1836	26.0614	-1.783	2.7778	-0.1745	
88.0788	25.8042	-1.8023	2.7778	-0.1745	
87.9691	25.549	-1.8216	2.7778	-0.1745	
87.8544	25.296	-1.8409	2.7778	-0.1745	
87.7349	25.0452	-1.8602	2.7778	-0.1745	
87.6106	24.7968	-1.8795	2.7778	-0.1745	
87.4816	24.5508	-1.8988	2.7778	-0.1745	
87.3478	24.3074	-1.9181	2.7778	-0.1745	
87.2093	24.0666	-1.9374	2.7778	-0.1745	
87.0734	23.8359	-1.9551	2.6778	-0.1658	
86.9406	23.6149	-1.9712	2.5778	-0.1571	
86.8113	23.4035	-1.9858	2.4778	-0.1484	
86.6861	23.2014	-1.9991	2.3778	-0.1396	
86.5653	23.0083	-2.011	2.2778	-0.1309	
86.4491	22.8241	-2.0216	2.1778	-0.1222	
86.338	22.6485	-2.031	2.0778	-0.1134	
86.2321	22.4815	-2.0393	1.9778	-0.1047	
86.1317	22.3228	-2.0465	1.8778	-0.096	
86.0368	22.1725	-2.0527	1.7778	-0.0873	
85.9518	22.0396	-2.0582	1.5778	-0.0873	
85.8769	21.9239	-2.063	1.3778	-0.0873	
85.8124	21.8254	-2.0671	1.1778	-0.0873	
85.7585	21.7438	-2.0705	0.9778	-0.0873	
85.7155	21.679	-2.0732	0.7778	-0.0873	
85.6833	21.631	-2.0752	0.5778	-0.0873	
85.6623	21.5996	-2.0765	0.3778	-0.0873	
85.6523	21.5849	-2.0771	0.1778	-0.0873	
85.6523	21.5849	-2.0771	0.0	-0.0873	
85.6523	21.5849	-2.0771	0.0	-0.0873	
85.6523	21.5849	-2.0771	0.0	-0.096	
85.6523	21.5849	-2.0771	0.0	-0.1047	
85.6523	21.5849	-2.0771	0.0	-0.1134	
85.6523	21.5849	-2.0771	0.0	-0.1222	
85.6523	21.5849	-2.0771	0.0	-0.1309	
85.6523	21.5849	-2.0771	0.0	-0.1396	
85.6523	21.5849	-2.0771	0.0	-0.1484	
85.6523	21.5849	-2.0771	0.0	-0.1571	
85.6523	21.5849	-2.0771	0.0	-0.1658	
85.6523	21.5849	-2.0771	0.0	-0.1745	
85.646	21.5772	-2.0779	0.1	-0.1833	
85.6331	21.5619	-2.0794	0.2	-0.192	
85.6136	21.5391	-2.0818	0.3	-0.2007	
85.5872	21.509	-2.0851	0.4	-0.2094	
85.5537	21.4719	-2.0894	0.5	-0.2182	
85.513	21.4278	-2.0948	0.6	-0.2269	
85.4648	21.377	-2.1014	0.7	-0.2356	
85.4088	21.3199	-2.1091	0.8	-0.2443	
85.3448	21.2566	-2.1181	0.9	-0.2531	
85.2725	21.1876	-2.1285	1.0	-0.2618	
85.1988	21.12	-2.1392	1.0	-0.2705	
85.1238	21.0538	-2.1502	1.0	-0.2793	
85.0475	20.9891	-2.1616	1.0	-0.288	
84.97	20.926	-2.1733	1.0	-0.2967	
84.8912	20.8644	-2.1853	1.0	-0.3054	
84.8111	20.8046	-2.1977	1.0	-0.3142	
84.7298	20.7464	-2.2103	1.0	-0.3229	
84.6472	20.6899	-2.2234	1.0	-0.3316	
84.5635	20.6353	-2.2367	1.0	-0.3403	
84.4785	20.5825	-2.2504	1.0	-0.3491	
84.4096	20.5419	-2.2616	0.8	-0.3578	
84.3574	20.5124	-2.2702	0.6	-0.3665	
84.3222	20.4934	-2.2761	0.4	-0.3752	
84.3045	20.4841	-2.2791	0.2	-0.384	
84.3045	20.4841	-2.2791	0.0	-0.3927	
84.3045	20.4841	-2.2791	0.0	-0.4014	
84.3045	20.4841	-2.2791	0.0	-0.4102	
84.3045	20.4841	-2.2791	0.0	-0.4189	
84.3045	20.4841	-2.2791	0.0	-0.4276	
84.3045	20.4841	-2.2791	0.0	-0.4363	
84.3045	20.4841	-2.2791	0.0	-0.4363	
84.3045	20.4841	-2.2791	0.0	-0.4363	
84.3045	20.4841	-2.2791	0.0	-0.4363	
84.3045	20.4841	-2.2791	0.0	-0.4363	
84.3045	20.4841	-2.2791	0.0	-0.4363	
84.3045	20.4841	-2.2791	0.0	-0.4363	
84.3045	20.4841	-2.2791	0.0	-0.4363	
84.3045	20.4841	-2.2791	0.0	-0.4363	
84.3045	20.4841	-2.2791	0.0	-0.4363	
84.3045	20.4841	-2.2791	0.0	-0.4363	
84.3045	20.4841	-2.2791	0.0	-0.4363	
84.3045	20.4841	-2.2791	0.0	-0.4363	
84.3045	20.4841	-2.2791	0.0	-0.4363	
84.3045	20.4841	-2.2791	0.0	-0.4363	
84.3045	20.4841	-2.2791	0.0	-0.4363	
84.3045	20.4841	-2.2791	0.0	-0.4363	
84.3045	20.4841	-2.2791	0.0	-0.4363	
84.3045	20.4841	-2.2791	0.0	-0.4363	
84.3045	20.4841	-2.2791	0.0	-0.4363	
84.3045	20.4841	-2.2791	0.0	-0.4363	
84.2954	20.48	-2.2808	0.1	-0.4363	
84.2771	20.4717	-2.2841	0.2	-0.4363	
84.2497	20.4595	-2.2892	0.3	-0.4363	
84.2132	20.4433	-2.296	0.4	-0.4363	
84.1673	20.4234	-2.3044	0.5	-0.4363	
84.112	20.4	-2.3146	0.6	-0.4363	
84.0473	20.3733	-2.3264	0.7	-0.4363	
83.973	20.3437	-2.3399	0.8	-0.4363	
83.8889	20.3116	-2.3551	0.9	-0.4363	
83.795	20.2773	-2.372	1.0	-0.4363	
83.7099	20.2478	-2.3873	0.9	-0.4363	
83.634	20.2228	-2.4008	0.8	-0.4363	
83.5672	20.2018	-2.4126	0.7	-0.4363	
83.5097	20.1845	-2.4228	0.6	-0.4363	
83.4617	20.1706	-2.4312	0.5	-0.4363	
83.4232	20.1598	-2.438	0.4	-0.4363	
83.3943	20.1518	-2.443	0.3	-0.4363	
83.375	20.1467	-2.4464	0.2	-0.4363	
83.3653	20.1441	-2.4481	0.1	-0.4363	
83.3653	20.1441	-2.4481	0.0	-0.4363	
83.3653	20.1441	-2.4481	0.0	-0.4276	
83.3653	20.1441	-2.4481	0.0	-0.4189	
83.3653	20.1441	-2.4481	0.0	-0.4102	
83.3653	20.1441	-2.4481	0.0	-0.4014	
83.3653	20.1441	-2.4481	0.0	-0.3927	
83.3653	20.1441	-2.4481	0.0	-0.384	
83.3653	20.1441	-2.4481	0.0	-0.3752	
83.3653	20.1441	-2.4481	0.0	-0.3665	
83.3653	20.1441	-2.4481	0.0	-0.3578	
83.3653	20.1441	-2.4481	0.0	-0.3491	
83.3653	20.1441	-2.4481	0.0	-0.3491	
83.3653	20.1441	-2.4481	0.0	-0.3491	
83.3653	20.1441	-2.4481	0.0	-0.3491	
83.3653	20.1441	-2.4481	0.0	-0.3491	
83.3653	20.1441	-2.4481	0.0	-0.3491	
83.3653	20.1441	-2.4481	0.0	-0.3491	
83.3653	20.1441	-2.4481	0.0	-0.3491	
83.3653	20.1441	-2.4481	0.0	-0.3491	
83.3653	20.1441	-2.4481	0.0	-0.3491	
83.3653	20.1441	-2.4481	0.0	-0.3491	
83.3465	20.1372	-2.4508	0.2	-0.3403	
83.3091	20.1231	-2.456	0.4	-0.3316	
83.253	20.1018	-2.4636	0.6	-0.3229	
83.1782	20.0734	-2.4735	0.8	-0.3142	
83.0847	20.0379	-2.4855	1.0	-0.3054	
82.9724	19.9957	-2.4996	1.2	-0.2967	
82.8411	19.9472	-2.5155	1.4	-0.288	
82.6906	19.8928	-2.5331	1.6	-0.2793	
82.5208	19.8331	-2.5523	1.8	-0.2705	
82.3314	19.7688	-2.5731	2.0	-0.2618	
82.0931	19.6933	-2.5989	2.5	-0.2618	
81.8262	19.6163	-2.6277	2.7778	-0.2618	
81.5572	19.547	-2.6565	2.7778	-0.2618	
81.2863	19.4855	-2.6852	2.7778	-0.2618	
81.0138	19.4317	-2.714	2.7778	-0.2618	
80.7398	19.3859	-2.7427	2.7778	-0.2618	
80.4646	19.3479	-2.7715	2.7778	-0.2618	
80.1885	19.3179	-2.8002	2.7778	-0.2618	
79.9116	19.2958	-2.829	2.7778	-0.2618	
79.6342	19.2817	-2.8578	2.7778	-0.2618	
-1
29	39	1.5708	0.4556	0.0	
29.0	39.0356	1.5708	0.3556	0.0	
29.0	39.0611	1.5708	0.2556	0.0	
29.0	39.0767	1.5708	0.1556	0.0	
29.0	39.0822	1.5708	0.0556	0.0	
29.0	39.0822	1.5708	0.0	0.0	
29.0	39.0822	1.5708	0.0	0.0	
29.0	39.0822	1.5708	0.0	0.0	
29.0	39.0822	1.5708	0.0	0.0	
29.0	39.0822	1.5708	0.0	0.0	
28.9997	39.1222	1.5709	0.4	0.0087	
28.9982	39.2022	1.5715	0.8	0.0175	
28.995	39.3222	1.5728	1.2	0.0262	
28.9891	39.4821	1.575	1.6	0.0349	
28.9796	39.6818	1.5785	2.0	0.0436	
28.9652	39.9214	1.5835	2.4	0.0524	
28.9447	40.1984	1.5903	2.7778	0.0611	
28.9199	40.4751	1.598	2.7778	0.0698	
28.8906	40.7513	1.6067	2.7778	0.0785	
28.8564	41.027	1.6164	2.7778	0.0873	
28.821	41.2924	1.6258	2.6778	0.0873	
28.7844	41.5476	1.6348	2.5778	0.0873	
28.7471	41.7925	1.6434	2.4778	0.0873	
28.7092	42.0273	1.6517	2.3778	0.0873	
28.6711	42.2518	1.6596	2.2778	0.0873	
28.633	42.4662	1.6672	2.1778	0.0873	
28.595	42.6705	1.6745	2.0778	0.0873	
28.5575	42.8647	1.6814	1.9778	0.0873	
28.5206	43.0488	1.6879	1.8778	0.0873	
28.4845	43.2229	1.6941	1.7778	0.0873	
28.4569	43.3579	1.6984	1.3778	0.0785	
28.4377	43.4538	1.7012	0.9778	0.0698	
28.4267	43.5105	1.7026	0.5778	0.0611	
28.4234	43.528	1.7029	0.1778	0.0524	
28.4234	43.528	1.7029	0.0	0.0436	
28.4234	43.528	1.7029	0.0	0.0349	
28.4234	43.528	1.7029	0.0	0.0262	
28.4234	43.528	1.7029	0.0	0.0175	
28.4234	43.528	1.7029	0.0	0.0087	
28.4234	43.528	1.7029	0.0	0.0	
28.4234	43.528	1.7029	0.0	0.0087	
28.4234	43.528	1.7029	0.0	0.0175	
28.4234	43.528	1.7029	0.0	0.0262	
28.4234	43.528	1.7029	0.0	0.0349	
28.4234	43.528	1.7029	0.0	0.0436	
28.4234	43.528	1.7029	0.0	0.0524	
28.4234	43.528	1.7029	0.0	0.0611	
28.4234	43.528	1.7029	0.0	0.0698	
28.4234	43.528	1.7029	0.0	0.0785	
28.4234	43.528	1.7029	0.0	0.0873	
28.4167	43.5572	1.7041	0.3	0.096	
28.4025	43.6155	1.7066	0.6	0.1047	
28.3803	43.7027	1.7107	0.9	0.1134	
28.3492	43.8186	1.7165	1.2	0.1222	
28.3083	43.9629	1.7244	1.5	0.1309	
28.2562	44.1352	1.7344	1.8	0.1396	
28.1918	44.3351	1.7468	2.1	0.1484	
28.1133	44.5619	1.7618	2.4	0.1571	
28.019	44.8149	1.7796	2.7	0.1658	
27.9151	45.0725	1.7989	2.7778	0.1745	
27.804	45.3271	1.8192	2.7778	0.1833	
27.6856	45.5784	1.8404	2.7778	0.192	
27.5598	45.826	1.8625	2.7778	0.2007	
27.4263	46.0696	1.8856	2.7778	0.2094	
27.2852	46.3089	1.9097	2.7778	0.2182	
27.1362	46.5434	1.9347	2.7778	0.2269	
26.9795	46.7727	1.9606	2.7778	0.2356	
26.8149	46.9965	1.9875	2.7778	0.2443	
26.6425	47.2143	2.0153	2.7778	0.2531	
26.4622	47.4256	2.0441	2.7778	0.2618	
26.2777	47.6332	2.0719	2.7778	0.2531	
26.0893	47.8374	2.0988	2.7778	0.2443	
25.8972	48.038	2.1247	2.7778	0.2356	
25.7017	48.2353	2.1497	2.7778	0.2269	
25.503	48.4294	2.1737	2.7778	0.2182	
25.3014	48.6205	2.1968	2.7778	0.2094	
25.097	48.8086	2.219	2.7778	0.2007	
24.8901	48.994	2.2402	2.7778	0.192	
24.6809	49.1768	2.2605	2.7778	0.1833	
24.4697	49.3571	2.2797	2.7778	0.1745	
24.2565	49.5352	2.2981	2.7778	0.1658	
24.0416	49.7113	2.3155	2.7778	0.1571	
23.8253	49.8854	2.3319	2.7778	0.1484	
23.6075	50.058	2.3474	2.7778	0.1396	
23.3887	50.229	2.3619	2.7778	0.1309	
23.1688	50.3988	2.3754	2.7778	0.1222	
22.9481	50.5675	2.388	2.7778	0.1134	
22.7268	50.7354	2.3996	2.7778	0.1047	
22.505	50.9026	2.4102	2.7778	0.096	
22.2829	51.0694	2.4199	2.7778	0.0873	
22.0577	51.2321	2.4306	2.7778	0.096	
21.8295	51.3903	2.4422	2.7778	0.1047	
21.598	51.544	2.4548	2.7778	0.1134	
21.3634	51.6926	2.4683	2.7778	0.1222	
21.1255	51.836	2.4828	2.7778	0.1309	
20.8843	51.9738	2.4983	2.7778	0.1396	
20.6398	52.1057	2.5147	2.7778	0.1484	
20.3922	52.2315	2.5321	2.7778	0.1571	
20.1413	52.3508	2.5504	2.7778	0.1658	
19.8873	52.4632	2.5697	2.7778	0.1745	
19.668	52.5552	2.5862	2.3778	0.1745	
19.4844	52.6287	2.6	1.9778	0.1745	
19.3371	52.6853	2.6109	1.5778	0.1745	
19.2268	52.7264	2.6191	1.1778	0.1745	
19.1536	52.7529	2.6245	0.7778	0.1745	
19.1181	52.7656	2.6271	0.3778	0.1745	
19.1181	52.7656	2.6271	0.0	0.1745	
19.1181	52.7656	2.6271	0.0	0.1745	
19.1181	52.7656	2.6271	0.0	0.1745	
19.1181	52.7656	2.6271	0.0	0.1745	
19.1181	52.7656	2.6271	0.0	0.1745	
19.1181	52.7656	2.6271	0.0	0.1745	
19.1181	52.7656	2.6271	0.0	0.1745	
19.1181	52.7656	2.6271	0.0	0.1745	
19.1181	52.7656	2.6271	0.0	0.1745	
19.1181	52.7656	2.6271	0.0	0.1745	
19.1181	52.7656	2.6271	0.0	0.1745	
19.1181	52.7656	2.6271	0.0	0.1745	
19.1181	52.7656	2.6271	0.0	0.1745	
19.1181	52.7656	2.6271	0.0	0.1745	
19.1181	52.7656	2.6271	0.0	0.1745	
19.1181	52.7656	2.6271	0.0	0.1745	
19.1181	52.7656	2.6271	0.0	0.1745	
19.1181	52.7656	2.6271	0.0	0.1745	
19.1181	52.7656	2.6271	0.0	0.1745	
19.1181	52.7656	2.6271	0.0	0.1745	
19.1181	52.7656	2.6271	0.0	0.1745	
19.1181	52.7656	2.6271	0.0	0.1745	
19.1181	52.7656	2.6271	0.0	0.1745	
19.1181	52.7656	2.6271	0.0	0.1745	
19.1181	52.7656	2.6271	0.0	0.1745	
19.1181	52.7656	2.6271	0.0	0.1745	
19.1181	52.7656	2.6271	0.0	0.1745	
19.1181	52.7656	2.6271	0.0	0.1745	
19.1181	52.7656	2.6271	0.0	0.1745	
19.1181	52.7656	2.6271	0.0	0.1745	
19.1181	52.7656	2.6271	0.0	0.1745	
19.1181	52.7656	2.6271	0.0	0.1745	
19.1181	52.7656	2.6271	0.0	0.1745	
19.1181	52.7656	2.6271	0.0	0.1745	
19.1181	52.7656	2.6271	0.0	0.1745	
19.1181	52.7656	2.6271	0.0	0.1745	
19.1181	52.7656	2.6271	0.0	0.1745	
19.1181	52.7656	2.6271	0.0	0.1745	
19.1181	52.7656	2.6271	0.0	0.1745	
19.1181	52.7656	2.6271	0.0	0.1745	
19.1181	52.7656	2.6271	0.0	0.1745	
19.1181	52.7656	2.6271	0.0	0.1745	
19.1181	52.7656	2.6271	0.0	0.1745	
19.1181	52.7656	2.6271	0.0	0.1745	
19.1181	52.7656	2.6271	0.0	0.1658	
19.1181	52.7656	2.6271	0.0	0.1571	
19.1181	52.7656	2.6271	0.0	0.1484	
19.1181	52.7656	2.6271	0.0	0.1396	
19.1181	52.7656	2.6271	0.0	0.1309	
19.1181	52.7656	2.6271	0.0	0.1222	
19.1181	52.7656	2.6271	0.0	0.1134	
19.1181	52.7656	2.6271	0.0	0.1047	
19.1181	52.7656	2.6271	0.0	0.096	
19.1181	52.7656	2.6271	0.0	0.0873	
19.0818	52.7825	2.6284	0.4	0.0785	
19.0095	52.8168	2.6306	0.8	0.0698	
18.9015	52.869	2.6335	1.2	0.0611	
18.7578	52.9394	2.6369	1.6	0.0524	
18.5787	53.0284	2.6404	2.0	0.0436	
18.3643	53.1363	2.6437	2.4	0.0349	
18.1169	53.2625	2.6466	2.7778	0.0262	
17.8701	53.3902	2.6486	2.7778	0.0175	
17.6243	53.5195	2.6496	2.7778	0.0087	
17.3795	53.6507	2.6496	2.7778	0.0	
17.1347	53.7819	2.6496	2.7778	0.0	
16.8898	53.9132	2.6496	2.7778	0.0	
16.645	54.0444	2.6496	2.7778	0.0	
16.4002	54.1756	2.6496	2.7778	0.0	
16.1554	54.3069	2.6496	2.7778	0.0	
15.9105	54.4381	2.6496	2.7778	0.0	
15.6657	54.5693	2.6496	2.7778	0.0	
15.4209	54.7005	2.6496	2.7778	0.0	
15.1761	54.8318	2.6496	2.7778	0.0	
14.9312	54.963	2.6496	2.7778	0.0	
14.7314	55.0724	2.6488	2.2778	-0.0087	
14.5763	55.1592	2.6475	1.7778	-0.0175	
14.4654	55.2227	2.6462	1.2778	-0.0262	
14.3983	55.262	2.6451	0.7778	-0.0349	
14.3745	55.2763	2.6446	0.2778	-0.0436	
14.3745	55.2763	2.6446	0.0	-0.0524	
14.3745	55.2763	2.6446	0.0	-0.0611	
14.3745	55.2763	2.6446	0.0	-0.0698	
14.3745	55.2763	2.6446	0.0	-0.0785	
14.3745	55.2763	2.6446	0.0	-0.0873	
14.3745	55.2763	2.6446	0.0	-0.096	
14.3745	55.2763	2.6446	0.0	-0.1047	
14.3745	55.2763	2.6446	0.0	-0.1134	
14.3745	55.2763	2.6446	0.0	-0.1222	
14.3745	55.2763	2.6446	0.0	-0.1309	
14.3745	55.2763	2.6446	0.0	-0.1396	
14.3745	55.2763	2.6446	0.0	-0.1484	
14.3745	55.2763	2.6446	0.0	-0.1571	
14.3745	55.2763	2.6446	0.0	-0.1658	
14.3745	55.2763	2.6446	0.0	-0.1745	
14.3356	55.3078	2.641	0.5	-0.1833	
14.2587	55.3716	2.6333	1.0	-0.192	
14.1448	55.4693	2.6214	1.5	-0.2007	
13.9957	55.6026	2.6047	2.0	-0.2094	
13.8137	55.7739	2.5831	2.5	-0.2182	
13.6173	55.9704	2.5581	2.7778	-0.2269	
86	49	1.5708	2.7778	-0.2356	
86.0672	49.2695	1.5439	2.7778	-0.2443	
86.144	49.5365	1.5161	2.7778	-0.2531	
86.2304	49.8005	1.4873	2.7778	-0.2618	
86.3188	50.0532	1.4605	2.6778	-0.2531	
86.4083	50.295	1.4356	2.5778	-0.2443	
86.4981	50.5259	1.4124	2.4778	-0.2356	
86.5875	50.7463	1.391	2.3778	-0.2269	
86.6758	50.9562	1.3713	2.2778	-0.2182	
86.7623	51.1561	1.3532	2.1778	-0.2094	
86.8467	51.3459	1.3366	2.0778	-0.2007	
86.9285	51.526	1.3215	1.9778	-0.192	
87.0072	51.6965	1.3079	1.8778	-0.1833	
87.0825	51.8575	1.2955	1.7778	-0.1745	
87.1598	52.0176	1.2832	1.7778	-0.1745	
87.2391	52.1768	1.2708	1.7778	-0.1745	
87.3203	52.3349	1.2585	1.7778	-0.1745	
87.4035	52.492	1.2461	1.7778	-0.1745	
87.4886	52.6481	1.2338	1.7778	-0.1745	
87.5756	52.8031	1.2214	1.7778	-0.1745	
87.6646	52.957	1.2091	1.7778	-0.1745	
87.7554	53.1099	1.1967	1.7778	-0.1745	
87.8481	53.2616	1.1844	1.7778	-0.1745	
87.9427	53.4121	1.172	1.7778	-0.1745	
88.0554	53.5866	1.1576	2.0778	-0.1745	
88.1872	53.7845	1.1411	2.3778	-0.1745	
88.3394	54.0049	1.1225	2.6778	-0.1745	
88.5014	54.2305	1.1032	2.7778	-0.1745	
88.6678	54.4529	1.0839	2.7778	-0.1745	
88.8384	54.6721	1.0646	2.7778	-0.1745	
89.0132	54.888	1.0453	2.7778	-0.1745	
89.1922	55.1005	1.026	2.7778	-0.1745	
89.3752	55.3094	1.0067	2.7778	-0.1745	
89.5622	55.5148	0.9874	2.7778	-0.1745	
89.7514	55.7182	0.9691	2.7778	-0.1658	
89.9425	55.9198	0.9517	2.7778	-0.1571	
50	37	0.0	2.7778	-0.1484	
50.2751	36.9613	-0.0155	2.7778	-0.1396	
50.5499	36.9208	-0.03	2.7778	-0.1309	
50.8245	36.8787	-0.0435	2.7778	-0.1222	
51.0988	36.8353	-0.0561	2.7778	-0.1134	
51.373	36.7908	-0.0677	2.7778	-0.1047	
51.6471	36.7456	-0.0783	2.7778	-0.096	
51.9211	36.6998	-0.088	2.7778	-0.0873	
52.1847	36.6531	-0.0974	2.6778	-0.0873	
52.4381	36.6057	-0.1064	2.5778	-0.0873	
52.6813	36.5581	-0.115	2.4778	-0.0873	
52.9142	36.5103	-0.1233	2.3778	-0.0873	
53.1369	36.4627	-0.1312	2.2778	-0.0873	
53.3495	36.4155	-0.1388	2.1778	-0.0873	
53.552	36.3689	-0.1461	2.0778	-0.0873	
53.7445	36.3232	-0.153	1.9778	-0.0873	
53.9268	36.2785	-0.1595	1.8778	-0.0873	
54.0992	36.2351	-0.1657	1.7778	-0.0873	
54.3203	36.18	-0.1728	2.2778	-0.0785	
54.5899	36.1133	-0.1806	2.7778	-0.0698	
54.8596	36.0468	-0.1874	2.7778	-0.0611	
55.1294	35.9808	-0.1932	2.7778	-0.0524	
55.3995	35.9156	-0.198	2.7778	-0.0436	
55.6697	35.8515	-0.2019	2.7778	-0.0349	
55.9403	35.7887	-0.2048	2.7778	-0.0262	
56.2113	35.7275	-0.2068	2.7778	-0.0175	
56.4826	35.6681	-0.2077	2.7778	-0.0087	
56.7544	35.6108	-0.2077	2.7778	0.0	
57.0071	35.5598	-0.2068	2.5778	0.0087	
57.2406	35.5151	-0.2052	2.3778	0.0175	
57.4549	35.4763	-0.2029	2.1778	0.0262	
57.6499	35.4432	-0.2001	1.9778	0.0349	
57.8255	35.4155	-0.197	1.7778	0.0436	
57.9817	35.3928	-0.1937	1.5778	0.0524	
58.1182	35.3745	-0.1904	1.3778	0.0611	
58.2351	35.3604	-0.1871	1.1778	0.0698	
58.3323	35.3498	-0.184	0.9778	0.0785	
58.4098	35.3423	-0.1813	0.7778	0.0873	
58.4573	35.3374	-0.1798	0.4778	0.0785	
58.475	35.3354	-0.1793	0.1778	0.0698	
58.475	35.3354	-0.1793	0.0	0.0611	
58.475	35.3354	-0.1793	0.0	0.0524	
58.475	35.3354	-0.1793	0.0	0.0436	
58.475	35.3354	-0.1793	0.0	0.0349	
58.475	35.3354	-0.1793	0.0	0.0262	
58.475	35.3354	-0.1793	0.0	0.0175	
58.475	35.3354	-0.1793	0.0	0.0087	
58.475	35.3354	-0.1793	0.0	0.0	
58.5143	35.3283	-0.1793	0.4	0.0	
58.593	35.314	-0.1793	0.8	0.0	
58.7111	35.2926	-0.1793	1.2	0.0	
58.8685	35.2641	-0.1793	1.6	0.0	
59.0653	35.2284	-0.1793	2.0	0.0	
59.3015	35.1856	-0.1793	2.4	0.0	
59.5748	35.1361	-0.1793	2.7778	0.0	
59.8481	35.0865	-0.1793	2.7778	0.0	
60.1215	35.037	-0.1793	2.7778	0.0	
60.3948	34.9874	-0.1793	2.7778	0.0	
60.6288	34.945	-0.1793	2.3778	0.0	
60.8234	34.9098	-0.1793	1.9778	0.0	
60.9786	34.8816	-0.1793	1.5778	0.0	
61.0945	34.8606	-0.1793	1.1778	0.0	
61.171	34.8467	-0.1793	0.7778	0.0	
61.2082	34.84	-0.1793	0.3778	0.0	
61.2082	34.84	-0.1793	0.0	0.0	
61.2082	34.84	-0.1793	0.0	0.0	
61.2082	34.84	-0.1793	0.0	0.0	
61.2082	34.84	-0.1793	0.0	0.0	
61.2575	34.8315	-0.1791	0.5	0.0087	
61.3562	34.8154	-0.1784	1.0	0.0175	
61.5044	34.7927	-0.1769	1.5	0.0262	
61.7024	34.7644	-0.1741	2.0	0.0349	
61.9503	34.7319	-0.1697	2.5	0.0436	
62.2262	34.6993	-0.1639	2.7778	0.0524	
62.5025	34.6708	-0.1571	2.7778	0.0611	
62.7792	34.6466	-0.1494	2.7778	0.0698	
63.0563	34.627	-0.1406	2.7778	0.0785	
63.3337	34.6121	-0.131	2.7778	0.0873	
63.5713	34.6038	-0.1218	2.3778	0.096	
63.769	34.6004	-0.1136	1.9778	0.1047	
63.9268	34.6004	-0.1064	1.5778	0.1134	
64.0446	34.6023	-0.1007	1.1778	0.1222	
64.1223	34.6046	-0.0966	0.7778	0.1309	
64.1601	34.6062	-0.0945	0.3778	0.1396	
64.1601	34.6062	-0.0945	0.0	0.1484	
64.1601	34.6062	-0.0945	0.0	0.1571	
64.1601	34.6062	-0.0945	0.0	0.1658	
64.1601	34.6062	-0.0945	0.0	0.1745	
64.1601	34.6062	-0.0945	0.0	0.1833	
64.1601	34.6062	-0.0945	0.0	0.192	
64.1601	34.6062	-0.0945	0.0	0.2007	
64.1601	34.6062	-0.0945	0.0	0.2094	
64.1601	34.6062	-0.0945	0.0	0.2182	
64.1601	34.6062	-0.0945	0.0	0.2269	
64.1601	34.6062	-0.0945	0.0	0.2356	
64.1601	34.6062	-0.0945	0.0	0.2443	
64.1601	34.6062	-0.0945	0.0	0.2531	
64.1601	34.6062	-0.0945	0.0	0.2618	
64.1601	34.6062	-0.0945	0.0	0.2618	
64.1601	34.6062	-0.0945	0.0	0.2618	
64.1601	34.6062	-0.0945	0.0	0.2618	
64.1601	34.6062	-0.0945	0.0	0.2618	
64.1601	34.6062	-0.0945	0.0	0.2618	
64.1601	34.6062	-0.0945	0.0	0.2618	
64.1601	34.6062	-0.0945	0.0	0.2618	
64.1601	34.6062	-0.0945	0.0	0.2618	
64.1601	34.6062	-0.0945	0.0	0.2618	
64.1601	34.6062	-0.0945	0.0	0.2618	
64.1601	34.6062	-0.0945	0.0	0.2531	
64.1601	34.6062	-0.0945	0.0	0.2443	
64.1601	34.6062	-0.0945	0.0	0.2356	
64.1601	34.6062	-0.0945	0.0	0.2269	
64.1601	34.6062	-0.0945	0.0	0.2182	
64.1601	34.6062	-0.0945	0.0	0.2094	
64.1601	34.6062	-0.0945	0.0	0.2007	
64.1601	34.6062	-0.0945	0.0	0.192	
64.1601	34.6062	-0.0945	0.0	0.1833	
64.1601	34.6062	-0.0945	0.0	0.1745	
64.18	34.608	-0.0931	0.2	0.1833	
64.2198	34.612	-0.09	0.4	0.192	
64.2794	34.6186	-0.0852	0.6	0.2007	
64.3588	34.6285	-0.0786	0.8	0.2094	
64.4578	34.6424	-0.0699	1.0	0.2182	
64.5764	34.6612	-0.0591	1.2	0.2269	
64.7142	34.6858	-0.046	1.4	0.2356	
64.8711	34.7173	-0.0306	1.6	0.2443	
65.0466	34.757	-0.0125	1.8	0.2531	
65.2404	34.8063	0.0082	2.0	0.2618	
65.385	34.8463	0.0237	1.5	0.2618	
65.481	34.8745	0.0341	1.0	0.2618	
65.5288	34.8891	0.0392	0.5	0.2618	
65.5288	34.8891	0.0392	0.0	0.2618	
65.5288	34.8891	0.0392	0.0	0.2618	
65.5288	34.8891	0.0392	0.0	0.2618	
65.5288	34.8891	0.0392	0.0	0.2618	
65.5288	34.8891	0.0392	0.0	0.2618	
65.5288	34.8891	0.0392	0.0	0.2618	
65.5288	34.8891	0.0392	0.0	0.2618	
65.5288	34.8891	0.0392	0.0	0.2618	
65.5288	34.8891	0.0392	0.0	0.2618	
65.5288	34.8891	0.0392	0.0	0.2618	
65.5288	34.8891	0.0392	0.0	0.2618	
65.5288	34.8891	0.0392	0.0	0.2618	
65.5288	34.8891	0.0392	0.0	0.2618	
65.5288	34.8891	0.0392	0.0	0.2618	
65.5288	34.8891	0.0392	0.0	0.2618	
65.5288	34.8891	0.0392	0.0	0.2618	
65.5288	34.8891	0.0392	0.0	0.2618	
65.5764	34.9043	0.0446	0.5	0.2705	
65.6712	34.9362	0.0556	1.0	0.2793	
65.8124	34.9867	0.0726	1.5	0.288	
65.999	35.0589	0.096	2.0	0.2967	
66.2291	35.1566	0.1261	2.5	0.3054	
66.4804	35.275	0.1604	2.7778	0.3142	
66.7263	35.404	0.1957	2.7778	0.3229	
66.9664	35.5438	0.2319	2.7778	0.3316	
67.1999	35.6942	0.269	2.7778	0.3403	
67.4263	35.8552	0.307	2.7778	0.3491	
-1
41.0006	42.0633	1.5706	0.6333	-0.0087	
41.0013	42.1067	1.5703	0.4333	-0.0175	
41.0019	42.13	1.57	0.2333	-0.0262	
41.0021	42.1333	1.57	0.0333	-0.0349	
41.0021	42.1333	1.57	0.0	-0.0436	
41.0021	42.1333	1.57	0.0	-0.0524	
41.0021	42.1333	1.57	0.0	-0.0611	
41.0021	42.1333	1.57	0.0	-0.0698	
41.0021	42.1333	1.57	0.0	-0.0785	
41.0021	42.1333	1.57	0.0	-0.0873	
41.006	42.1832	1.5684	0.5	-0.0785	
41.0132	42.2829	1.5656	1.0	-0.0698	
41.0232	42.4326	1.562	1.5	-0.0611	
41.0354	42.6322	1.5578	2.0	-0.0524	
41.0496	42.8818	1.5534	2.5	-0.0436	
41.0641	43.1592	1.5495	2.7778	-0.0349	
41.0773	43.4367	1.5466	2.7778	-0.0262	
41.0888	43.7142	1.5447	2.7778	-0.0175	
41.0985	43.9918	1.5437	2.7778	-0.0087	
41.106	44.2695	1.5437	2.7778	0.0	
41.1111	44.5472	1.5447	2.7778	0.0087	
41.1135	44.825	1.5466	2.7778	0.0175	
41.113	45.1028	1.5495	2.7778	0.0262	
41.1092	45.3805	1.5534	2.7778	0.0349	
41.1019	45.6582	1.5583	2.7778	0.0436	
41.0908	45.9357	1.5641	2.7778	0.0524	
41.0757	46.2131	1.5709	2.7778	0.0611	
41.0563	46.4902	1.5786	2.7778	0.0698	
41.0324	46.767	1.5873	2.7778	0.0785	
41.0036	47.0432	1.597	2.7778	0.0873	
40.9721	47.3192	1.6067	2.7778	0.0873	
40.938	47.5949	1.6164	2.7778	0.0873	
40.9012	47.8702	1.6261	2.7778	0.0873	
40.8618	48.1452	1.6357	2.7778	0.0873	
40.8196	48.4198	1.6454	2.7778	0.0873	
40.7749	48.6939	1.6551	2.7778	0.0873	
40.7274	48.9676	1.6648	2.7778	0.0873	
40.6774	49.2408	1.6745	2.7778	0.0873	
40.6246	49.5136	1.6842	2.7778	0.0873	
40.5693	49.7858	1.6938	2.7778	0.0873	
40.5111	50.0471	1.7041	2.6778	0.096	
40.4503	50.2977	1.7149	2.5778	0.1047	
40.3872	50.5373	1.7261	2.4778	0.1134	
40.3221	50.7659	1.7377	2.3778	0.1222	
40.2552	50.9837	1.7496	2.2778	0.1309	
40.1871	51.1905	1.7617	2.1778	0.1396	
40.1179	51.3865	1.774	2.0778	0.1484	
40.0482	51.5715	1.7864	1.9778	0.1571	
39.9783	51.7458	1.7988	1.8778	0.1658	
39.9086	51.9094	1.8111	1.7778	0.1745	
39.8187	52.1186	1.8262	2.2778	0.1658	
39.7073	52.3731	1.8435	2.7778	0.1571	
39.5938	52.6266	1.86	2.7778	0.1484	
39.4783	52.8793	1.8754	2.7778	0.1396	
39.3611	53.1311	1.8899	2.7778	0.1309	
39.2424	53.3823	1.9035	2.7778	0.1222	
39.1226	53.6329	1.9161	2.7778	0.1134	
39.0018	53.883	1.9277	2.7778	0.1047	
38.8802	54.1328	1.9383	2.7778	0.096	
38.7582	54.3823	1.948	2.7778	0.0873	
38.6359	54.6317	1.9567	2.7778	0.0785	
38.5137	54.8812	1.9645	2.7778	0.0698	
38.3917	55.1307	1.9713	2.7778	0.0611	
38.2701	55.3805	1.9771	2.7778	0.0524	
38.1493	55.6306	1.9819	2.7778	0.0436	
38.0295	55.8812	1.9858	2.7778	0.0349	
7	17	1.5708	2.7778	0.0262	
6.9952	17.2777	1.5727	2.7778	0.0175	
6.9922	17.5555	1.5737	2.7778	0.0087	
6.9914	17.8333	1.5737	2.7778	0.0	
6.9929	18.091	1.5728	2.5778	-0.0087	
6.9966	18.3288	1.5711	2.3778	-0.0175	
7.0022	18.5465	1.5689	2.1778	-0.0262	
7.0095	18.7441	1.5661	1.9778	-0.0349	
7.0181	18.9217	1.563	1.7778	-0.0436	
7.0275	19.0792	1.5597	1.5778	-0.0524	
7.0375	19.2166	1.5563	1.3778	-0.0611	
7.0474	19.334	1.553	1.1778	-0.0698	
7.0568	19.4313	1.55	0.9778	-0.0785	
7.0652	19.5086	1.5473	0.7778	-0.0873	
7.0751	19.6059	1.5442	0.9778	-0.0785	
7.0865	19.7231	1.5409	1.1778	-0.0698	
7.099	19.8603	1.5375	1.3778	-0.0611	
7.1125	20.0175	1.5342	1.5778	-0.0524	
7.1267	20.1948	1.5311	1.7778	-0.0436	
7.1415	20.392	1.5284	1.9778	-0.0349	
7.1564	20.6092	1.5261	2.1778	-0.0262	
7.1711	20.8466	1.5244	2.3778	-0.0175	
7.1853	21.1039	1.5235	2.5778	-0.0087	
7.1985	21.3814	1.5235	2.7778	0.0	
7.2112	21.6088	1.5227	2.2778	-0.0087	
7.2228	21.7862	1.5215	1.7778	-0.0175	
7.2325	21.9136	1.5202	1.2778	-0.0262	
7.2391	21.9911	1.5191	0.7778	-0.0349	
7.2418	22.0188	1.5186	0.2778	-0.0436	
7.2418	22.0188	1.5186	0.0	-0.0524	
7.2418	22.0188	1.5186	0.0	-0.0611	
7.2418	22.0188	1.5186	0.0	-0.0698	
7.2418	22.0188	1.5186	0.0	-0.0785	
7.2418	22.0188	1.5186	0.0	-0.0873	
7.2477	22.0584	1.5171	0.4	-0.096	
7.2603	22.1374	1.5137	0.8	-0.1047	
7.2807	22.2556	1.5083	1.2	-0.1134	
7.31	22.4129	1.5005	1.6	-0.1222	
7.35	22.6089	1.49	2.0	-0.1309	
7.4025	22.8431	1.4767	2.4	-0.1396	
7.4692	23.1127	1.4603	2.7778	-0.1484	
7.5426	23.3806	1.4429	2.7778	-0.1571	
7.623	23.6465	1.4245	2.7778	-0.1658	
7.7106	23.9101	1.4052	2.7778	-0.1745	
7.8056	24.1711	1.385	2.7778	-0.1833	
7.908	24.4293	1.3638	2.7778	-0.192	
8.0182	24.6843	1.3416	2.7778	-0.2007	
8.1361	24.9358	1.3185	2.7778	-0.2094	
8.262	25.1834	1.2945	2.7778	-0.2182	
8.396	25.4268	1.2695	2.7778	-0.2269	
8.5381	25.6655	1.2436	2.7778	-0.2356	
8.6883	25.8991	1.2167	2.7778	-0.2443	
8.8468	26.1272	1.1889	2.7778	-0.2531	
9.0135	26.3494	1.1601	2.7778	-0.2618	
9.1847	26.5682	1.1323	2.7778	-0.2531	
9.36	26.7837	1.1054	2.7778	-0.2443	
9.5391	26.996	1.0795	2.7778	-0.2356	
9.7219	27.2051	1.0545	2.7778	-0.2269	
9.9081	27.4113	1.0304	2.7778	-0.2182	
10.0974	27.6146	1.0073	2.7778	-0.2094	
10.2896	27.8151	0.9852	2.7778	-0.2007	
10.4845	28.013	0.964	2.7778	-0.192	
10.6818	28.2085	0.9437	2.7778	-0.1833	
10.8814	28.4018	0.9244	2.7778	-0.1745	
11.0863	28.5893	0.9042	2.7778	-0.1833	
11.2966	28.7708	0.883	2.7778	-0.192	
11.5122	28.946	0.8608	2.7778	-0.2007	
11.7331	29.1144	0.8377	2.7778	-0.2094	
11.9592	29.2757	0.8137	2.7778	-0.2182	
12.1905	29.4295	0.7887	2.7778	-0.2269	
12.4269	29.5754	0.7627	2.7778	-0.2356	
12.6682	29.713	0.7359	2.7778	-0.2443	
12.9142	29.842	0.708	2.7778	-0.2531	
13.1648	29.9619	0.6793	2.7778	-0.2618	
13.4187	30.0745	0.6505	2.7778	-0.2618	
13.6758	30.1798	0.6218	2.7778	-0.2618	
13.9357	30.2776	0.593	2.7778	-0.2618	
14.1984	30.368	0.5643	2.7778	-0.2618	
14.4636	30.4507	0.5355	2.7778	-0.2618	
14.731	30.5258	0.5067	2.7778	-0.2618	
15.0005	30.5931	0.478	2.7778	-0.2618	
15.2718	30.6527	0.4492	2.7778	-0.2618	
15.5447	30.7045	0.4205	2.7778	-0.2618	
15.819	30.7484	0.3917	2.7778	-0.2618	
16.0941	30.7868	0.3639	2.7778	-0.2531	
16.3699	30.8199	0.337	2.7778	-0.2443	
16.6463	30.848	0.3111	2.7778	-0.2356	
16.9231	30.8713	0.2861	2.7778	-0.2269	
17.2002	30.8902	0.262	2.7778	-0.2182	
17.4776	30.9048	0.2389	2.7778	-0.2094	
17.7552	30.9154	0.2168	2.7778	-0.2007	
18.0329	30.9223	0.1956	2.7778	-0.192	
18.3106	30.9257	0.1753	2.7778	-0.1833	
18.5884	30.9259	0.156	2.7778	-0.1745	
18.8361	30.9192	0.138	2.4778	-0.1833	
19.0536	30.9074	0.1213	2.1778	-0.192	
19.2407	30.8925	0.1064	1.8778	-0.2007	
19.3977	30.8763	0.0932	1.5778	-0.2094	
19.5245	30.8604	0.0822	1.2778	-0.2182	
19.6212	30.8463	0.0734	0.9778	-0.2269	
19.6881	30.8353	0.0671	0.6778	-0.2356	
19.7253	30.8287	0.0634	0.3778	-0.2443	
19.7329	30.8272	0.0626	0.0778	-0.2531	
19.7329	30.8272	0.0626	0.0	-0.2618	
19.782	30.8177	0.0576	0.5	-0.2531	
19.8803	30.7992	0.0479	1.0	-0.2443	
20.0277	30.7712	0.0339	1.5	-0.2356	
20.2239	30.7328	0.0159	2.0	-0.2269	
20.4688	30.6826	-0.0057	2.5	-0.2182	
20.7402	30.6233	-0.0288	2.7778	-0.2094	
21.0107	30.5601	-0.051	2.7778	-0.2007	
21.2803	30.4933	-0.0722	2.7778	-0.192	
21.5491	30.4231	-0.0924	2.7778	-0.1833	
21.817	30.3498	-0.1117	2.7778	-0.1745	
22.0842	30.2737	-0.13	2.7778	-0.1658	
22.3506	30.1951	-0.1474	2.7778	-0.1571	
22.6163	30.1141	-0.1638	2.7778	-0.1484	
22.8814	30.0311	-0.1793	2.7778	-0.1396	
23.1459	29.9463	-0.1938	2.7778	-0.1309	
23.4099	29.86	-0.2074	2.7778	-0.1222	
23.6735	29.7724	-0.2199	2.7778	-0.1134	
23.9368	29.6838	-0.2315	2.7778	-0.1047	
24.1998	29.5944	-0.2422	2.7778	-0.096	
24.4627	29.5046	-0.2519	2.7778	-0.0873	
24.6781	29.4307	-0.259	2.2778	-0.0785	
24.8464	29.3732	-0.264	1.7778	-0.0698	
24.9675	29.3324	-0.2671	1.2778	-0.0611	
25.0413	29.308	-0.2687	0.7778	-0.0524	
25.0677	29.2995	-0.2692	0.2778	-0.0436	
25.0677	29.2995	-0.2692	0.0	-0.0349	
25.0677	29.2995	-0.2692	0.0	-0.0262	
25.0677	29.2995	-0.2692	0.0	-0.0175	
25.0677	29.2995	-0.2692	0.0	-0.0087	
25.0677	29.2995	-0.2692	0.0	0.0	
25.0677	29.2995	-0.2692	0.0	0.0087	
25.0677	29.2995	-0.2692	0.0	0.0175	
25.0677	29.2995	-0.2692	0.0	0.0262	
25.0677	29.2995	-0.2692	0.0	0.0349	
25.0677	29.2995	-0.2692	0.0	0.0436	
25.0677	29.2995	-0.2692	0.0	0.0524	
25.0677	29.2995	-0.2692	0.0	0.0611	
25.0677	29.2995	-0.2692	0.0	0.0698	
25.0677	29.2995	-0.2692	0.0	0.0785	
25.0677	29.2995	-0.2692	0.0	0.0873	
25.0776	29.2977	-0.2688	0.1	0.096	
25.0973	29.2945	-0.268	0.2	0.1047	
25.127	29.2899	-0.2666	0.3	0.1134	
25.1665	29.2841	-0.2647	0.4	0.1222	
25.2161	29.2774	-0.2621	0.5	0.1309	
25.2756	29.2701	-0.2587	0.6	0.1396	
25.3452	29.2624	-0.2546	0.7	0.1484	
25.4248	29.2546	-0.2496	0.8	0.1571	
25.5145	29.2471	-0.2437	0.9	0.1658	
25.6143	29.2402	-0.2367	1.0	0.1745	
25.7641	29.2321	-0.2258	1.5	0.1833	
25.964	29.2254	-0.2105	2.0	0.192	
26.2139	29.2229	-0.1906	2.5	0.2007	
26.4917	29.2282	-0.1675	2.7778	0.2094	
26.7691	29.2422	-0.1434	2.7778	0.2182	
27.0459	29.2654	-0.1184	2.7778	0.2269	
27.3218	29.2979	-0.0925	2.7778	0.2356	
27.5964	29.3399	-0.0656	2.7778	0.2443	
27.8693	29.3917	-0.0378	2.7778	0.2531	
28.1401	29.4534	-0.009	2.7778	0.2618	
28.3897	29.5178	0.0177	2.5778	0.2618	
28.6182	29.5834	0.0423	2.3778	0.2618	
28.826	29.6486	0.0648	2.1778	0.2618	
29.0134	29.7121	0.0853	1.9778	0.2618	
29.1805	29.7726	0.1037	1.7778	0.2618	
29.3279	29.8289	0.12	1.5778	0.2618	
29.4557	29.8803	0.1343	1.3778	0.2618	
29.5644	29.9257	0.1465	1.1778	0.2618	
29.6541	29.9645	0.1566	0.9778	0.2618	
29.7252	29.9962	0.1647	0.7778	0.2618	
29.7504	30.0079	0.1676	0.2778	0.2705	
29.7504	30.0079	0.1676	0.0	0.2793	
29.7504	30.0079	0.1676	0.0	0.288	
29.7504	30.0079	0.1676	0.0	0.2967	
29.7504	30.0079	0.1676	0.0	0.3054	
29.7504	30.0079	0.1676	0.0	0.3142	
29.7504	30.0079	0.1676	0.0	0.3229	
29.7504	30.0079	0.1676	0.0	0.3316	
29.7504	30.0079	0.1676	0.0	0.3403	
29.7504	30.0079	0.1676	0.0	0.3491	
29.7591	30.0128	0.169	0.1	0.3491	
29.7765	30.0227	0.1717	0.2	0.3491	
29.8025	30.0376	0.1758	0.3	0.3491	
29.8371	30.0577	0.1813	0.4	0.3491	
29.8802	30.083	0.1882	0.5	0.3491	
29.9318	30.1137	0.1964	0.6	0.3491	
29.9916	30.15	0.2059	0.7	0.3491	
30.0596	30.1921	0.2169	0.8	0.3491	
30.1356	30.2404	0.2292	0.9	0.3491	
30.2193	30.2951	0.2429	1.0	0.3491	
30.2945	30.3446	0.2549	0.9	0.3403	
30.3611	30.3889	0.2653	0.8	0.3316	
30.4193	30.4277	0.2742	0.7	0.3229	
30.4692	30.461	0.2816	0.6	0.3142	
30.5109	30.4887	0.2876	0.5	0.3054	
30.5442	30.5108	0.2923	0.4	0.2967	
30.5693	30.5273	0.2957	0.3	0.288	
30.5861	30.5381	0.2979	0.2	0.2793	
30.5945	30.5435	0.299	0.1	0.2705	
30.5945	30.5435	0.299	0.0	0.2618	
30.6286	30.5645	0.303	0.4	0.2531	
30.6969	30.6061	0.3107	0.8	0.2443	
30.7994	30.6685	0.3219	1.2	0.2356	
30.9359	30.7519	0.3363	1.6	0.2269	
31.106	30.8572	0.3536	2.0	0.2182	
31.3089	30.9854	0.3736	2.4	0.2094	
31.5421	31.1363	0.3958	2.7778	0.2007	
31.7733	31.2903	0.417	2.7778	0.192	
32.0025	31.4472	0.4372	2.7778	0.1833	
32.2299	31.6067	0.4565	2.7778	0.1745	
32.4542	31.7706	0.4758	2.7778	0.1745	
32.6753	31.9388	0.4951	2.7778	0.1745	
32.8931	32.1112	0.5144	2.7778	0.1745	
33.1075	32.2878	0.5337	2.7778	0.1745	
33.3185	32.4685	0.553	2.7778	0.1745	
33.5259	32.6532	0.5723	2.7778	0.1745	
33.7298	32.8419	0.5916	2.7778	0.1745	
33.9299	33.0345	0.6109	2.7778	0.1745	
34.1264	33.2309	0.6302	2.7778	0.1745	
34.319	33.4311	0.6494	2.7778	0.1745	
34.5077	33.6349	0.6687	2.7778	0.1745	
34.6924	33.8424	0.688	2.7778	0.1745	
34.8731	34.0533	0.7073	2.7778	0.1745	
35.0497	34.2678	0.7266	2.7778	0.1745	
35.2221	34.4855	0.7459	2.7778	0.1745	
35.3903	34.7066	0.7652	2.7778	0.1745	
35.5542	34.9309	0.7845	2.7778	0.1745	
35.7137	35.1583	0.8038	2.7778	0.1745	
35.8688	35.3887	0.8231	2.7778	0.1745	
36.0194	35.6221	0.8424	2.7778	0.1745	
36.1531	35.8425	0.8612	2.5778	0.1833	
36.2708	36.0492	0.8793	2.3778	0.192	
36.3734	36.2412	0.8967	2.1778	0.2007	
36.462	36.418	0.9131	1.9778	0.2094	
36.5377	36.5789	0.9285	1.7778	0.2182	
36.6013	36.7233	0.9427	1.5778	0.2269	
36.654	36.8506	0.9556	1.3778	0.2356	
36.6967	36.9604	0.967	1.1778	0.2443	
36.7303	37.0522	0.9768	0.9778	0.2531	
36.7557	37.1257	0.9848	0.7778	0.2618	
36.7643	37.1521	0.9878	0.2778	0.2705	
36.7643	37.1521	0.9878	0.0	0.2793	
36.7643	37.1521	0.9878	0.0	0.288	
36.7643	37.1521	0.9878	0.0	0.2967	
36.7643	37.1521	0.9878	0.0	0.3054	
36.7643	37.1521	0.9878	0.0	0.3142	
36.7643	37.1521	0.9878	0.0	0.3229	
36.7643	37.1521	0.9878	0.0	0.3316	
36.7643	37.1521	0.9878	0.0	0.3403	
36.7643	37.1521	0.9878	0.0	0.3491	
36.7643	37.1521	0.9878	0.0	0.3403	
36.7643	37.1521	0.9878	0.0	0.3316	
36.7643	37.1521	0.9878	0.0	0.3229	
36.7643	37.1521	0.9878	0.0	0.3142	
36.7643	37.1521	0.9878	0.0	0.3054	
36.7643	37.1521	0.9878	0.0	0.2967	
36.7643	37.1521	0.9878	0.0	0.288	
36.7643	37.1521	0.9878	0.0	0.2793	
36.7643	37.1521	0.9878	0.0	0.2705	
36.7643	37.1521	0.9878	0.0	0.2618	
36.7643	37.1521	0.9878	0.0	0.2705	
36.7643	37.1521	0.9878	0.0	0.2793	
36.7643	37.1521	0.9878	0.0	0.288	
36.7643	37.1521	0.9878	0.0	0.2967	
36.7643	37.1521	0.9878	0.0	0.3054	
36.7643	37.1521	0.9878	0.0	0.3142	
36.7643	37.1521	0.9878	0.0	0.3229	
36.7643	37.1521	0.9878	0.0	0.3316	
36.7643	37.1521	0.9878	0.0	0.3403	
36.7643	37.1521	0.9878	0.0	0.3491	
36.7643	37.1521	0.9878	0.0	0.3403	
36.7643	37.1521	0.9878	0.0	0.3316	
36.7643	37.1521	0.9878	0.0	0.3229	
36.7643	37.1521	0.9878	0.0	0.3142	
36.7643	37.1521	0.9878	0.0	0.3054	
36.7643	37.1521	0.9878	0.0	0.2967	
36.7643	37.1521	0.9878	0.0	0.288	
36.7643	37.1521	0.9878	0.0	0.2793	
36.7643	37.1521	0.9878	0.0	0.2705	
36.7643	37.1521	0.9878	0.0	0.2618	
36.7643	37.1521	0.9878	0.0	0.2531	
36.7643	37.1521	0.9878	0.0	0.2443	
36.7643	37.1521	0.9878	0.0	0.2356	
36.7643	37.1521	0.9878	0.0	0.2269	
36.7643	37.1521	0.9878	0.0	0.2182	
36.7643	37.1521	0.9878	0.0	0.2094	
36.7643	37.1521	0.9878	0.0	0.2007	
36.7643	37.1521	0.9878	0.0	0.192	
36.7643	37.1521	0.9878	0.0	0.1833	
36.7643	37.1521	0.9878	0.0	0.1745	
36.7837	37.1982	0.9915	0.5	0.1833	
36.8215	37.2908	0.9991	1.0	0.192	
36.8759	37.4306	1.011	1.5	0.2007	
36.9445	37.6184	1.0277	2.0	0.2094	
37.0244	37.8553	1.0493	2.5	0.2182	
37.105	38.1212	1.0743	2.7778	0.2269	
37.1766	38.3895	1.1003	2.7778	0.2356	
37.2389	38.6602	1.1271	2.7778	0.2443	
37.2916	38.933	1.155	2.7778	0.2531	
37.3342	39.2075	1.1837	2.7778	0.2618	
37.3713	39.4828	1.2115	2.7778	0.2531	
37.4031	39.7587	1.2384	2.7778	0.2443	
37.43	40.0352	1.2644	2.7778	0.2356	
37.4521	40.3121	1.2893	2.7778	0.2269	
37.4696	40.5893	1.3134	2.7778	0.2182	
37.4829	40.8668	1.3365	2.7778	0.2094	
37.4923	41.1444	1.3587	2.7778	0.2007	
37.4979	41.4221	1.3799	2.7778	0.192	
37.5	41.6999	1.4001	2.7778	0.1833	
37.4989	41.9777	1.4194	2.7778	0.1745	
37.493	42.2354	1.4373	2.5778	0.1745	
37.4832	42.4729	1.4538	2.3778	0.1745	
37.4707	42.6904	1.4689	2.1778	0.1745	
37.4563	42.8876	1.4827	1.9778	0.1745	
37.441	43.0647	1.495	1.7778	0.1745	
37.4254	43.2217	1.506	1.5778	0.1745	
37.4103	43.3587	1.5156	1.3778	0.1745	
37.3963	43.4756	1.5237	1.1778	0.1745	
37.3839	43.5726	1.5305	0.9778	0.1745	
37.3735	43.6497	1.5359	0.7778	0.1745	
37.3613	43.7366	1.542	0.8778	0.1745	
37.3471	43.8334	1.5488	0.9778	0.1745	
37.3307	43.9399	1.5563	1.0778	0.1745	
37.3119	44.0561	1.5645	1.1778	0.1745	
37.2905	44.1821	1.5734	1.2778	0.1745	
37.2663	44.3177	1.5829	1.3778	0.1745	
37.2388	44.463	1.5932	1.4778	0.1745	
37.208	44.6177	1.6042	1.5778	0.1745	
37.1733	44.7818	1.6158	1.6778	0.1745	
37.1346	44.9554	1.6282	1.7778	0.1745	
-1
45.9222	32.0	-3.1416	0.7778	0.0	
45.7944	32.0	-3.1416	1.2778	0.0	
45.6167	32.0	-3.1416	1.7778	0.0	
45.3889	32.0	-3.1416	2.2778	0.0	
45.1111	32.0	-3.1416	2.7778	0.0	
44.8333	32.0	-3.1416	2.7778	0.0	
44.5556	32.0	-3.1416	2.7778	0.0	
44.2778	32.0	-3.1416	2.7778	0.0	
44.0	32.0	-3.1416	2.7778	0.0	
43.7222	32.0	-3.1416	2.7778	0.0	
43.4445	32.0024	3.1406	2.7778	-0.0087	
43.1667	32.0075	3.1387	2.7778	-0.0175	
42.8891	32.0156	3.1358	2.7778	-0.0262	
42.6115	32.0269	3.1319	2.7778	-0.0349	
42.3341	32.0417	3.1271	2.7778	-0.0436	
42.057	32.0603	3.1212	2.7778	-0.0524	
41.7801	32.0829	3.1145	2.7778	-0.0611	
41.5036	32.1098	3.1067	2.7778	-0.0698	
41.2277	32.1412	3.098	2.7778	-0.0785	
40.9523	32.1775	3.0883	2.7778	-0.0873	
40.697	32.2136	3.0793	2.5778	-0.0873	
40.4619	32.249	3.071	2.3778	-0.0873	
40.2468	32.2833	3.0634	2.1778	-0.0873	
40.0517	32.3158	3.0565	1.9778	-0.0873	
39.8766	32.3463	3.0503	1.7778	-0.0873	
39.7213	32.3743	3.0448	1.5778	-0.0873	
39.5859	32.3995	3.04	1.3778	-0.0873	
39.4702	32.4216	3.0359	1.1778	-0.0873	
39.3742	32.4404	3.0325	0.9778	-0.0873	
39.2979	32.4556	3.0298	0.7778	-0.0873	
39.2708	32.4613	3.0287	0.2778	-0.096	
39.2708	32.4613	3.0287	0.0	-0.1047	
39.2708	32.4613	3.0287	0.0	-0.1134	
39.2708	32.4613	3.0287	0.0	-0.1222	
39.2708	32.4613	3.0287	0.0	-0.1309	
39.2708	32.4613	3.0287	0.0	-0.1396	
39.2708	32.4613	3.0287	0.0	-0.1484	
39.2708	32.4613	3.0287	0.0	-0.1571	
39.2708	32.4613	3.0287	0.0	-0.1658	
39.2708	32.4613	3.0287	0.0	-0.1745	
39.2516	32.4671	3.0273	0.2	-0.1833	
39.2135	32.4792	3.0242	0.4	-0.192	
39.1565	32.498	3.0194	0.6	-0.2007	
39.0809	32.524	3.0128	0.8	-0.2094	
38.9868	32.558	3.0041	1.0	-0.2182	
38.8747	32.6008	2.9933	1.2	-0.2269	
38.7449	32.6532	2.9803	1.4	-0.2356	
38.5979	32.7163	2.9648	1.6	-0.2443	
38.4343	32.7914	2.9468	1.8	-0.2531	
38.2547	32.8795	2.9261	2.0	-0.2618	
38.0416	32.9898	2.9012	2.4	-0.2618	
37.7981	33.1235	2.8724	2.7778	-0.2618	
37.5586	33.2642	2.8437	2.7778	-0.2618	
37.3232	33.4116	2.8149	2.7778	-0.2618	
37.0921	33.5658	2.7862	2.7778	-0.2618	
36.8656	33.7266	2.7574	2.7778	-0.2618	
36.6438	33.8938	2.7287	2.7778	-0.2618	
36.4269	34.0673	2.6999	2.7778	-0.2618	
36.215	34.247	2.6711	2.7778	-0.2618	
36.0085	34.4327	2.6424	2.7778	-0.2618	
35.8348	34.5952	2.6186	2.3778	-0.2531	
35.6925	34.7325	2.5994	1.9778	-0.2443	
35.5801	34.8432	2.5847	1.5778	-0.2356	
35.4967	34.9264	2.5741	1.1778	-0.2269	
35.4417	34.9814	2.5674	0.7778	-0.2182	
35.4149	35.0081	2.5642	0.3778	-0.2094	
35.4149	35.0081	2.5642	0.0	-0.2007	
35.4149	35.0081	2.5642	0.0	-0.192	
35.4149	35.0081	2.5642	0.0	-0.1833	
35.4149	35.0081	2.5642	0.0	-0.1745	
35.3784	35.0422	2.5608	0.5	-0.1745	
35.3056	35.1108	2.5538	1.0	-0.1745	
35.1971	35.2144	2.5434	1.5	-0.1745	
35.0539	35.354	2.5295	2.0	-0.1745	
34.8774	35.531	2.5121	2.5	-0.1745	
34.6846	35.731	2.4928	2.7778	-0.1745	
34.4958	35.9347	2.4735	2.7778	-0.1745	
34.3109	36.142	2.4542	2.7778	-0.1745	
34.1301	36.3529	2.435	2.7778	-0.1745	
33.9533	36.5672	2.4157	2.7778	-0.1745	
33.8103	36.7444	2.4006	2.2778	-0.1658	
33.6995	36.8835	2.3895	1.7778	-0.1571	
33.6201	36.9836	2.3819	1.2778	-0.1484	
33.5717	37.0445	2.3776	0.7778	-0.1396	
33.5544	37.0662	2.3762	0.2778	-0.1309	
33.5544	37.0662	2.3762	0.0	-0.1222	
33.5544	37.0662	2.3762	0.0	-0.1134	
33.5544	37.0662	2.3762	0.0	-0.1047	
33.5544	37.0662	2.3762	0.0	-0.096	
33.5544	37.0662	2.3762	0.0	-0.0873	
33.5544	37.0662	2.3762	0.0	-0.0873	
33.5544	37.0662	2.3762	0.0	-0.0873	
33.5544	37.0662	2.3762	0.0	-0.0873	
33.5544	37.0662	2.3762	0.0	-0.0873	
33.5544	37.0662	2.3762	0.0	-0.0873	
33.5544	37.0662	2.3762	0.0	-0.0873	
33.5544	37.0662	2.3762	0.0	-0.0873	
33.5544	37.0662	2.3762	0.0	-0.0873	
33.5544	37.0662	2.3762	0.0	-0.0873	
33.5544	37.0662	2.3762	0.0	-0.0873	
33.5544	37.0662	2.3762	0.0	-0.0873	
33.5544	37.0662	2.3762	0.0	-0.0873	
33.5544	37.0662	2.3762	0.0	-0.0873	
33.5544	37.0662	2.3762	0.0	-0.0873	
33.5544	37.0662	2.3762	0.0	-0.0873	
33.5544	37.0662	2.3762	0.0	-0.0873	
33.5544	37.0662	2.3762	0.0	-0.0873	
33.5544	37.0662	2.3762	0.0	-0.0873	
33.5544	37.0662	2.3762	0.0	-0.0873	
33.5544	37.0662	2.3762	0.0	-0.0873	
33.5544	37.0662	2.3762	0.0	-0.096	
33.5544	37.0662	2.3762	0.0	-0.1047	
33.5544	37.0662	2.3762	0.0	-0.1134	
33.5544	37.0662	2.3762	0.0	-0.1222	
33.5544	37.0662	2.3762	0.0	-0.1309	
33.5544	37.0662	2.3762	0.0	-0.1396	
33.5544	37.0662	2.3762	0.0	-0.1484	
33.5544	37.0662	2.3762	0.0	-0.1571	
33.5544	37.0662	2.3762	0.0	-0.1658	
33.5544	37.0662	2.3762	0.0	-0.1745	
33.5367	37.0904	2.3741	0.3	-0.1745	
33.5014	37.1389	2.3699	0.6	-0.1745	
33.4487	37.2119	2.3637	0.9	-0.1745	
33.3792	37.3097	2.3553	1.2	-0.1745	
33.2933	37.4327	2.3449	1.5	-0.1745	
33.1917	37.5813	2.3324	1.8	-0.1745	
33.0754	37.7561	2.3178	2.1	-0.1745	
32.9453	37.9578	2.3011	2.4	-0.1745	
32.8029	38.1872	2.2824	2.7	-0.1745	
32.6608	38.4259	2.2631	2.7778	-0.1745	
32.5303	38.6597	2.2436	2.6778	-0.1833	
32.411	38.8882	2.2239	2.5778	-0.192	
32.3027	39.1111	2.2041	2.4778	-0.2007	
32.2049	39.3278	2.1844	2.3778	-0.2094	
32.1172	39.538	2.1647	2.2778	-0.2182	
32.0391	39.7413	2.1451	2.1778	-0.2269	
31.97	39.9373	2.1257	2.0778	-0.2356	
31.9096	40.1256	2.1065	1.9778	-0.2443	
31.8572	40.3059	2.0877	1.8778	-0.2531	
31.8124	40.478	2.0693	1.7778	-0.2618	
31.7707	40.6508	2.0509	1.7778	-0.2618	
31.7322	40.8243	2.0325	1.7778	-0.2618	
31.6969	40.9986	2.0141	1.7778	-0.2618	
31.6648	41.1734	1.9957	1.7778	-0.2618	
31.6359	41.3488	1.9773	1.7778	-0.2618	
31.6103	41.5248	1.9589	1.7778	-0.2618	
31.5879	41.7011	1.9405	1.7778	-0.2618	
31.5688	41.8779	1.9221	1.7778	-0.2618	
31.5529	42.0549	1.9037	1.7778	-0.2618	
31.5403	42.2323	1.8853	1.7778	-0.2618	
31.5311	42.4398	1.863	2.0778	-0.2705	
31.528	42.6776	1.8368	2.3778	-0.2793	
31.5339	42.9453	1.8064	2.6778	-0.288	
31.5509	43.2226	1.7739	2.7778	-0.2967	
31.5792	43.4989	1.7405	2.7778	-0.3054	
31.6192	43.7738	1.7062	2.7778	-0.3142	
31.671	44.0467	1.6709	2.7778	-0.3229	
31.7347	44.3171	1.6347	2.7778	-0.3316	
31.8105	44.5843	1.5977	2.7778	-0.3403	
31.8985	44.8478	1.5597	2.7778	-0.3491	
31.9941	45.1086	1.5226	2.7778	-0.3403	
32.0971	45.3666	1.4864	2.7778	-0.3316	
32.2072	45.6216	1.4511	2.7778	-0.3229	
32.3239	45.8737	1.4168	2.7778	-0.3142	
32.4471	46.1226	1.3834	2.7778	-0.3054	
32.5764	46.3685	1.3509	2.7778	-0.2967	
32.7115	46.6112	1.3193	2.7778	-0.288	
32.8521	46.8508	1.2887	2.7778	-0.2793	
32.9979	47.0872	1.259	2.7778	-0.2705	
33.1486	47.3205	1.2303	2.7778	-0.2618	
33.308	47.548	1.2006	2.7778	-0.2705	
33.476	47.7693	1.1699	2.7778	-0.2793	
33.6525	47.9837	1.1384	2.7778	-0.288	
33.8376	48.1909	1.1059	2.7778	-0.2967	
34.031	48.3902	1.0725	2.7778	-0.3054	
34.2327	48.5813	1.0382	2.7778	-0.3142	
34.4424	48.7634	1.0029	2.7778	-0.3229	
34.6599	48.9362	0.9667	2.7778	-0.3316	
34.8849	49.099	0.9296	2.7778	-0.3403	
35.1172	49.2514	0.8916	2.7778	-0.3491	
35.3465	49.3897	0.855	2.6778	-0.3491	
35.572	49.5146	0.8197	2.5778	-0.3491	
35.7929	49.627	0.7858	2.4778	-0.3491	
36.0083	49.7275	0.7533	2.3778	-0.3491	
36.2177	49.8171	0.7221	2.2778	-0.3491	
36.4205	49.8965	0.6923	2.1778	-0.3491	
36.6162	49.9664	0.6639	2.0778	-0.3491	
36.8042	50.0277	0.6369	1.9778	-0.3491	
36.9843	50.081	0.6112	1.8778	-0.3491	
37.156	50.1271	0.5869	1.7778	-0.3491	
37.3093	50.1642	0.5653	1.5778	-0.3491	
37.4439	50.1938	0.5464	1.3778	-0.3491	
37.5594	50.2169	0.5303	1.1778	-0.3491	
37.6556	50.2345	0.5169	0.9778	-0.3491	
37.7323	50.2475	0.5063	0.7778	-0.3491	
37.7893	50.2565	0.4984	0.5778	-0.3491	
37.8267	50.2622	0.4932	0.3778	-0.3491	
37.8443	50.2647	0.4908	0.1778	-0.3491	
37.8443	50.2647	0.4908	0.0	-0.3491	
37.8443	50.2647	0.4908	0.0	-0.3491	
37.874	50.2687	0.4866	0.3	-0.3578	
37.9336	50.2759	0.478	0.6	-0.3665	
38.0231	50.2851	0.4648	0.9	-0.3752	
38.1427	50.2948	0.4468	1.2	-0.384	
38.2925	50.3029	0.4238	1.5	-0.3927	
38.4724	50.3069	0.3957	1.8	-0.4014	
38.6824	50.3039	0.3622	2.1	-0.4102	
38.922	50.2903	0.3232	2.4	-0.4189	
39.1906	50.2622	0.2784	2.7	-0.4276	
39.4649	50.2185	0.2314	2.7778	-0.4363	
39.6981	50.1721	0.192	2.3778	-0.4276	
39.8908	50.1276	0.1598	1.9778	-0.4189	
40.0437	50.0885	0.1346	1.5778	-0.4102	
40.1573	50.0575	0.1162	1.1778	-0.4014	
40.2321	50.0363	0.1043	0.7778	-0.3927	
40.2684	50.0258	0.0987	0.3778	-0.384	
40.2684	50.0258	0.0987	0.0	-0.3752	
40.2684	50.0258	0.0987	0.0	-0.3665	
40.2684	50.0258	0.0987	0.0	-0.3578	
40.2684	50.0258	0.0987	0.0	-0.3491	
40.2684	50.0258	0.0987	0.0	-0.3578	
40.2684	50.0258	0.0987	0.0	-0.3665	
40.2684	50.0258	0.0987	0.0	-0.3752	
40.2684	50.0258	0.0987	0.0	-0.384	
40.2684	50.0258	0.0987	0.0	-0.3927	
40.2684	50.0258	0.0987	0.0	-0.4014	
40.2684	50.0258	0.0987	0.0	-0.4102	
40.2684	50.0258	0.0987	0.0	-0.4189	
40.2684	50.0258	0.0987	0.0	-0.4276	
40.2684	50.0258	0.0987	0.0	-0.4363	
40.2684	50.0258	0.0987	0.0	-0.4363	
40.2684	50.0258	0.0987	0.0	-0.4363	
40.2684	50.0258	0.0987	0.0	-0.4363	
40.2684	50.0258	0.0987	0.0	-0.4363	
40.2684	50.0258	0.0987	0.0	-0.4363	
40.2684	50.0258	0.0987	0.0	-0.4363	
40.2684	50.0258	0.0987	0.0	-0.4363	
40.2684	50.0258	0.0987	0.0	-0.4363	
40.2684	50.0258	0.0987	0.0	-0.4363	
40.2684	50.0258	0.0987	0.0	-0.4363	
40.3157	50.0097	0.0904	0.5	-0.4276	
40.4104	49.9774	0.0741	1.0	-0.4189	
40.552	49.928	0.0502	1.5	-0.4102	
40.7398	49.8592	0.0189	2.0	-0.4014	
40.9725	49.7679	-0.0193	2.5	-0.3927	
41.228	49.6588	-0.061	2.7778	-0.384	
41.4798	49.5415	-0.1017	2.7778	-0.3752	
41.7277	49.4161	-0.1415	2.7778	-0.3665	
41.9715	49.2831	-0.1804	2.7778	-0.3578	
42.2113	49.1428	-0.2184	2.7778	-0.3491	
42.4455	48.9935	-0.2564	2.7778	-0.3491	
42.6739	48.8354	-0.2944	2.7778	-0.3491	
42.8961	48.6687	-0.3324	2.7778	-0.3491	
43.1119	48.4938	-0.3704	2.7778	-0.3491	
43.3208	48.3107	-0.4084	2.7778	-0.3491	
43.5226	48.1198	-0.4464	2.7778	-0.3491	
43.717	47.9214	-0.4844	2.7778	-0.3491	
43.9038	47.7158	-0.5224	2.7778	-0.3491	
44.0826	47.5032	-0.5604	2.7778	-0.3491	
44.2532	47.284	-0.5984	2.7778	-0.3491	
44.4173	47.0599	-0.6355	2.7778	-0.3403	
44.5749	46.8312	-0.6717	2.7778	-0.3316	
44.7263	46.5983	-0.707	2.7778	-0.3229	
44.8714	46.3614	-0.7413	2.7778	-0.3142	
45.0104	46.1209	-0.7747	2.7778	-0.3054	
45.1434	45.877	-0.8072	2.7778	-0.2967	
45.2706	45.6301	-0.8388	2.7778	-0.288	
45.3921	45.3803	-0.8694	2.7778	-0.2793	
45.5082	45.1279	-0.8991	2.7778	-0.2705	
45.6189	44.8732	-0.9278	2.7778	-0.2618	
45.7163	44.6237	-0.9565	2.6778	-0.2705	
45.8011	44.3803	-0.9849	2.5778	-0.2793	
45.8738	44.1434	-1.013	2.4778	-0.288	
45.9352	43.9137	-1.0408	2.3778	-0.2967	
45.9859	43.6917	-1.0682	2.2778	-0.3054	
46.0267	43.4777	-1.0952	2.1778	-0.3142	
46.0583	43.2724	-1.1215	2.0778	-0.3229	
46.0815	43.076	-1.1473	1.9778	-0.3316	
46.0971	42.8888	-1.1724	1.8778	-0.3403	
46.1059	42.7113	-1.1967	1.7778	-0.3491	
46.1109	42.5636	-1.2164	1.4778	-0.3403	
46.1136	42.4458	-1.2317	1.1778	-0.3316	
46.115	42.3581	-1.2429	0.8778	-0.3229	
46.1158	42.3003	-1.25	0.5778	-0.3142	
46.1162	42.2725	-1.2534	0.2778	-0.3054	
46.1162	42.2725	-1.2534	0.0	-0.2967	
46.1162	42.2725	-1.2534	0.0	-0.288	
46.1162	42.2725	-1.2534	0.0	-0.2793	
46.1162	42.2725	-1.2534	0.0	-0.2705	
46.1162	42.2725	-1.2534	0.0	-0.2618	
46.1162	42.2725	-1.2534	0.0	-0.2531	
46.1162	42.2725	-1.2534	0.0	-0.2443	
46.1162	42.2725	-1.2534	0.0	-0.2356	
46.1162	42.2725	-1.2534	0.0	-0.2269	
46.1162	42.2725	-1.2534	0.0	-0.2182	
46.1162	42.2725	-1.2534	0.0	-0.2094	
46.1162	42.2725	-1.2534	0.0	-0.2007	
46.1162	42.2725	-1.2534	0.0	-0.192	
46.1162	42.2725	-1.2534	0.0	-0.1833	
46.1162	42.2725	-1.2534	0.0	-0.1745	
46.1162	42.2725	-1.2534	0.0	-0.1658	
46.1162	42.2725	-1.2534	0.0	-0.1571	
46.1162	42.2725	-1.2534	0.0	-0.1484	
46.1162	42.2725	-1.2534	0.0	-0.1396	
46.1162	42.2725	-1.2534	0.0	-0.1309	
46.1162	42.2725	-1.2534	0.0	-0.1222	
46.1162	42.2725	-1.2534	0.0	-0.1134	
46.1162	42.2725	-1.2534	0.0	-0.1047	
46.1162	42.2725	-1.2534	0.0	-0.096	
46.1162	42.2725	-1.2534	0.0	-0.0873	
46.1162	42.2725	-1.2534	0.0	-0.0873	
46.1162	42.2725	-1.2534	0.0	-0.0873	
46.1162	42.2725	-1.2534	0.0	-0.0873	
46.1162	42.2725	-1.2534	0.0	-0.0873	
46.1162	42.2725	-1.2534	0.0	-0.0873	
46.1162	42.2725	-1.2534	0.0	-0.0873	
46.1162	42.2725	-1.2534	0.0	-0.0873	
46.1162	42.2725	-1.2534	0.0	-0.0873	
46.1162	42.2725	-1.2534	0.0	-0.0873	
46.1162	42.2725	-1.2534	0.0	-0.0873	
46.1162	42.2725	-1.2534	0.0	-0.0785	
46.1162	42.2725	-1.2534	0.0	-0.0698	
46.1162	42.2725	-1.2534	0.0	-0.0611	
46.1162	42.2725	-1.2534	0.0	-0.0524	
46.1162	42.2725	-1.2534	0.0	-0.0436	
46.1162	42.2725	-1.2534	0.0	-0.0349	
46.1162	42.2725	-1.2534	0.0	-0.0262	
46.1162	42.2725	-1.2534	0.0	-0.0175	
46.1162	42.2725	-1.2534	0.0	-0.0087	
46.1162	42.2725	-1.2534	0.0	0.0	
46.1162	42.2725	-1.2534	0.0	0.0087	
46.1162	42.2725	-1.2534	0.0	0.0175	
46.1162	42.2725	-1.2534	0.0	0.0262	
46.1162	42.2725	-1.2534	0.0	0.0349	
46.1162	42.2725	-1.2534	0.0	0.0436	
46.1162	42.2725	-1.2534	0.0	0.0524	
46.1162	42.2725	-1.2534	0.0	0.0611	
46.1162	42.2725	-1.2534	0.0	0.0698	
46.1162	42.2725	-1.2534	0.0	0.0785	
46.1162	42.2725	-1.2534	0.0	0.0873	
46.1162	42.2725	-1.2534	0.0	0.0873	
46.1162	42.2725	-1.2534	0.0	0.0873	
46.1162	42.2725	-1.2534	0.0	0.0873	
46.1162	42.2725	-1.2534	0.0	0.0873	
46.1162	42.2725	-1.2534	0.0	0.0873	
46.1162	42.2725	-1.2534	0.0	0.0873	
46.1162	42.2725	-1.2534	0.0	0.0873	
46.1162	42.2725	-1.2534	0.0	0.0873	
46.1162	42.2725	-1.2534	0.0	0.0873	
46.1162	42.2725	-1.2534	0.0	0.0873	
46.1162	42.2725	-1.2534	0.0	0.0785	
46.1162	42.2725	-1.2534	0.0	0.0698	
46.1162	42.2725	-1.2534	0.0	0.0611	
46.1162	42.2725	-1.2534	0.0	0.0524	
46.1162	42.2725	-1.2534	0.0	0.0436	
46.1162	42.2725	-1.2534	0.0	0.0349	
46.1162	42.2725	-1.2534	0.0	0.0262	
46.1162	42.2725	-1.2534	0.0	0.0175	
46.1162	42.2725	-1.2534	0.0	0.0087	
46.1162	42.2725	-1.2534	0.0	0.0	
46.1256	42.244	-1.2534	0.3	0.0	
46.1443	42.187	-1.2534	0.6	0.0	
46.1724	42.1015	-1.2534	0.9	0.0	
46.2098	41.9875	-1.2534	1.2	0.0	
46.2567	41.845	-1.2534	1.5	0.0	
46.3128	41.674	-1.2534	1.8	0.0	
46.3784	41.4745	-1.2534	2.1	0.0	
46.4533	41.2465	-1.2534	2.4	0.0	
46.5376	40.99	-1.2534	2.7	0.0	
46.6243	40.7261	-1.2534	2.7778	0.0	
46.7087	40.4614	-1.2543	2.7778	-0.0087	
46.7905	40.196	-1.2563	2.7778	-0.0175	
46.8695	39.9297	-1.2592	2.7778	-0.0262	
46.9454	39.6624	-1.2631	2.7778	-0.0349	
47.0179	39.3943	-1.2679	2.7778	-0.0436	
47.0867	39.1252	-1.2737	2.7778	-0.0524	
47.1517	38.8551	-1.2805	2.7778	-0.0611	
47.2124	38.5841	-1.2883	2.7778	-0.0698	
47.2687	38.312	-1.297	2.7778	-0.0785	
47.3202	38.0391	-1.3067	2.7778	-0.0873	
47.3678	37.7857	-1.3148	2.5778	-0.0785	
47.4118	37.5521	-1.3214	2.3778	-0.0698	
47.4526	37.3381	-1.3267	2.1778	-0.0611	
47.4903	37.144	-1.3308	1.9778	-0.0524	
47.525	36.9696	-1.3339	1.7778	-0.0436	
47.5566	36.815	-1.3361	1.5778	-0.0349	
47.5851	36.6803	-1.3376	1.3778	-0.0262	
47.6103	36.5652	-1.3384	1.1778	-0.0175	
47.632	36.4699	-1.3388	0.9778	-0.0087	
47.6499	36.3942	-1.3388	0.7778	0.0	
47.6747	36.2893	-1.3388	1.0778	0.0	
47.7064	36.1552	-1.3388	1.3778	0.0	
47.745	35.9919	-1.3388	1.6778	0.0	
47.7904	35.7994	-1.3388	1.9778	0.0	
47.8428	35.5778	-1.3388	2.2778	0.0	
47.9021	35.3269	-1.3388	2.5778	0.0	
47.966	35.0566	-1.3388	2.7778	0.0	
48.0299	34.7862	-1.3388	2.7778	0.0	
48.0937	34.5159	-1.3388	2.7778	0.0	
48.1576	34.2456	-1.3388	2.7778	0.0	
-1
29.8278	9.0015	3.141	1.7222	-0.0087	
29.7056	9.0037	3.1401	1.2222	-0.0175	
29.6334	9.0057	3.1394	0.7222	-0.0262	
29.6112	9.0065	3.1391	0.2222	-0.0349	
29.6112	9.0065	3.1391	0.0	-0.0436	
29.6112	9.0065	3.1391	0.0	-0.0524	
29.6112	9.0065	3.1391	0.0	-0.0611	
29.6112	9.0065	3.1391	0.0	-0.0698	
29.6112	9.0065	3.1391	0.0	-0.0785	
29.6112	9.0065	3.1391	0.0	-0.0873	
29.6012	9.0074	3.1387	0.1	-0.0873	
29.5813	9.0092	3.138	0.2	-0.0873	
29.5514	9.0119	3.137	0.3	-0.0873	
29.5116	9.0156	3.1356	0.4	-0.0873	
29.4618	9.0203	3.1338	0.5	-0.0873	
29.4021	9.026	3.1318	0.6	-0.0873	
29.3324	9.0328	3.1293	0.7	-0.0873	
29.2528	9.0407	3.1265	0.8	-0.0873	
29.1633	9.0499	3.1234	0.9	-0.0873	
29.0638	9.0604	3.1199	1.0	-0.0873	
28.9842	9.0684	3.1174	0.8	-0.0785	
28.9245	9.0741	3.1157	0.6	-0.0698	
28.8847	9.0775	3.1147	0.4	-0.0611	
28.8647	9.0791	3.1143	0.2	-0.0524	
28.8647	9.0791	3.1143	0.0	-0.0436	
28.8647	9.0791	3.1143	0.0	-0.0349	
28.8647	9.0791	3.1143	0.0	-0.0262	
28.8647	9.0791	3.1143	0.0	-0.0175	
28.8647	9.0791	3.1143	0.0	-0.0087	
28.8647	9.0791	3.1143	0.0	0.0	
28.8647	9.0791	3.1143	0.0	0.0087	
28.8647	9.0791	3.1143	0.0	0.0175	
28.8647	9.0791	3.1143	0.0	0.0262	
28.8647	9.0791	3.1143	0.0	0.0349	
28.8647	9.0791	3.1143	0.0	0.0436	
28.8647	9.0791	3.1143	0.0	0.0524	
28.8647	9.0791	3.1143	0.0	0.0611	
28.8647	9.0791	3.1143	0.0	0.0698	
28.8647	9.0791	3.1143	0.0	0.0785	
28.8647	9.0791	3.1143	0.0	0.0873	
28.8547	9.0784	3.1147	0.1	0.096	
28.8348	9.0769	3.1155	0.2	0.1047	
28.8049	9.0743	3.1169	0.3	0.1134	
28.7651	9.0704	3.1188	0.4	0.1222	
28.7154	9.065	3.1215	0.5	0.1309	
28.6558	9.0578	3.1248	0.6	0.1396	
28.5864	9.0486	3.1289	0.7	0.1484	
28.5073	9.0371	3.1339	0.8	0.1571	
28.4184	9.0229	3.1399	0.9	0.1658	
28.3199	9.0058	-3.1364	1.0	0.1745	
28.2213	8.9887	-3.1298	1.0	0.1658	
28.1228	8.9719	-3.1235	1.0	0.1571	
28.0241	8.9554	-3.1176	1.0	0.1484	
27.9255	8.9391	-3.112	1.0	0.1396	
27.8268	8.9231	-3.1068	1.0	0.1309	
27.728	8.9075	-3.1019	1.0	0.1222	
27.6292	8.8922	-3.0974	1.0	0.1134	
27.5303	8.8774	-3.0932	1.0	0.1047	
27.4313	8.863	-3.0894	1.0	0.096	
27.3323	8.8491	-3.0859	1.0	0.0873	
27.2828	8.8419	-3.0842	0.5	0.0873	
27.2828	8.8419	-3.0842	0.0	0.0873	
27.2828	8.8419	-3.0842	0.0	0.0873	
27.2828	8.8419	-3.0842	0.0	0.0873	
27.2828	8.8419	-3.0842	0.0	0.0873	
27.2828	8.8419	-3.0842	0.0	0.0873	
27.2828	8.8419	-3.0842	0.0	0.0873	
27.2828	8.8419	-3.0842	0.0	0.0873	
27.2828	8.8419	-3.0842	0.0	0.0873	
27.2828	8.8419	-3.0842	0.0	0.0873	
27.2531	8.8374	-3.083	0.3	0.096	
27.1939	8.8276	-3.0805	0.6	0.1047	
27.1053	8.812	-3.0764	0.9	0.1134	
26.9874	8.7896	-3.0706	1.2	0.1222	
26.8405	8.7595	-3.0627	1.5	0.1309	
26.6647	8.7205	-3.0527	1.8	0.1396	
26.4606	8.6712	-3.0403	2.1	0.1484	
26.2286	8.6099	-3.0253	2.4	0.1571	
25.9693	8.5347	-3.0075	2.7	0.1658	
25.7046	8.4503	-2.9882	2.7778	0.1745	
25.4409	8.3631	-2.9698	2.7778	0.1658	
25.178	8.2734	-2.9524	2.7778	0.1571	
24.9159	8.1814	-2.936	2.7778	0.1484	
24.6545	8.0874	-2.9206	2.7778	0.1396	
24.3937	7.9917	-2.9061	2.7778	0.1309	
24.1335	7.8944	-2.8925	2.7778	0.1222	
23.8738	7.7959	-2.8799	2.7778	0.1134	
23.6145	7.6964	-2.8683	2.7778	0.1047	
23.3554	7.5961	-2.8577	2.7778	0.096	
23.0965	7.4954	-2.848	2.7778	0.0873	
22.8657	7.4053	-2.8402	2.4778	0.0785	
22.6628	7.3263	-2.8341	2.1778	0.0698	
22.4876	7.2586	-2.8295	1.8778	0.0611	
22.3402	7.2024	-2.8262	1.5778	0.0524	
22.2206	7.1575	-2.824	1.2778	0.0436	
22.1288	7.1238	-2.8226	0.9778	0.0349	
22.065	7.1008	-2.8219	0.6778	0.0262	
22.0294	7.0883	-2.8217	0.3778	0.0175	
22.022	7.0858	-2.8216	0.0778	0.0087	
22.022	7.0858	-2.8216	0.0	0.0	
22.022	7.0858	-2.8216	0.0	0.0	
22.022	7.0858	-2.8216	0.0	0.0	
22.022	7.0858	-2.8216	0.0	0.0	
22.022	7.0858	-2.8216	0.0	0.0	
22.022	7.0858	-2.8216	0.0	0.0	
22.022	7.0858	-2.8216	0.0	0.0	
22.022	7.0858	-2.8216	0.0	0.0	
22.022	7.0858	-2.8216	0.0	0.0	
22.022	7.0858	-2.8216	0.0	0.0	
22.022	7.0858	-2.8216	0.0	0.0	
22.022	7.0858	-2.8216	0.0	0.0	
22.022	7.0858	-2.8216	0.0	0.0	
22.022	7.0858	-2.8216	0.0	0.0	
22.022	7.0858	-2.8216	0.0	0.0	
22.022	7.0858	-2.8216	0.0	0.0	
22.022	7.0858	-2.8216	0.0	0.0	
22.022	7.0858	-2.8216	0.0	0.0	
22.022	7.0858	-2.8216	0.0	0.0	
22.022	7.0858	-2.8216	0.0	0.0	
22.022	7.0858	-2.8216	0.0	0.0	
22.022	7.0858	-2.8216	0.0	-0.0087	
22.022	7.0858	-2.8216	0.0	-0.0175	
22.022	7.0858	-2.8216	0.0	-0.0262	
22.022	7.0858	-2.8216	0.0	-0.0349	
22.022	7.0858	-2.8216	0.0	-0.0436	
22.022	7.0858	-2.8216	0.0	-0.0524	
22.022	7.0858	-2.8216	0.0	-0.0611	
22.022	7.0858	-2.8216	0.0	-0.0698	
22.022	7.0858	-2.8216	0.0	-0.0785	
22.022	7.0858	-2.8216	0.0	-0.0873	
21.9929	7.0787	-2.8226	0.3	-0.0785	
21.9347	7.0639	-2.8243	0.6	-0.0698	
21.8477	7.0411	-2.8265	0.9	-0.0611	
21.7318	7.0099	-2.829	1.2	-0.0524	
21.5872	6.97	-2.8316	1.5	-0.0436	
21.4139	6.9211	-2.8341	1.8	-0.0349	
21.2122	6.8628	-2.8363	2.1	-0.0262	
20.9821	6.7947	-2.838	2.4	-0.0175	
20.7237	6.7162	-2.8389	2.7	-0.0087	
20.4586	6.6334	-2.8389	2.7778	0.0	
20.1927	6.5529	-2.8399	2.7778	-0.0087	
19.9261	6.475	-2.8418	2.7778	-0.0175	
19.6586	6.4	-2.8447	2.7778	-0.0262	
19.3903	6.3281	-2.8486	2.7778	-0.0349	
19.1211	6.2595	-2.8535	2.7778	-0.0436	
18.8511	6.1946	-2.8593	2.7778	-0.0524	
18.58	6.1337	-2.8661	2.7778	-0.0611	
18.3081	6.0769	-2.8738	2.7778	-0.0698	
18.0353	6.0247	-2.8825	2.7778	-0.0785	
17.7616	5.9772	-2.8922	2.7778	-0.0873	
17.4875	5.9324	-2.9019	2.7778	-0.0873	
17.2129	5.8902	-2.9116	2.7778	-0.0873	
16.938	5.8507	-2.9213	2.7778	-0.0873	
16.6627	5.8138	-2.9309	2.7778	-0.0873	
16.387	5.7796	-2.9406	2.7778	-0.0873	
16.111	5.7481	-2.9503	2.7778	-0.0873	
15.8347	5.7193	-2.96	2.7778	-0.0873	
15.5582	5.6931	-2.9697	2.7778	-0.0873	
15.2814	5.6696	-2.9794	2.7778	-0.0873	
15.0044	5.6488	-2.9891	2.7778	-0.0873	
14.7473	5.6298	-2.9971	2.5778	-0.0785	
14.5102	5.612	-3.0038	2.3778	-0.0698	
14.2931	5.5953	-3.0091	2.1778	-0.0611	
14.0959	5.5795	-3.0132	1.9778	-0.0524	
13.9188	5.5645	-3.0163	1.7778	-0.0436	
13.7617	5.5502	-3.0185	1.5778	-0.0349	
13.6245	5.5369	-3.02	1.3778	-0.0262	
13.5074	5.5247	-3.0208	1.1778	-0.0175	
13.4102	5.5137	-3.0211	0.9778	-0.0087	
13.333	5.5044	-3.0211	0.7778	0.0	
13.3054	5.501	-3.0211	0.2778	0.0	
13.3054	5.501	-3.0211	0.0	0.0	
13.3054	5.501	-3.0211	0.0	0.0	
13.3054	5.501	-3.0211	0.0	0.0	
13.3054	5.501	-3.0211	0.0	0.0	
13.3054	5.501	-3.0211	0.0	0.0	
13.3054	5.501	-3.0211	0.0	0.0	
13.3054	5.501	-3.0211	0.0	0.0	
13.3054	5.501	-3.0211	0.0	0.0	
13.3054	5.501	-3.0211	0.0	0.0	
13.3054	5.501	-3.0211	0.0	0.0	
13.3054	5.501	-3.0211	0.0	0.0	
13.3054	5.501	-3.0211	0.0	0.0	
13.3054	5.501	-3.0211	0.0	0.0	
13.3054	5.501	-3.0211	0.0	0.0	
13.3054	5.501	-3.0211	0.0	0.0	
13.3054	5.501	-3.0211	0.0	0.0	
13.3054	5.501	-3.0211	0.0	0.0	
13.3054	5.501	-3.0211	0.0	0.0	
13.3054	5.501	-3.0211	0.0	0.0	
13.3054	5.501	-3.0211	0.0	0.0087	
13.3054	5.501	-3.0211	0.0	0.0175	
13.3054	5.501	-3.0211	0.0	0.0262	
13.3054	5.501	-3.0211	0.0	0.0349	
13.3054	5.501	-3.0211	0.0	0.0436	
13.3054	5.501	-3.0211	0.0	0.0524	
13.3054	5.501	-3.0211	0.0	0.0611	
13.3054	5.501	-3.0211	0.0	0.0698	
13.3054	5.501	-3.0211	0.0	0.0785	
13.3054	5.501	-3.0211	0.0	0.0873	
13.2761	5.4949	-3.0201	0.3	0.0873	
13.2174	5.4824	-3.018	0.6	0.0873	
13.1294	5.4636	-3.0149	0.9	0.0873	
13.0121	5.4381	-3.0107	1.2	0.0873	
12.8657	5.4056	-3.0055	1.5	0.0873	
12.6901	5.3658	-2.9992	1.8	0.0873	
12.4857	5.3179	-2.9919	2.1	0.0873	
12.2524	5.2616	-2.9835	2.4	0.0873	
11.9904	5.196	-2.9741	2.7	0.0873	
11.7216	5.126	-2.9644	2.7778	0.0873	
11.4535	5.0534	-2.9547	2.7778	0.0873	
11.1861	4.9782	-2.945	2.7778	0.0873	
10.9194	4.9004	-2.9353	2.7778	0.0873	
10.6535	4.82	-2.9257	2.7778	0.0873	
10.3884	4.7371	-2.916	2.7778	0.0873	
10.1242	4.6516	-2.9063	2.7778	0.0873	
9.8607	4.5635	-2.8966	2.7778	0.0873	
9.5981	4.4729	-2.8869	2.7778	0.0873	
9.3364	4.3798	-2.8772	2.7778	0.0873	
9.0756	4.2841	-2.8676	2.7778	0.0873	
8.8158	4.1859	-2.8579	2.7778	0.0873	
8.5569	4.0852	-2.8482	2.7778	0.0873	
93	44	3.1416	2.7778	0.0873	
92.7233	43.9758	-3.1319	2.7778	0.0873	
92.4468	43.9489	-3.1222	2.7778	0.0873	
92.1706	43.9193	-3.1125	2.7778	0.0873	
91.8947	43.8871	-3.1029	2.7778	0.0873	
91.6191	43.8522	-3.0932	2.7778	0.0873	
91.3439	43.8146	-3.0835	2.7778	0.0873	
91.0691	43.7744	-3.0738	2.7778	0.0873	
90.8144	43.7346	-3.0648	2.5778	0.0873	
90.5798	43.6957	-3.0565	2.3778	0.0873	
90.3652	43.6584	-3.0489	2.1778	0.0873	
90.1706	43.623	-3.042	1.9778	0.0873	
89.996	43.59	-3.0358	1.7778	0.0873	
89.8411	43.5597	-3.0303	1.5778	0.0873	
89.706	43.5325	-3.0255	1.3778	0.0873	
89.5907	43.5088	-3.0214	1.1778	0.0873	
89.495	43.4886	-3.018	0.9778	0.0873	
89.419	43.4723	-3.0153	0.7778	0.0873	
89.3234	43.4516	-3.0119	0.9778	0.0873	
89.2084	43.4263	-3.0078	1.1778	0.0873	
89.074	43.3961	-3.003	1.3778	0.0873	
88.9202	43.3607	-2.9975	1.5778	0.0873	
88.7471	43.32	-2.9913	1.7778	0.0873	
88.5549	43.2734	-2.9844	1.9778	0.0873	
88.3436	43.2207	-2.9768	2.1778	0.0873	
88.1134	43.1614	-2.9685	2.3778	0.0873	
87.8643	43.0951	-2.9595	2.5778	0.0873	
87.5965	43.0211	-2.9499	2.7778	0.0873	
87.3397	42.9452	-2.9396	2.6778	0.096	
87.094	42.8673	-2.9288	2.5778	0.1047	
86.8593	42.7879	-2.9176	2.4778	0.1134	
86.6356	42.7072	-2.906	2.3778	0.1222	
86.423	42.6256	-2.8941	2.2778	0.1309	
86.2213	42.5434	-2.882	2.1778	0.1396	
86.0306	42.461	-2.8697	2.0778	0.1484	
85.8507	42.3787	-2.8573	1.9778	0.1571	
85.6816	42.297	-2.8449	1.8778	0.1658	
85.5232	42.2163	-2.8326	1.7778	0.1745	
85.3401	42.1181	-2.8174	2.0778	0.1833	
85.1333	42.0008	-2.7993	2.3778	0.192	
84.9041	41.8624	-2.7779	2.6778	0.2007	
84.6707	41.7118	-2.7548	2.7778	0.2094	
84.4422	41.5538	-2.7308	2.7778	0.2182	
84.219	41.3884	-2.7058	2.7778	0.2269	
84.0015	41.2156	-2.6798	2.7778	0.2356	
83.7902	41.0354	-2.653	2.7778	0.2443	
83.5853	40.8477	-2.6251	2.7778	0.2531	
83.3875	40.6527	-2.5964	2.7778	0.2618	
83.2231	40.481	-2.5718	2.3778	0.2618	
83.0898	40.3348	-2.5513	1.9778	0.2618	
82.9859	40.2161	-2.535	1.5778	0.2618	
82.9099	40.1262	-2.5228	1.1778	0.2618	
82.8603	40.0662	-2.5147	0.7778	0.2618	
82.8365	40.0368	-2.5108	0.3778	0.2618	
82.8365	40.0368	-2.5108	0.0	0.2618	
82.8365	40.0368	-2.5108	0.0	0.2618	
82.8365	40.0368	-2.5108	0.0	0.2618	
82.8365	40.0368	-2.5108	0.0	0.2618	
82.8112	40.0059	-2.5068	0.4	0.2531	
82.7601	39.9443	-2.4991	0.8	0.2443	
82.6835	39.852	-2.4878	1.2	0.2356	
82.5816	39.7286	-2.4735	1.6	0.2269	
82.4552	39.5736	-2.4561	2.0	0.2182	
82.305	39.3864	-2.4362	2.4	0.2094	
82.1337	39.1677	-2.414	2.7778	0.2007	
81.9653	38.9468	-2.3928	2.7778	0.192	
81.7997	38.7238	-2.3726	2.7778	0.1833	
81.6367	38.4989	-2.3533	2.7778	0.1745	
81.476	38.2723	-2.3349	2.7778	0.1658	
81.3176	38.0442	-2.3176	2.7778	0.1571	
81.1611	37.8146	-2.3011	2.7778	0.1484	
81.0064	37.5839	-2.2857	2.7778	0.1396	
80.8532	37.3522	-2.2712	2.7778	0.1309	
80.7014	37.1196	-2.2576	2.7778	0.1222	
80.5507	36.8862	-2.2451	2.7778	0.1134	
80.4009	36.6523	-2.2334	2.7778	0.1047	
80.2518	36.4179	-2.2228	2.7778	0.096	
80.1032	36.1833	-2.2131	2.7778	0.0873	
79.9621	35.9557	-2.2038	2.6778	0.0873	
79.8283	35.7354	-2.1948	2.5778	0.0873	
79.7016	35.5224	-2.1861	2.4778	0.0873	
79.5818	35.317	-2.1779	2.3778	0.0873	
79.4686	35.1193	-2.1699	2.2778	0.0873	
79.362	34.9295	-2.1623	2.1778	0.0873	
79.2616	34.7476	-2.1551	2.0778	0.0873	
79.1673	34.5737	-2.1482	1.9778	0.0873	
79.0789	34.408	-2.1416	1.8778	0.0873	
78.9962	34.2506	-2.1354	1.7778	0.0873	
78.9237	34.1105	-2.1299	1.5778	0.0873	
78.8611	33.9878	-2.1251	1.3778	0.0873	
78.8081	33.8826	-2.121	1.1778	0.0873	
78.7644	33.7951	-2.1176	0.9778	0.0873	
78.7299	33.7254	-2.1149	0.7778	0.0873	
78.7044	33.6736	-2.1129	0.5778	0.0873	
78.6878	33.6396	-2.1116	0.3778	0.0873	
78.68	33.6237	-2.111	0.1778	0.0873	
78.68	33.6237	-2.111	0.0	0.0873	
78.68	33.6237	-2.111	0.0	0.0873	
78.68	33.6237	-2.111	0.0	0.096	
78.68	33.6237	-2.111	0.0	0.1047	
78.68	33.6237	-2.111	0.0	0.1134	
78.68	33.6237	-2.111	0.0	0.1222	
78.68	33.6237	-2.111	0.0	0.1309	
78.68	33.6237	-2.111	0.0	0.1396	
78.68	33.6237	-2.111	0.0	0.1484	
78.68	33.6237	-2.111	0.0	0.1571	
78.68	33.6237	-2.111	0.0	0.1658	
78.68	33.6237	-2.111	0.0	0.1745	
78.6617	33.5771	-2.1077	0.5	0.1658	
78.6247	33.4842	-2.1014	1.0	0.1571	
78.5687	33.3451	-2.0925	1.5	0.1484	
78.4941	33.1595	-2.0814	2.0	0.1396	
78.4015	32.9273	-2.0683	2.5	0.1309	
78.2996	32.6689	-2.0548	2.7778	0.1222	
78.199	32.4099	-2.0422	2.7778	0.1134	
78.0994	32.1506	-2.0306	2.7778	0.1047	
78.0006	31.891	-2.02	2.7778	0.096	
77.9023	31.6313	-2.0103	2.7778	0.0873	
77.8064	31.3705	-2.0006	2.7778	0.0873	
77.7131	31.1089	-1.9909	2.7778	0.0873	
77.6224	30.8464	-1.9812	2.7778	0.0873	
77.5342	30.583	-1.9715	2.7778	0.0873	
77.4485	30.3187	-1.9619	2.7778	0.0873	
77.3654	30.0537	-1.9522	2.7778	0.0873	
77.2849	29.7878	-1.9425	2.7778	0.0873	
77.2069	29.5212	-1.9328	2.7778	0.0873	
77.1316	29.2538	-1.9231	2.7778	0.0873	
77.0588	28.9858	-1.9134	2.7778	0.0873	
76.9993	28.7659	-1.9063	2.2778	0.0785	
76.9527	28.5943	-1.9013	1.7778	0.0698	
76.9187	28.4712	-1.8982	1.2778	0.0611	
76.8975	28.3963	-1.8966	0.7778	0.0524	
76.8898	28.3696	-1.8961	0.2778	0.0436	
76.8898	28.3696	-1.8961	0.0	0.0349	
76.8898	28.3696	-1.8961	0.0	0.0262	
76.8898	28.3696	-1.8961	0.0	0.0175	
76.8898	28.3696	-1.8961	0.0	0.0087	
76.8898	28.3696	-1.8961	0.0	0.0	
76.8898	28.3696	-1.8961	0.0	-0.0087	
76.8898	28.3696	-1.8961	0.0	-0.0175	
76.8898	28.3696	-1.8961	0.0	-0.0262	
76.8898	28.3696	-1.8961	0.0	-0.0349	
76.8898	28.3696	-1.8961	0.0	-0.0436	
76.8898	28.3696	-1.8961	0.0	-0.0524	
76.8898	28.3696	-1.8961	0.0	-0.0611	
76.8898	28.3696	-1.8961	0.0	-0.0698	
76.8898	28.3696	-1.8961	0.0	-0.0785	
76.8898	28.3696	-1.8961	0.0	-0.0873	
76.8898	28.3696	-1.8961	0.0	-0.0873	
76.8898	28.3696	-1.8961	0.0	-0.0873	
76.8898	28.3696	-1.8961	0.0	-0.0873	
76.8898	28.3696	-1.8961	0.0	-0.0873	
76.8898	28.3696	-1.8961	0.0	-0.0873	
76.8898	28.3696	-1.8961	0.0	-0.0873	
76.8898	28.3696	-1.8961	0.0	-0.0873	
76.8898	28.3696	-1.8961	0.0	-0.0873	
76.8898	28.3696	-1.8961	0.0	-0.0873	
76.8898	28.3696	-1.8961	0.0	-0.0873	
76.8898	28.3696	-1.8961	0.0	-0.0785	
76.8898	28.3696	-1.8961	0.0	-0.0698	
76.8898	28.3696	-1.8961	0.0	-0.0611	
76.8898	28.3696	-1.8961	0.0	-0.0524	
76.8898	28.3696	-1.8961	0.0	-0.0436	
76.8898	28.3696	-1.8961	0.0	-0.0349	
76.8898	28.3696	-1.8961	0.0	-0.0262	
76.8898	28.3696	-1.8961	0.0	-0.0175	
76.8898	28.3696	-1.8961	0.0	-0.0087	
76.8898	28.3696	-1.8961	0.0	0.0	
76.8742	28.3221	-1.8959	0.5	0.0087	
76.8439	28.2268	-1.8952	1.0	0.0175	
76.7999	28.0834	-1.8937	1.5	0.0262	
76.7431	27.8917	-1.8909	2.0	0.0349	
76.6748	27.6512	-1.8865	2.5	0.0436	
76.6025	27.383	-1.8807	2.7778	0.0524	
76.5341	27.1137	-1.8739	2.7778	0.0611	
76.4699	26.8435	-1.8661	2.7778	0.0698	
76.4102	26.5722	-1.8574	2.7778	0.0785	
76.3551	26.2999	-1.8477	2.7778	0.0873	
-1
