53.0	45.0	0.0	0.0	-0.05235987755982988	50.0	6.0	-3.141592653589793	2.2222222222222223	0.0	3
45.9922	16.9999	-3.1416	0.0778	0.0087	
45.9922	16.9999	-3.1416	0.0	0.0175	
45.9922	16.9999	-3.1416	0.0	0.0262	
45.9922	16.9999	-3.1416	0.0	0.0349	
45.9922	16.9999	-3.1416	0.0	0.0436	
45.9922	16.9999	-3.1416	0.0	0.0524	
45.9922	16.9999	-3.1416	0.0	0.0611	
45.9922	16.9999	-3.1416	0.0	0.0698	
45.9922	16.9999	-3.1416	0.0	0.0785	
45.9922	16.9999	-3.1416	0.0	0.0873	
45.9922	16.9999	-3.1416	0.0	0.0873	
45.9922	16.9999	-3.1416	0.0	0.0873	
45.9922	16.9999	-3.1416	0.0	0.0873	
45.9922	16.9999	-3.1416	0.0	0.0873	
45.9922	16.9999	-3.1416	0.0	0.0873	
45.9922	16.9999	-3.1416	0.0	0.0873	
45.9922	16.9999	-3.1416	0.0	0.0873	
45.9922	16.9999	-3.1416	0.0	0.0873	
45.9922	16.9999	-3.1416	0.0	0.0873	
45.9922	16.9999	-3.1416	0.0	0.0873	
45.9524	16.9961	-3.14	0.4	0.096	
45.8729	16.9876	-3.1367	0.8	0.1047	
45.7537	16.9734	-3.1313	1.2	0.1134	
45.5951	16.9523	-3.1235	1.6	0.1222	
45.3973	16.9226	-3.113	2.0	0.1309	
45.1607	16.8824	-3.0997	2.4	0.1396	
44.8879	16.8299	-3.0832	2.7778	0.1484	
44.6166	16.7705	-3.0658	2.7778	0.1571	
44.3469	16.7041	-3.0475	2.7778	0.1658	
44.0791	16.6303	-3.0282	2.7778	0.1745	
43.812	16.5538	-3.0099	2.7778	0.1658	
43.5458	16.4747	-2.9925	2.7778	0.1571	
43.2802	16.3933	-2.9761	2.7778	0.1484	
43.0152	16.3098	-2.9606	2.7778	0.1396	
42.7509	16.2246	-2.9461	2.7778	0.1309	
42.487	16.1378	-2.9326	2.7778	0.1222	
42.2235	16.0498	-2.92	2.7778	0.1134	
41.9604	15.9607	-2.9084	2.7778	0.1047	
41.6975	15.8709	-2.8977	2.7778	0.096	
41.4349	15.7806	-2.888	2.7778	0.0873	
41.1817	15.6933	-2.8796	2.6778	0.0785	
40.938	15.6093	-2.8724	2.5778	0.0698	
40.7036	15.529	-2.8664	2.4778	0.0611	
40.4785	15.4525	-2.8614	2.3778	0.0524	
40.2625	15.38	-2.8574	2.2778	0.0436	
40.0557	15.3117	-2.8544	2.1778	0.0349	
39.8581	15.2477	-2.8522	2.0778	0.0262	
39.6695	15.1879	-2.8508	1.9778	0.0175	
39.4901	15.1325	-2.8502	1.8778	0.0087	
39.3198	15.0814	-2.8502	1.7778	0.0	
39.1395	15.0291	-2.8508	1.8778	-0.0087	
38.9491	14.9757	-2.8522	1.9778	-0.0175	
38.7484	14.9216	-2.8544	2.0778	-0.0262	
38.5376	14.8673	-2.8574	2.1778	-0.0349	
38.3163	14.813	-2.8614	2.2778	-0.0436	
38.0847	14.7593	-2.8664	2.3778	-0.0524	
37.8426	14.7067	-2.8724	2.4778	-0.0611	
37.5899	14.6556	-2.8796	2.5778	-0.0698	
37.3266	14.6068	-2.888	2.6778	-0.0785	
37.0527	14.5608	-2.8977	2.7778	-0.0873	
36.828	14.5233	-2.9049	2.2778	-0.0785	
36.6527	14.4938	-2.9098	1.7778	-0.0698	
36.5268	14.4721	-2.9129	1.2778	-0.0611	
36.4502	14.4584	-2.9146	0.7778	-0.0524	
36.4229	14.4534	-2.9151	0.2778	-0.0436	
36.4229	14.4534	-2.9151	0.0	-0.0349	
36.4229	14.4534	-2.9151	0.0	-0.0262	
36.4229	14.4534	-2.9151	0.0	-0.0175	
36.4229	14.4534	-2.9151	0.0	-0.0087	
36.4229	14.4534	-2.9151	0.0	0.0	
36.4034	14.4489	-2.9151	0.2	0.0	
36.3644	14.4399	-2.9151	0.4	0.0	
36.306	14.4264	-2.9151	0.6	0.0	
36.228	14.4084	-2.9151	0.8	0.0	
36.1306	14.386	-2.9151	1.0	0.0	
36.0136	14.359	-2.9151	1.2	0.0	
35.8772	14.3276	-2.9151	1.4	0.0	
35.7213	14.2916	-2.9151	1.6	0.0	
35.5459	14.2512	-2.9151	1.8	0.0	
35.351	14.2063	-2.9151	2.0	0.0	
35.1269	14.1546	-2.9151	2.3	0.0	
34.8735	14.0962	-2.9151	2.6	0.0	
34.6028	14.0339	-2.9151	2.7778	0.0	
34.3322	13.9715	-2.9151	2.7778	0.0	
34.0615	13.9091	-2.9151	2.7778	0.0	
33.7908	13.8467	-2.9151	2.7778	0.0	
33.5201	13.7843	-2.9151	2.7778	0.0	
33.2494	13.7219	-2.9151	2.7778	0.0	
32.9788	13.6595	-2.9151	2.7778	0.0	
32.7081	13.5971	-2.9151	2.7778	0.0	
32.4379	13.5324	-2.9141	2.7778	0.0087	
32.1685	13.465	-2.9122	2.7778	0.0175	
31.8997	13.3948	-2.9092	2.7778	0.0262	
31.6318	13.3214	-2.9054	2.7778	0.0349	
31.3648	13.2447	-2.9005	2.7778	0.0436	
31.0989	13.1644	-2.8947	2.7778	0.0524	
30.8342	13.0802	-2.8879	2.7778	0.0611	
30.5708	12.9919	-2.8802	2.7778	0.0698	
30.309	12.8992	-2.8715	2.7778	0.0785	
30.0487	12.8021	-2.8618	2.7778	0.0873	
29.7903	12.7001	-2.8511	2.7778	0.096	
29.534	12.5932	-2.8395	2.7778	0.1047	
29.2798	12.481	-2.8269	2.7778	0.1134	
29.0281	12.3635	-2.8134	2.7778	0.1222	
28.7791	12.2404	-2.7989	2.7778	0.1309	
28.533	12.1116	-2.7834	2.7778	0.1396	
28.2901	11.9768	-2.767	2.7778	0.1484	
28.0507	11.836	-2.7496	2.7778	0.1571	
27.815	11.689	-2.7313	2.7778	0.1658	
27.5834	11.5356	-2.712	2.7778	0.1745	
27.3548	11.3778	-2.6927	2.7778	0.1745	
27.1293	11.2156	-2.6734	2.7778	0.1745	
26.9069	11.0491	-2.6541	2.7778	0.1745	
26.6879	10.8784	-2.6348	2.7778	0.1745	
26.4721	10.7034	-2.6155	2.7778	0.1745	
26.2597	10.5244	-2.5962	2.7778	0.1745	
26.0509	10.3412	-2.5769	2.7778	0.1745	
25.8456	10.1541	-2.5576	2.7778	0.1745	
25.644	9.963	-2.5383	2.7778	0.1745	
25.4461	9.7681	-2.519	2.7778	0.1745	
25.252	9.5694	-2.4997	2.7778	0.1745	
25.0617	9.367	-2.4805	2.7778	0.1745	
24.8754	9.1609	-2.4612	2.7778	0.1745	
24.6931	8.9513	-2.4419	2.7778	0.1745	
24.5149	8.7383	-2.4226	2.7778	0.1745	
24.3409	8.5218	-2.4033	2.7778	0.1745	
24.171	8.302	-2.384	2.7778	0.1745	
24.0054	8.079	-2.3647	2.7778	0.1745	
23.8442	7.8528	-2.3454	2.7778	0.1745	
23.6873	7.6235	-2.3261	2.7778	0.1745	
23.5369	7.39	-2.3058	2.7778	0.1833	
23.3934	7.1522	-2.2846	2.7778	0.192	
23.257	6.9102	-2.2625	2.7778	0.2007	
23.1282	6.6641	-2.2394	2.7778	0.2094	
23.0073	6.414	-2.2153	2.7778	0.2182	
22.8946	6.1601	-2.1904	2.7778	0.2269	
22.7905	5.9025	-2.1644	2.7778	0.2356	
22.6955	5.6415	-2.1375	2.7778	0.2443	
22.6098	5.3773	-2.1097	2.7778	0.2531	
22.5338	5.1101	-2.081	2.7778	0.2618	
22.4631	4.8415	-2.0531	2.7778	0.2531	
22.3977	4.5715	-2.0263	2.7778	0.2443	
22.3371	4.3004	-2.0003	2.7778	0.2356	
22.2812	4.0283	-1.9753	2.7778	0.2269	
8	36	0.0	2.7778	0.2182	
8.2717	36.0578	0.0231	2.7778	0.2094	
8.5426	36.1194	0.0453	2.7778	0.2007	
8.8126	36.1847	0.0665	2.7778	0.192	
9.0817	36.2533	0.0867	2.7778	0.1833	
9.3501	36.3251	0.106	2.7778	0.1745	
9.617	36.402	0.1253	2.7778	0.1745	
9.8824	36.484	0.1446	2.7778	0.1745	
10.1461	36.5712	0.1639	2.7778	0.1745	
10.4082	36.6634	0.1832	2.7778	0.1745	
10.6683	36.7607	0.2025	2.7778	0.1745	
10.9266	36.8629	0.2218	2.7778	0.1745	
11.1829	36.9701	0.2411	2.7778	0.1745	
11.437	37.0823	0.2604	2.7778	0.1745	
11.6889	37.1993	0.2796	2.7778	0.1745	
11.9385	37.3212	0.2989	2.7778	0.1745	
12.1858	37.4478	0.3182	2.7778	0.1745	
12.4305	37.5792	0.3375	2.7778	0.1745	
12.6726	37.7154	0.3568	2.7778	0.1745	
12.9121	37.8561	0.3761	2.7778	0.1745	
13.1488	38.0014	0.3954	2.7778	0.1745	
13.3827	38.1513	0.4147	2.7778	0.1745	
13.6136	38.3057	0.434	2.7778	0.1745	
13.8416	38.4645	0.4533	2.7778	0.1745	
14.0664	38.6277	0.4726	2.7778	0.1745	
14.288	38.7951	0.4919	2.7778	0.1745	
14.4736	38.9437	0.5092	2.3778	0.1833	
14.6247	39.0713	0.5243	1.9778	0.192	
14.7428	39.176	0.5369	1.5778	0.2007	
14.8293	39.2559	0.5467	1.1778	0.2094	
14.8854	39.3098	0.5534	0.7778	0.2182	
14.9122	39.3364	0.5568	0.3778	0.2269	
14.9122	39.3364	0.5568	0.0	0.2356	
14.9122	39.3364	0.5568	0.0	0.2443	
14.9122	39.3364	0.5568	0.0	0.2531	
14.9122	39.3364	0.5568	0.0	0.2618	
14.9122	39.3364	0.5568	0.0	0.2531	
14.9122	39.3364	0.5568	0.0	0.2443	
14.9122	39.3364	0.5568	0.0	0.2356	
14.9122	39.3364	0.5568	0.0	0.2269	
14.9122	39.3364	0.5568	0.0	0.2182	
14.9122	39.3364	0.5568	0.0	0.2094	
14.9122	39.3364	0.5568	0.0	0.2007	
14.9122	39.3364	0.5568	0.0	0.192	
14.9122	39.3364	0.5568	0.0	0.1833	
14.9122	39.3364	0.5568	0.0	0.1745	
14.9122	39.3364	0.5568	0.0	0.1658	
14.9122	39.3364	0.5568	0.0	0.1571	
14.9122	39.3364	0.5568	0.0	0.1484	
14.9122	39.3364	0.5568	0.0	0.1396	
14.9122	39.3364	0.5568	0.0	0.1309	
14.9122	39.3364	0.5568	0.0	0.1222	
14.9122	39.3364	0.5568	0.0	0.1134	
14.9122	39.3364	0.5568	0.0	0.1047	
14.9122	39.3364	0.5568	0.0	0.096	
14.9122	39.3364	0.5568	0.0	0.0873	
14.9281	39.3485	0.5576	0.2	0.096	
14.9597	39.3731	0.5593	0.4	0.1047	
15.0066	39.4105	0.562	0.6	0.1134	
15.0686	39.4611	0.5659	0.8	0.1222	
15.1453	39.5252	0.5711	1.0	0.1309	
15.2362	39.6035	0.5778	1.2	0.1396	
15.3409	39.6965	0.5861	1.4	0.1484	
15.4587	39.8047	0.5961	1.6	0.1571	
15.589	39.929	0.6079	1.8	0.1658	
15.7308	40.07	0.6218	2.0	0.1745	
15.8366	40.1763	0.6317	1.5	0.1658	
15.9071	40.2472	0.638	1.0	0.1571	
15.9424	40.2826	0.641	0.5	0.1484	
15.9424	40.2826	0.641	0.0	0.1396	
15.9424	40.2826	0.641	0.0	0.1309	
15.9424	40.2826	0.641	0.0	0.1222	
15.9424	40.2826	0.641	0.0	0.1134	
15.9424	40.2826	0.641	0.0	0.1047	
15.9424	40.2826	0.641	0.0	0.096	
15.9424	40.2826	0.641	0.0	0.0873	
15.9424	40.2826	0.641	0.0	0.0873	
15.9424	40.2826	0.641	0.0	0.0873	
15.9424	40.2826	0.641	0.0	0.0873	
15.9424	40.2826	0.641	0.0	0.0873	
15.9424	40.2826	0.641	0.0	0.0873	
15.9424	40.2826	0.641	0.0	0.0873	
15.9424	40.2826	0.641	0.0	0.0873	
15.9424	40.2826	0.641	0.0	0.0873	
15.9424	40.2826	0.641	0.0	0.0873	
15.9424	40.2826	0.641	0.0	0.0873	
15.9794	40.3162	0.6429	0.5	0.096	
16.0528	40.3842	0.6471	1.0	0.1047	
16.1614	40.4876	0.6538	1.5	0.1134	
16.3042	40.6277	0.6636	2.0	0.1222	
16.4794	40.8061	0.6767	2.5	0.1309	
16.6696	41.0085	0.6921	2.7778	0.1396	
16.8549	41.2154	0.7085	2.7778	0.1484	
17.035	41.4269	0.7259	2.7778	0.1571	
17.2094	41.6431	0.7443	2.7778	0.1658	
17.378	41.8639	0.7636	2.7778	0.1745	
17.5442	42.0864	0.7819	2.7778	0.1658	
17.7083	42.3106	0.7993	2.7778	0.1571	
17.8704	42.5362	0.8157	2.7778	0.1484	
18.0307	42.763	0.8312	2.7778	0.1396	
18.1896	42.9908	0.8457	2.7778	0.1309	
18.3471	43.2196	0.8592	2.7778	0.1222	
18.5035	43.4492	0.8718	2.7778	0.1134	
18.6591	43.6793	0.8834	2.7778	0.1047	
18.8139	43.9099	0.894	2.7778	0.096	
18.9684	44.1408	0.9037	2.7778	0.0873	
19.1131	44.3661	0.914	2.6778	0.096	
19.2483	44.5856	0.9248	2.5778	0.1047	
19.3741	44.7991	0.936	2.4778	0.1134	
19.4907	45.0063	0.9476	2.3778	0.1222	
19.5984	45.207	0.9595	2.2778	0.1309	
19.6973	45.401	0.9716	2.1778	0.1396	
19.7879	45.588	0.9839	2.0778	0.1484	
19.8703	45.7678	0.9963	1.9778	0.1571	
19.9449	45.9401	1.0087	1.8778	0.1658	
20.0121	46.1047	1.021	1.7778	0.1745	
20.0663	46.2422	1.0313	1.4778	0.1745	
20.1083	46.3522	1.0395	1.1778	0.1745	
20.139	46.4345	1.0455	0.8778	0.1745	
20.1588	46.4887	1.0496	0.5778	0.1745	
20.1683	46.5149	1.0515	0.2778	0.1745	
20.1683	46.5149	1.0515	0.0	0.1745	
20.1683	46.5149	1.0515	0.0	0.1745	
20.1683	46.5149	1.0515	0.0	0.1745	
20.1683	46.5149	1.0515	0.0	0.1745	
20.1683	46.5149	1.0515	0.0	0.1745	
20.1717	46.5242	1.0522	0.1	0.1658	
20.1788	46.5429	1.0534	0.2	0.1571	
20.1896	46.5709	1.0552	0.3	0.1484	
20.2043	46.6081	1.0574	0.4	0.1396	
20.223	46.6545	1.06	0.5	0.1309	
20.2457	46.71	1.0629	0.6	0.1222	
20.2726	46.7747	1.0661	0.7	0.1134	
20.3038	46.8484	1.0695	0.8	0.1047	
20.3393	46.9311	1.0729	0.9	0.096	
20.3792	47.0228	1.0764	1.0	0.0873	
20.399	47.0687	1.0781	0.5	0.0873	
20.399	47.0687	1.0781	0.0	0.0873	
20.399	47.0687	1.0781	0.0	0.0873	
20.399	47.0687	1.0781	0.0	0.0873	
20.399	47.0687	1.0781	0.0	0.0873	
20.399	47.0687	1.0781	0.0	0.0873	
20.399	47.0687	1.0781	0.0	0.0873	
20.399	47.0687	1.0781	0.0	0.0873	
20.399	47.0687	1.0781	0.0	0.0873	
20.399	47.0687	1.0781	0.0	0.0873	
20.399	47.0687	1.0781	0.0	0.0873	
20.399	47.0687	1.0781	0.0	0.0873	
20.399	47.0687	1.0781	0.0	0.0873	
20.399	47.0687	1.0781	0.0	0.0873	
20.399	47.0687	1.0781	0.0	0.0873	
20.399	47.0687	1.0781	0.0	0.0873	
20.399	47.0687	1.0781	0.0	0.0873	
20.399	47.0687	1.0781	0.0	0.0873	
20.399	47.0687	1.0781	0.0	0.0873	
20.399	47.0687	1.0781	0.0	0.0873	
20.399	47.0687	1.0781	0.0	0.0785	
20.399	47.0687	1.0781	0.0	0.0698	
20.399	47.0687	1.0781	0.0	0.0611	
20.399	47.0687	1.0781	0.0	0.0524	
20.399	47.0687	1.0781	0.0	0.0436	
20.399	47.0687	1.0781	0.0	0.0349	
20.399	47.0687	1.0781	0.0	0.0262	
20.399	47.0687	1.0781	0.0	0.0175	
20.399	47.0687	1.0781	0.0	0.0087	
20.399	47.0687	1.0781	0.0	0.0	
20.4037	47.0775	1.0781	0.1	0.0	
20.4132	47.0951	1.0781	0.2	0.0	
20.4274	47.1215	1.0781	0.3	0.0	
20.4463	47.1568	1.0781	0.4	0.0	
20.4699	47.2008	1.0781	0.5	0.0	
20.4983	47.2537	1.0781	0.6	0.0	
20.5314	47.3154	1.0781	0.7	0.0	
20.5692	47.3859	1.0781	0.8	0.0	
20.6118	47.4651	1.0781	0.9	0.0	
20.6591	47.5533	1.0781	1.0	0.0	
20.687	47.6064	1.0783	0.6	0.0087	
20.6962	47.6242	1.0785	0.2	0.0175	
20.6962	47.6242	1.0785	0.0	0.0262	
20.6962	47.6242	1.0785	0.0	0.0349	
20.6962	47.6242	1.0785	0.0	0.0436	
20.6962	47.6242	1.0785	0.0	0.0524	
20.6962	47.6242	1.0785	0.0	0.0611	
20.6962	47.6242	1.0785	0.0	0.0698	
20.6962	47.6242	1.0785	0.0	0.0785	
20.6962	47.6242	1.0785	0.0	0.0873	
20.6962	47.6242	1.0785	0.0	0.0785	
20.6962	47.6242	1.0785	0.0	0.0698	
20.6962	47.6242	1.0785	0.0	0.0611	
20.6962	47.6242	1.0785	0.0	0.0524	
20.6962	47.6242	1.0785	0.0	0.0436	
20.6962	47.6242	1.0785	0.0	0.0349	
20.6962	47.6242	1.0785	0.0	0.0262	
20.6962	47.6242	1.0785	0.0	0.0175	
20.6962	47.6242	1.0785	0.0	0.0087	
20.6962	47.6242	1.0785	0.0	0.0	
20.7056	47.6418	1.0785	0.2	0.0	
20.7245	47.677	1.0785	0.4	0.0	
20.7529	47.7299	1.0785	0.6	0.0	
20.7907	47.8004	1.0785	0.8	0.0	
20.838	47.8885	1.0785	1.0	0.0	
20.8947	47.9943	1.0785	1.2	0.0	
20.9609	48.1176	1.0785	1.4	0.0	
21.0365	48.2586	1.0785	1.6	0.0	
21.1216	48.4173	1.0785	1.8	0.0	
21.2161	48.5935	1.0785	2.0	0.0	
21.3059	48.761	1.0785	1.9	0.0	
21.391	48.9196	1.0785	1.8	0.0	
21.4714	49.0694	1.0785	1.7	0.0	
21.547	49.2104	1.0785	1.6	0.0	
21.6179	49.3426	1.0785	1.5	0.0	
21.6841	49.4659	1.0785	1.4	0.0	
21.7455	49.5805	1.0785	1.3	0.0	
21.8022	49.6863	1.0785	1.2	0.0	
21.8542	49.7832	1.0785	1.1	0.0	
21.9015	49.8713	1.0785	1.0	0.0	
21.9535	49.9683	1.0785	1.1	0.0	
22.0102	50.074	1.0785	1.2	0.0	
22.0716	50.1886	1.0785	1.3	0.0	
22.1378	50.3119	1.0785	1.4	0.0	
22.2087	50.4441	1.0785	1.5	0.0	
22.2843	50.5851	1.0785	1.6	0.0	
22.3647	50.7349	1.0785	1.7	0.0	
22.4498	50.8936	1.0785	1.8	0.0	
22.5396	51.061	1.0785	1.9	0.0	
22.6341	51.2372	1.0785	2.0	0.0	
22.7318	51.4232	1.0792	2.1	0.0087	
22.8322	51.6189	1.0807	2.2	0.0175	
22.9351	51.8246	1.0832	2.3	0.0262	
23.0401	52.0404	1.0865	2.4	0.0349	
23.1467	52.2665	1.0909	2.5	0.0436	
23.2545	52.5031	1.0963	2.6	0.0524	
23.363	52.7504	1.1029	2.7	0.0611	
23.4707	53.0064	1.1107	2.7778	0.0698	
23.5741	53.2642	1.1194	2.7778	0.0785	
23.6731	53.5238	1.1291	2.7778	0.0873	
23.7717	53.7835	1.1378	2.7778	0.0785	
23.8704	54.0431	1.1455	2.7778	0.0698	
23.9694	54.3027	1.1523	2.7778	0.0611	
24.0688	54.562	1.1581	2.7778	0.0524	
24.169	54.8211	1.163	2.7778	0.0436	
24.2702	55.0798	1.1668	2.7778	0.0349	
24.3727	55.338	1.1698	2.7778	0.0262	
24.4766	55.5956	1.1717	2.7778	0.0175	
24.5823	55.8525	1.1727	2.7778	0.0087	
88	24	3.1416	2.7778	0.0	
87.7722	24.002	3.1408	2.2778	-0.0087	
87.5945	24.0052	3.1396	1.7778	-0.0175	
87.4668	24.0088	3.1382	1.2778	-0.0262	
87.389	24.0118	3.1371	0.7778	-0.0349	
87.3613	24.0131	3.1366	0.2778	-0.0436	
87.3613	24.0131	3.1366	0.0	-0.0524	
87.3613	24.0131	3.1366	0.0	-0.0611	
87.3613	24.0131	3.1366	0.0	-0.0698	
87.3613	24.0131	3.1366	0.0	-0.0785	
87.3613	24.0131	3.1366	0.0	-0.0873	
-1
50.0956	31.0	0.0	0.9556	0.0	
50.2311	31.0	0.0	1.3556	0.0	
50.4067	31.0	0.0	1.7556	0.0	
50.6222	31.0	0.0	2.1556	0.0	
50.8778	31.0	0.0	2.5556	0.0	
51.1556	31.0	0.0	2.7778	0.0	
51.4333	31.0	0.0	2.7778	0.0	
51.7111	31.0	0.0	2.7778	0.0	
51.9889	31.0	0.0	2.7778	0.0	
52.2667	31.0	0.0	2.7778	0.0	
52.5444	30.9976	-0.001	2.7778	-0.0087	
52.8222	30.9925	-0.0029	2.7778	-0.0175	
53.0998	30.9844	-0.0058	2.7778	-0.0262	
53.3774	30.9731	-0.0097	2.7778	-0.0349	
53.6548	30.9583	-0.0145	2.7778	-0.0436	
53.9319	30.9397	-0.0204	2.7778	-0.0524	
54.2088	30.9171	-0.0271	2.7778	-0.0611	
54.4852	30.8902	-0.0349	2.7778	-0.0698	
54.7612	30.8588	-0.0436	2.7778	-0.0785	
55.0366	30.8225	-0.0533	2.7778	-0.0873	
55.2922	30.7886	-0.0614	2.5778	-0.0785	
55.5279	30.7575	-0.068	2.3778	-0.0698	
55.7439	30.7295	-0.0733	2.1778	-0.0611	
55.9401	30.7047	-0.0775	1.9778	-0.0524	
56.1166	30.6832	-0.0806	1.7778	-0.0436	
56.2733	30.665	-0.0828	1.5778	-0.0349	
56.4103	30.6501	-0.0842	1.3778	-0.0262	
56.5274	30.6381	-0.085	1.1778	-0.0175	
56.6248	30.6289	-0.0854	0.9778	-0.0087	
56.7023	30.6223	-0.0854	0.7778	0.0	
56.8097	30.6131	-0.0854	1.0778	0.0	
56.9469	30.6014	-0.0854	1.3778	0.0	
57.1141	30.5871	-0.0854	1.6778	0.0	
57.3112	30.5702	-0.0854	1.9778	0.0	
57.5381	30.5508	-0.0854	2.2778	0.0	
57.7949	30.5288	-0.0854	2.5778	0.0	
58.0717	30.5051	-0.0854	2.7778	0.0	
58.3485	30.4814	-0.0854	2.7778	0.0	
58.6252	30.4577	-0.0854	2.7778	0.0	
58.902	30.434	-0.0854	2.7778	0.0	
59.1788	30.4103	-0.0854	2.7778	0.0	
59.4555	30.3866	-0.0854	2.7778	0.0	
59.7323	30.363	-0.0854	2.7778	0.0	
60.0091	30.3393	-0.0854	2.7778	0.0	
60.2858	30.3156	-0.0854	2.7778	0.0	
60.5626	30.2919	-0.0854	2.7778	0.0	
60.8394	30.2682	-0.0854	2.7778	0.0	
61.1161	30.2445	-0.0854	2.7778	0.0	
61.3929	30.2208	-0.0854	2.7778	0.0	
61.6697	30.1971	-0.0854	2.7778	0.0	
61.9462	30.171	-0.0864	2.7778	-0.0087	
62.2225	30.1422	-0.0883	2.7778	-0.0175	
62.4985	30.1105	-0.0912	2.7778	-0.0262	
62.774	30.0756	-0.0951	2.7778	-0.0349	
63.0491	30.0372	-0.0999	2.7778	-0.0436	
63.3237	29.995	-0.1057	2.7778	-0.0524	
63.5976	29.9489	-0.1125	2.7778	-0.0611	
63.8708	29.8985	-0.1203	2.7778	-0.0698	
64.1431	29.8437	-0.129	2.7778	-0.0785	
64.4144	29.7841	-0.1387	2.7778	-0.0873	
64.6857	29.7242	-0.1474	2.7778	-0.0785	
64.9569	29.6643	-0.1551	2.7778	-0.0698	
65.2282	29.6047	-0.1619	2.7778	-0.0611	
65.4996	29.5457	-0.1677	2.7778	-0.0524	
65.7712	29.4874	-0.1726	2.7778	-0.0436	
66.0431	29.4302	-0.1765	2.7778	-0.0349	
66.3151	29.3743	-0.1794	2.7778	-0.0262	
66.5876	29.3199	-0.1813	2.7778	-0.0175	
66.8603	29.2675	-0.1823	2.7778	-0.0087	
67.1335	29.2171	-0.1823	2.7778	0.0	
67.4062	29.1644	-0.1833	2.7778	-0.0087	
67.6784	29.109	-0.1852	2.7778	-0.0175	
67.95	29.0507	-0.1881	2.7778	-0.0262	
68.2209	28.9893	-0.192	2.7778	-0.0349	
68.491	28.9244	-0.1968	2.7778	-0.0436	
68.7602	28.8559	-0.2026	2.7778	-0.0524	
69.0284	28.7835	-0.2094	2.7778	-0.0611	
69.2954	28.707	-0.2172	2.7778	-0.0698	
69.5611	28.626	-0.2259	2.7778	-0.0785	
69.8254	28.5404	-0.2356	2.7778	-0.0873	
70.0888	28.4523	-0.2453	2.7778	-0.0873	
70.3514	28.3616	-0.2549	2.7778	-0.0873	
70.6131	28.2684	-0.2646	2.7778	-0.0873	
70.8738	28.1727	-0.2743	2.7778	-0.0873	
71.1336	28.0744	-0.284	2.7778	-0.0873	
71.3925	27.9736	-0.2937	2.7778	-0.0873	
71.6504	27.8703	-0.3034	2.7778	-0.0873	
71.9072	27.7646	-0.3131	2.7778	-0.0873	
72.163	27.6563	-0.3227	2.7778	-0.0873	
72.4178	27.5456	-0.3324	2.7778	-0.0873	
72.6441	27.4446	-0.3411	2.4778	-0.0873	
72.8422	27.3542	-0.3486	2.1778	-0.0873	
73.0124	27.2749	-0.3552	1.8778	-0.0873	
73.155	27.2073	-0.3607	1.5778	-0.0873	
73.2701	27.152	-0.3652	1.2778	-0.0873	
73.3581	27.1092	-0.3686	0.9778	-0.0873	
73.4189	27.0794	-0.3709	0.6778	-0.0873	
73.4528	27.0627	-0.3722	0.3778	-0.0873	
73.4598	27.0593	-0.3725	0.0778	-0.0873	
73.4598	27.0593	-0.3725	0.0	-0.0873	
73.4598	27.0593	-0.3725	0.0	-0.0785	
73.4598	27.0593	-0.3725	0.0	-0.0698	
73.4598	27.0593	-0.3725	0.0	-0.0611	
73.4598	27.0593	-0.3725	0.0	-0.0524	
73.4598	27.0593	-0.3725	0.0	-0.0436	
73.4598	27.0593	-0.3725	0.0	-0.0349	
73.4598	27.0593	-0.3725	0.0	-0.0262	
73.4598	27.0593	-0.3725	0.0	-0.0175	
73.4598	27.0593	-0.3725	0.0	-0.0087	
73.4598	27.0593	-0.3725	0.0	0.0	
73.4598	27.0593	-0.3725	0.0	-0.0087	
73.4598	27.0593	-0.3725	0.0	-0.0175	
73.4598	27.0593	-0.3725	0.0	-0.0262	
73.4598	27.0593	-0.3725	0.0	-0.0349	
73.4598	27.0593	-0.3725	0.0	-0.0436	
73.4598	27.0593	-0.3725	0.0	-0.0524	
73.4598	27.0593	-0.3725	0.0	-0.0611	
73.4598	27.0593	-0.3725	0.0	-0.0698	
73.4598	27.0593	-0.3725	0.0	-0.0785	
73.4598	27.0593	-0.3725	0.0	-0.0873	
73.4598	27.0593	-0.3725	0.0	-0.0785	
73.4598	27.0593	-0.3725	0.0	-0.0698	
73.4598	27.0593	-0.3725	0.0	-0.0611	
73.4598	27.0593	-0.3725	0.0	-0.0524	
73.4598	27.0593	-0.3725	0.0	-0.0436	
73.4598	27.0593	-0.3725	0.0	-0.0349	
73.4598	27.0593	-0.3725	0.0	-0.0262	
73.4598	27.0593	-0.3725	0.0	-0.0175	
73.4598	27.0593	-0.3725	0.0	-0.0087	
73.4598	27.0593	-0.3725	0.0	0.0	
73.4598	27.0593	-0.3725	0.0	-0.0087	
73.4598	27.0593	-0.3725	0.0	-0.0175	
73.4598	27.0593	-0.3725	0.0	-0.0262	
73.4598	27.0593	-0.3725	0.0	-0.0349	
73.4598	27.0593	-0.3725	0.0	-0.0436	
73.4598	27.0593	-0.3725	0.0	-0.0524	
73.4598	27.0593	-0.3725	0.0	-0.0611	
73.4598	27.0593	-0.3725	0.0	-0.0698	
73.4598	27.0593	-0.3725	0.0	-0.0785	
73.4598	27.0593	-0.3725	0.0	-0.0873	
73.4598	27.0593	-0.3725	0.0	-0.096	
73.4598	27.0593	-0.3725	0.0	-0.1047	
73.4598	27.0593	-0.3725	0.0	-0.1134	
73.4598	27.0593	-0.3725	0.0	-0.1222	
73.4598	27.0593	-0.3725	0.0	-0.1309	
73.4598	27.0593	-0.3725	0.0	-0.1396	
73.4598	27.0593	-0.3725	0.0	-0.1484	
73.4598	27.0593	-0.3725	0.0	-0.1571	
73.4598	27.0593	-0.3725	0.0	-0.1658	
73.4598	27.0593	-0.3725	0.0	-0.1745	
73.4854	27.0436	-0.3746	0.3	-0.1745	
73.5366	27.0123	-0.3788	0.6	-0.1745	
73.6132	26.965	-0.385	0.9	-0.1745	
73.7149	26.9013	-0.3933	1.2	-0.1745	
73.8413	26.8207	-0.4038	1.5	-0.1745	
73.992	26.7223	-0.4163	1.8	-0.1745	
74.1665	26.6053	-0.4309	2.1	-0.1745	
74.3638	26.4687	-0.4475	2.4	-0.1745	
74.5832	26.3114	-0.4663	2.7	-0.1745	
74.8059	26.1453	-0.4856	2.7778	-0.1745	
74.9846	26.0041	-0.5022	2.2778	-0.1833	
75.1212	25.8903	-0.5157	1.7778	-0.192	
75.2176	25.8064	-0.5259	1.2778	-0.2007	
75.2753	25.7543	-0.5324	0.7778	-0.2094	
75.2956	25.7353	-0.5348	0.2778	-0.2182	
75.2956	25.7353	-0.5348	0.0	-0.2269	
75.2956	25.7353	-0.5348	0.0	-0.2356	
75.2956	25.7353	-0.5348	0.0	-0.2443	
75.2956	25.7353	-0.5348	0.0	-0.2531	
75.2956	25.7353	-0.5348	0.0	-0.2618	
75.3094	25.7209	-0.5369	0.2	-0.2705	
75.3368	25.6917	-0.5414	0.4	-0.2793	
75.3774	25.6475	-0.5482	0.6	-0.288	
75.4305	25.5877	-0.5575	0.8	-0.2967	
75.4955	25.5117	-0.5696	1.0	-0.3054	
75.5716	25.4189	-0.5844	1.2	-0.3142	
75.6578	25.3086	-0.6022	1.4	-0.3229	
75.753	25.18	-0.623	1.6	-0.3316	
75.8557	25.0322	-0.647	1.8	-0.3403	
75.9645	24.8643	-0.6744	2.0	-0.3491	
76.0773	24.6755	-0.7052	2.2	-0.3578	
76.1922	24.4648	-0.7396	2.4	-0.3665	
76.3066	24.2313	-0.7777	2.6	-0.3752	
76.4171	23.9765	-0.8194	2.7778	-0.384	
76.5147	23.7164	-0.8619	2.7778	-0.3927	
76.5987	23.4516	-0.9053	2.7778	-0.4014	
76.6689	23.1828	-0.9496	2.7778	-0.4102	
76.7247	22.9107	-0.9948	2.7778	-0.4189	
76.7658	22.636	-1.0409	2.7778	-0.4276	
76.7918	22.3594	-1.0878	2.7778	-0.4363	
76.8049	22.122	-1.1273	2.3778	-0.4276	
76.8098	21.9243	-1.1594	1.9778	-0.4189	
76.81	21.7665	-1.1846	1.5778	-0.4102	
76.8082	21.6488	-1.203	1.1778	-0.4014	
76.8063	21.571	-1.2149	0.7778	-0.3927	
76.8052	21.5333	-1.2206	0.3778	-0.384	
76.8052	21.5333	-1.2206	0.0	-0.3752	
76.8052	21.5333	-1.2206	0.0	-0.3665	
76.8052	21.5333	-1.2206	0.0	-0.3578	
76.8052	21.5333	-1.2206	0.0	-0.3491	
76.8053	21.4833	-1.2274	0.5	-0.3491	
76.8047	21.3833	-1.2411	1.0	-0.3491	
76.8018	21.2333	-1.2616	1.5	-0.3491	
76.7938	21.0334	-1.289	2.0	-0.3491	
76.777	20.784	-1.3232	2.5	-0.3491	
76.7489	20.5077	-1.3612	2.7778	-0.3491	
76.7103	20.2326	-1.3992	2.7778	-0.3491	
76.6612	19.9592	-1.4372	2.7778	-0.3491	
76.6018	19.6878	-1.4752	2.7778	-0.3491	
76.5322	19.4189	-1.5132	2.7778	-0.3491	
76.45	19.1536	-1.5521	2.7778	-0.3578	
76.3553	18.8924	-1.5919	2.7778	-0.3665	
76.2481	18.6362	-1.6327	2.7778	-0.3752	
76.1283	18.3855	-1.6743	2.7778	-0.384	
75.9961	18.1413	-1.7168	2.7778	-0.3927	
75.8515	17.9041	-1.7602	2.7778	-0.4014	
75.6948	17.6747	-1.8045	2.7778	-0.4102	
75.5261	17.4541	-1.8497	2.7778	-0.4189	
75.3458	17.2428	-1.8958	2.7778	-0.4276	
75.1541	17.0417	-1.9427	2.7778	-0.4363	
74.9735	16.8721	-1.9854	2.4778	-0.4451	
74.8072	16.7314	-2.0236	2.1778	-0.4538	
74.6584	16.6169	-2.0571	1.8778	-0.4625	
74.5293	16.5261	-2.0858	1.5778	-0.4712	
74.4222	16.4566	-2.1094	1.2778	-0.48	
74.3385	16.406	-2.1277	0.9778	-0.4887	
74.2795	16.3725	-2.1407	0.6778	-0.4974	
74.2463	16.3546	-2.148	0.3778	-0.5061	
74.2394	16.351	-2.1495	0.0778	-0.5149	
74.2394	16.351	-2.1495	0.0	-0.5236	
74.2305	16.3465	-2.1515	0.1	-0.5236	
74.2126	16.3375	-2.1555	0.2	-0.5236	
74.1858	16.3241	-2.1615	0.3	-0.5236	
74.1499	16.3065	-2.1695	0.4	-0.5236	
74.1048	16.2848	-2.1795	0.5	-0.5236	
74.0505	16.2593	-2.1915	0.6	-0.5236	
73.9868	16.2304	-2.2055	0.7	-0.5236	
73.9135	16.1983	-2.2215	0.8	-0.5236	
73.8304	16.1635	-2.2395	0.9	-0.5236	
73.7375	16.1266	-2.2595	1.0	-0.5236	
73.653	16.0957	-2.2778	0.9	-0.5323	
73.5771	16.0704	-2.2943	0.8	-0.5411	
73.5102	16.0498	-2.3089	0.7	-0.5498	
73.4524	16.0336	-2.3216	0.6	-0.5585	
73.404	16.0211	-2.3324	0.5	-0.5672	
73.3651	16.0119	-2.3411	0.4	-0.576	
73.3358	16.0054	-2.3477	0.3	-0.5847	
73.3162	16.0014	-2.3522	0.2	-0.5934	
73.3064	15.9996	-2.3544	0.1	-0.6021	
73.3064	15.9996	-2.3544	0.0	-0.6109	
73.2768	15.9943	-2.3613	0.3	-0.6109	
73.2177	15.9842	-2.3751	0.6	-0.6109	
73.1288	15.9703	-2.3957	0.9	-0.6109	
73.0099	15.9541	-2.4233	1.2	-0.6109	
72.8607	15.938	-2.4577	1.5	-0.6109	
72.6812	15.9249	-2.499	1.8	-0.6109	
72.4713	15.9182	-2.5472	2.1	-0.6109	
72.2313	15.9222	-2.6022	2.4	-0.6109	
71.962	15.9415	-2.6642	2.7	-0.6109	
71.6867	15.9784	-2.7279	2.7778	-0.6109	
71.4143	16.0328	-2.7916	2.7778	-0.6109	
71.146	16.1045	-2.8554	2.7778	-0.6109	
70.8827	16.1931	-2.9191	2.7778	-0.6109	
70.6256	16.2983	-2.9828	2.7778	-0.6109	
70.3757	16.4196	-3.0466	2.7778	-0.6109	
70.1341	16.5566	-3.1103	2.7778	-0.6109	
69.9017	16.7088	3.1092	2.7778	-0.6109	
69.6794	16.8754	3.0454	2.7778	-0.6109	
69.4682	17.0558	2.9817	2.7778	-0.6109	
69.2689	17.2493	2.918	2.7778	-0.6109	
69.0824	17.4552	2.8542	2.7778	-0.6109	
68.9093	17.6724	2.7905	2.7778	-0.6109	
68.7505	17.9003	2.7268	2.7778	-0.6109	
68.6064	18.1378	2.6631	2.7778	-0.6109	
68.4778	18.384	2.5993	2.7778	-0.6109	
68.3652	18.6379	2.5356	2.7778	-0.6109	
68.2689	18.8985	2.4719	2.7778	-0.6109	
68.1894	19.1647	2.4081	2.7778	-0.6109	
68.127	19.4353	2.3444	2.7778	-0.6109	
68.082	19.7095	2.2807	2.7778	-0.6109	
68.0522	19.9856	2.2177	2.7778	-0.6021	
68.0373	20.263	2.1556	2.7778	-0.5934	
68.0373	20.5408	2.0943	2.7778	-0.5847	
68.0518	20.8182	2.0338	2.7778	-0.576	
68.0807	21.0944	1.9741	2.7778	-0.5672	
68.1237	21.3689	1.9152	2.7778	-0.5585	
68.1804	21.6408	1.8571	2.7778	-0.5498	
68.2503	21.9096	1.7999	2.7778	-0.5411	
68.3333	22.1747	1.7435	2.7778	-0.5323	
68.4288	22.4356	1.6879	2.7778	-0.5236	
68.5228	22.654	1.6404	2.3778	-0.5236	
68.6095	22.8317	1.6008	1.9778	-0.5236	
68.6843	22.9707	1.5693	1.5778	-0.5236	
68.7433	23.0726	1.5457	1.1778	-0.5236	
68.7839	23.139	1.5302	0.7778	-0.5236	
68.8041	23.1709	1.5226	0.3778	-0.5236	
68.8041	23.1709	1.5226	0.0	-0.5236	
68.8041	23.1709	1.5226	0.0	-0.5236	
68.8041	23.1709	1.5226	0.0	-0.5236	
68.8041	23.1709	1.5226	0.0	-0.5236	
68.8041	23.1709	1.5226	0.0	-0.5236	
68.8041	23.1709	1.5226	0.0	-0.5236	
68.8041	23.1709	1.5226	0.0	-0.5236	
68.8041	23.1709	1.5226	0.0	-0.5236	
68.8041	23.1709	1.5226	0.0	-0.5236	
68.8041	23.1709	1.5226	0.0	-0.5236	
68.8041	23.1709	1.5226	0.0	-0.5236	
68.8041	23.1709	1.5226	0.0	-0.5236	
68.8041	23.1709	1.5226	0.0	-0.5236	
68.8041	23.1709	1.5226	0.0	-0.5236	
68.8201	23.1962	1.5167	0.3	-0.5149	
68.852	23.2471	1.5051	0.6	-0.5061	
68.9	23.3232	1.4879	0.9	-0.4974	
68.9649	23.4241	1.4654	1.2	-0.4887	
69.0478	23.5491	1.4377	1.5	-0.48	
69.1501	23.6972	1.405	1.8	-0.4712	
69.2735	23.8671	1.3675	2.1	-0.4625	
69.4201	24.0572	1.3254	2.4	-0.4538	
69.5921	24.2653	1.2789	2.7	-0.4451	
69.777	24.4726	1.2319	2.7778	-0.4363	
69.9378	24.6339	1.1927	2.2778	-0.4451	
70.0692	24.7537	1.1616	1.7778	-0.4538	
70.167	24.8359	1.1387	1.2778	-0.4625	
70.2281	24.884	1.1246	0.7778	-0.4712	
70.2503	24.9007	1.1195	0.2778	-0.48	
70.2503	24.9007	1.1195	0.0	-0.4887	
70.2503	24.9007	1.1195	0.0	-0.4974	
70.2503	24.9007	1.1195	0.0	-0.5061	
70.2503	24.9007	1.1195	0.0	-0.5149	
70.2503	24.9007	1.1195	0.0	-0.5236	
70.2503	24.9007	1.1195	0.0	-0.5149	
70.2503	24.9007	1.1195	0.0	-0.5061	
70.2503	24.9007	1.1195	0.0	-0.4974	
70.2503	24.9007	1.1195	0.0	-0.4887	
70.2503	24.9007	1.1195	0.0	-0.48	
70.2503	24.9007	1.1195	0.0	-0.4712	
70.2503	24.9007	1.1195	0.0	-0.4625	
70.2503	24.9007	1.1195	0.0	-0.4538	
70.2503	24.9007	1.1195	0.0	-0.4451	
70.2503	24.9007	1.1195	0.0	-0.4363	
70.2503	24.9007	1.1195	0.0	-0.4276	
70.2503	24.9007	1.1195	0.0	-0.4189	
70.2503	24.9007	1.1195	0.0	-0.4102	
70.2503	24.9007	1.1195	0.0	-0.4014	
70.2503	24.9007	1.1195	0.0	-0.3927	
70.2503	24.9007	1.1195	0.0	-0.384	
70.2503	24.9007	1.1195	0.0	-0.3752	
70.2503	24.9007	1.1195	0.0	-0.3665	
70.2503	24.9007	1.1195	0.0	-0.3578	
70.2503	24.9007	1.1195	0.0	-0.3491	
70.2503	24.9007	1.1195	0.0	-0.3491	
70.2503	24.9007	1.1195	0.0	-0.3491	
70.2503	24.9007	1.1195	0.0	-0.3491	
70.2503	24.9007	1.1195	0.0	-0.3491	
70.2503	24.9007	1.1195	0.0	-0.3491	
70.2503	24.9007	1.1195	0.0	-0.3491	
70.2503	24.9007	1.1195	0.0	-0.3491	
70.2503	24.9007	1.1195	0.0	-0.3491	
70.2503	24.9007	1.1195	0.0	-0.3491	
70.2503	24.9007	1.1195	0.0	-0.3491	
70.2718	24.9216	1.1154	0.3	-0.3491	
70.3151	24.9632	1.1072	0.6	-0.3491	
70.3804	25.0251	1.0949	0.9	-0.3491	
70.4686	25.1065	1.0784	1.2	-0.3491	
70.5804	25.2065	1.0579	1.5	-0.3491	
70.717	25.3237	1.0333	1.8	-0.3491	
70.8798	25.4564	1.0046	2.1	-0.3491	
71.07	25.6027	0.9717	2.4	-0.3491	
71.2893	25.7602	0.9348	2.7	-0.3491	
71.5208	25.9137	0.8968	2.7778	-0.3491	
71.7567	26.0605	0.8597	2.7778	-0.3403	
71.9966	26.2004	0.8235	2.7778	-0.3316	
72.2403	26.3338	0.7883	2.7778	-0.3229	
72.4874	26.4606	0.7539	2.7778	-0.3142	
72.7378	26.581	0.7205	2.7778	-0.3054	
72.991	26.6953	0.688	2.7778	-0.2967	
73.2468	26.8034	0.6565	2.7778	-0.288	
73.505	26.9058	0.6259	2.7778	-0.2793	
73.7655	27.0024	0.5962	2.7778	-0.2705	
74.0279	27.0936	0.5674	2.7778	-0.2618	
74.2825	27.1764	0.5406	2.6778	-0.2531	
74.5291	27.2516	0.5156	2.5778	-0.2443	
74.7672	27.3201	0.4925	2.4778	-0.2356	
74.9966	27.3825	0.4711	2.3778	-0.2269	
75.2172	27.4395	0.4514	2.2778	-0.2182	
75.4286	27.4917	0.4333	2.1778	-0.2094	
75.6308	27.5396	0.4167	2.0778	-0.2007	
75.8236	27.5837	0.4016	1.9778	-0.192	
76.0069	27.6243	0.3879	1.8778	-0.1833	
76.1806	27.662	0.3756	1.7778	-0.1745	
76.335	27.6948	0.3652	1.5778	-0.1658	
76.4698	27.7233	0.3565	1.3778	-0.1571	
76.585	27.7476	0.3496	1.1778	-0.1484	
76.6806	27.768	0.3441	0.9778	-0.1396	
76.7567	27.7845	0.3401	0.7778	-0.1309	
76.8131	27.797	0.3373	0.5778	-0.1222	
76.8499	27.8054	0.3355	0.3778	-0.1134	
76.8672	27.8094	0.3348	0.1778	-0.1047	
76.8672	27.8094	0.3348	0.0	-0.096	
76.8672	27.8094	0.3348	0.0	-0.0873	
-1
54.9984	8.8133	-1.5714	1.8667	-0.0087	
54.9946	8.6067	-1.5729	2.0667	-0.0175	
54.9882	8.3801	-1.5753	2.2667	-0.0262	
54.9785	8.1337	-1.5787	2.4667	-0.0349	
54.9648	7.8673	-1.5834	2.6667	-0.0436	
54.9468	7.5902	-1.5892	2.7778	-0.0524	
54.9247	7.3132	-1.596	2.7778	-0.0611	
54.8984	7.0367	-1.6037	2.7778	-0.0698	
54.8675	6.7607	-1.6124	2.7778	-0.0785	
54.8318	6.4852	-1.6221	2.7778	-0.0873	
54.7934	6.2101	-1.6318	2.7778	-0.0873	
54.7524	5.9354	-1.6415	2.7778	-0.0873	
54.7087	5.661	-1.6512	2.7778	-0.0873	
54.6623	5.3871	-1.6608	2.7778	-0.0873	
54.6133	5.1137	-1.6705	2.7778	-0.0873	
54.5617	4.8408	-1.6802	2.7778	-0.0873	
54.5074	4.5684	-1.6899	2.7778	-0.0873	
54.4505	4.2965	-1.6996	2.7778	-0.0873	
54.3909	4.0252	-1.7093	2.7778	-0.0873	
85	24	1.5708	2.7778	-0.0873	
85.0199	24.2269	1.5629	2.2778	-0.0873	
85.0368	24.4039	1.5567	1.7778	-0.0873	
85.0497	24.531	1.5522	1.2778	-0.0873	
85.0579	24.6083	1.5495	0.7778	-0.0873	
85.0609	24.636	1.5485	0.2778	-0.0873	
85.0609	24.636	1.5485	0.0	-0.0873	
85.0609	24.636	1.5485	0.0	-0.0873	
85.0609	24.636	1.5485	0.0	-0.0873	
85.0609	24.636	1.5485	0.0	-0.0873	
85.0609	24.636	1.5485	0.0	-0.0873	
85.0659	24.6857	1.547	0.5	-0.0785	
85.0753	24.7853	1.5442	1.0	-0.0698	
85.0884	24.9347	1.5405	1.5	-0.0611	
85.105	25.134	1.5363	2.0	-0.0524	
85.1245	25.3832	1.532	2.5	-0.0436	
85.1449	25.6603	1.5281	2.7778	-0.0349	
85.1641	25.9374	1.5252	2.7778	-0.0262	
85.1816	26.2146	1.5232	2.7778	-0.0175	
85.1972	26.492	1.5223	2.7778	-0.0087	
85.2107	26.7694	1.5223	2.7778	0.0	
85.2266	27.0467	1.5213	2.7778	-0.0087	
85.2452	27.3239	1.5193	2.7778	-0.0175	
85.2667	27.6008	1.5164	2.7778	-0.0262	
85.2915	27.8775	1.5126	2.7778	-0.0349	
85.3197	28.1538	1.5077	2.7778	-0.0436	
85.3517	28.4298	1.5019	2.7778	-0.0524	
85.3877	28.7052	1.4951	2.7778	-0.0611	
85.428	28.98	1.4874	2.7778	-0.0698	
85.4728	29.2542	1.4786	2.7778	-0.0785	
85.5223	29.5275	1.469	2.7778	-0.0873	
85.5722	29.8008	1.4602	2.7778	-0.0785	
85.622	30.074	1.4525	2.7778	-0.0698	
85.6716	30.3474	1.4457	2.7778	-0.0611	
85.7206	30.6208	1.4399	2.7778	-0.0524	
85.7688	30.8943	1.4351	2.7778	-0.0436	
85.816	31.1681	1.4312	2.7778	-0.0349	
85.8619	31.442	1.4283	2.7778	-0.0262	
85.9061	31.7163	1.4263	2.7778	-0.0175	
85.9485	31.9908	1.4254	2.7778	-0.0087	
85.9888	32.2656	1.4254	2.7778	0.0	
86.0232	32.5009	1.4254	2.3778	0.0	
86.0519	32.6966	1.4254	1.9778	0.0	
86.0747	32.8527	1.4254	1.5778	0.0	
86.0918	32.9693	1.4254	1.1778	0.0	
86.1031	33.0462	1.4254	0.7778	0.0	
86.1086	33.0836	1.4254	0.3778	0.0	
86.1086	33.0836	1.4254	0.0	0.0	
86.1086	33.0836	1.4254	0.0	0.0	
86.1086	33.0836	1.4254	0.0	0.0	
86.1086	33.0836	1.4254	0.0	0.0	
86.1101	33.0935	1.4253	0.1	-0.0087	
86.1133	33.1132	1.4252	0.2	-0.0175	
86.1185	33.1428	1.4249	0.3	-0.0262	
86.1257	33.1821	1.4243	0.4	-0.0349	
86.1351	33.2312	1.4234	0.5	-0.0436	
86.147	33.29	1.4222	0.6	-0.0524	
86.1616	33.3585	1.4205	0.7	-0.0611	
86.1791	33.4366	1.4182	0.8	-0.0698	
86.1997	33.5242	1.4154	0.9	-0.0785	
86.2237	33.6212	1.4119	1.0	-0.0873	
86.2505	33.7279	1.4081	1.1	-0.0873	
86.2802	33.8442	1.4039	1.2	-0.0873	
86.3129	33.97	1.3994	1.3	-0.0873	
86.3487	34.1054	1.3945	1.4	-0.0873	
86.3878	34.2502	1.3893	1.5	-0.0873	
86.4303	34.4044	1.3837	1.6	-0.0873	
86.4763	34.5681	1.3778	1.7	-0.0873	
86.5261	34.741	1.3715	1.8	-0.0873	
86.5798	34.9233	1.3649	1.9	-0.0873	
86.6376	35.1148	1.3579	2.0	-0.0873	
86.7066	35.3446	1.3504	2.4	-0.0785	
86.7861	35.6108	1.3426	2.7778	-0.0698	
86.8653	35.877	1.3358	2.7778	-0.0611	
86.944	36.1434	1.33	2.7778	-0.0524	
87.022	36.41	1.3252	2.7778	-0.0436	
87.0989	36.677	1.3213	2.7778	-0.0349	
87.1745	36.9442	1.3184	2.7778	-0.0262	
87.2486	37.212	1.3164	2.7778	-0.0175	
87.3208	37.4802	1.3155	2.7778	-0.0087	
87.391	37.749	1.3155	2.7778	0.0	
87.4588	38.0183	1.3164	2.7778	0.0087	
87.524	38.2884	1.3184	2.7778	0.0175	
87.5863	38.5591	1.3213	2.7778	0.0262	
87.6454	38.8305	1.3252	2.7778	0.0349	
87.7012	39.1026	1.33	2.7778	0.0436	
87.7532	39.3755	1.3358	2.7778	0.0524	
87.8012	39.649	1.3426	2.7778	0.0611	
87.8451	39.9233	1.3504	2.7778	0.0698	
87.8843	40.1983	1.3591	2.7778	0.0785	
87.9188	40.474	1.3688	2.7778	0.0873	
87.9482	40.7502	1.3794	2.7778	0.096	
87.9723	41.0269	1.391	2.7778	0.1047	
87.9907	41.3041	1.4036	2.7778	0.1134	
88.0032	41.5816	1.4171	2.7778	0.1222	
88.0095	41.8593	1.4316	2.7778	0.1309	
88.0094	42.1371	1.4471	2.7778	0.1396	
88.0025	42.4148	1.4635	2.7778	0.1484	
87.9887	42.6922	1.4809	2.7778	0.1571	
87.9676	42.9692	1.4993	2.7778	0.1658	
87.939	43.2455	1.5185	2.7778	0.1745	
87.9028	43.5209	1.5388	2.7778	0.1833	
87.8585	43.7951	1.56	2.7778	0.192	
87.8061	44.0679	1.5822	2.7778	0.2007	
87.7452	44.3389	1.6053	2.7778	0.2094	
87.6758	44.6079	1.6293	2.7778	0.2182	
87.5976	44.8744	1.6543	2.7778	0.2269	
87.5105	45.1382	1.6802	2.7778	0.2356	
87.4142	45.3987	1.7071	2.7778	0.2443	
87.3088	45.6557	1.7349	2.7778	0.2531	
87.194	45.9087	1.7637	2.7778	0.2618	
87.0922	46.1124	1.788	2.2778	0.2705	
87.0075	46.2688	1.8076	1.7778	0.2793	
86.9435	46.3793	1.8222	1.2778	0.288	
86.9029	46.4457	1.8313	0.7778	0.2967	
86.888	46.4692	1.8346	0.2778	0.3054	
86.888	46.4692	1.8346	0.0	0.3142	
86.888	46.4692	1.8346	0.0	0.3229	
86.888	46.4692	1.8346	0.0	0.3316	
86.888	46.4692	1.8346	0.0	0.3403	
86.888	46.4692	1.8346	0.0	0.3491	
86.888	46.4692	1.8346	0.0	0.3403	
86.888	46.4692	1.8346	0.0	0.3316	
86.888	46.4692	1.8346	0.0	0.3229	
86.888	46.4692	1.8346	0.0	0.3142	
86.888	46.4692	1.8346	0.0	0.3054	
86.888	46.4692	1.8346	0.0	0.2967	
86.888	46.4692	1.8346	0.0	0.288	
86.888	46.4692	1.8346	0.0	0.2793	
86.888	46.4692	1.8346	0.0	0.2705	
86.888	46.4692	1.8346	0.0	0.2618	
86.878	46.4865	1.8367	0.2	0.2618	
86.8579	46.521	1.8408	0.4	0.2618	
86.8274	46.5727	1.847	0.6	0.2618	
86.7865	46.6414	1.8553	0.8	0.2618	
86.7345	46.7269	1.8657	1.0	0.2618	
86.6711	46.8288	1.8781	1.2	0.2618	
86.5957	46.9467	1.8926	1.4	0.2618	
86.5075	47.0802	1.9091	1.6	0.2618	
86.4058	47.2288	1.9278	1.8	0.2618	
86.2898	47.3917	1.9485	2.0	0.2618	
86.1751	47.5431	1.9688	1.9	0.2705	
86.0623	47.6834	1.9886	1.8	0.2793	
85.9521	47.8128	2.0079	1.7	0.288	
85.8449	47.9316	2.0267	1.6	0.2967	
85.7414	48.0402	2.0447	1.5	0.3054	
85.6422	48.1389	2.062	1.4	0.3142	
85.5476	48.2282	2.0785	1.3	0.3229	
85.4583	48.3084	2.0941	1.2	0.3316	
85.3747	48.3798	2.1088	1.1	0.3403	
85.2972	48.443	2.1225	1.0	0.3491	
85.1882	48.5309	2.1412	1.4	0.3403	
85.047	48.6425	2.1646	1.8	0.3316	
84.8724	48.7763	2.1926	2.2	0.3229	
84.6631	48.9305	2.2247	2.6	0.3142	
84.4356	49.09	2.2581	2.7778	0.3054	
84.2043	49.2438	2.2906	2.7778	0.2967	
83.9694	49.3921	2.3221	2.7778	0.288	
83.7312	49.5349	2.3528	2.7778	0.2793	
83.4899	49.6725	2.3825	2.7778	0.2705	
83.2457	49.8051	2.4112	2.7778	0.2618	
83.0257	49.9189	2.436	2.4778	0.2531	
82.8306	50.0158	2.4571	2.1778	0.2443	
82.6615	50.0973	2.4746	1.8778	0.2356	
82.5187	50.1645	2.4888	1.5778	0.2269	
82.4028	50.2183	2.4999	1.2778	0.2182	
82.314	50.2593	2.508	0.9778	0.2094	
82.2525	50.2877	2.5134	0.6778	0.2007	
82.2183	50.3036	2.5163	0.3778	0.192	
82.2112	50.307	2.5169	0.0778	0.1833	
82.2112	50.307	2.5169	0.0	0.1745	
82.2112	50.307	2.5169	0.0	0.1745	
82.2112	50.307	2.5169	0.0	0.1745	
82.2112	50.307	2.5169	0.0	0.1745	
82.2112	50.307	2.5169	0.0	0.1745	
82.2112	50.307	2.5169	0.0	0.1745	
82.2112	50.307	2.5169	0.0	0.1745	
82.2112	50.307	2.5169	0.0	0.1745	
82.2112	50.307	2.5169	0.0	0.1745	
82.2112	50.307	2.5169	0.0	0.1745	
82.2112	50.307	2.5169	0.0	0.1745	
82.2112	50.307	2.5169	0.0	0.1833	
82.2112	50.307	2.5169	0.0	0.192	
82.2112	50.307	2.5169	0.0	0.2007	
82.2112	50.307	2.5169	0.0	0.2094	
82.2112	50.307	2.5169	0.0	0.2182	
82.2112	50.307	2.5169	0.0	0.2269	
82.2112	50.307	2.5169	0.0	0.2356	
82.2112	50.307	2.5169	0.0	0.2443	
82.2112	50.307	2.5169	0.0	0.2531	
82.2112	50.307	2.5169	0.0	0.2618	
82.2112	50.307	2.5169	0.0	0.2705	
82.2112	50.307	2.5169	0.0	0.2793	
82.2112	50.307	2.5169	0.0	0.288	
82.2112	50.307	2.5169	0.0	0.2967	
82.2112	50.307	2.5169	0.0	0.3054	
82.2112	50.307	2.5169	0.0	0.3142	
82.2112	50.307	2.5169	0.0	0.3229	
82.2112	50.307	2.5169	0.0	0.3316	
82.2112	50.307	2.5169	0.0	0.3403	
82.2112	50.307	2.5169	0.0	0.3491	
82.2112	50.307	2.5169	0.0	0.3403	
82.2112	50.307	2.5169	0.0	0.3316	
82.2112	50.307	2.5169	0.0	0.3229	
82.2112	50.307	2.5169	0.0	0.3142	
82.2112	50.307	2.5169	0.0	0.3054	
82.2112	50.307	2.5169	0.0	0.2967	
82.2112	50.307	2.5169	0.0	0.288	
82.2112	50.307	2.5169	0.0	0.2793	
82.2112	50.307	2.5169	0.0	0.2705	
82.2112	50.307	2.5169	0.0	0.2618	
82.1643	50.3243	2.5222	0.5	0.2705	
82.0701	50.3577	2.5333	1.0	0.2793	
81.9277	50.4049	2.5503	1.5	0.288	
81.7363	50.463	2.5737	2.0	0.2967	
81.4949	50.5278	2.6038	2.5	0.3054	
81.224	50.5894	2.6381	2.7778	0.3142	
80.9508	50.6393	2.6734	2.7778	0.3229	
80.6756	50.6772	2.7095	2.7778	0.3316	
80.399	50.7026	2.7466	2.7778	0.3403	
80.1215	50.7154	2.7846	2.7778	0.3491	
79.8937	50.7192	2.815	2.2778	0.3403	
79.7159	50.7183	2.8382	1.7778	0.3316	
79.5882	50.7158	2.8544	1.2778	0.3229	
79.5104	50.7137	2.864	0.7778	0.3142	
79.4827	50.7129	2.8674	0.2778	0.3054	
79.4827	50.7129	2.8674	0.0	0.2967	
79.4827	50.7129	2.8674	0.0	0.288	
79.4827	50.7129	2.8674	0.0	0.2793	
79.4827	50.7129	2.8674	0.0	0.2705	
79.4827	50.7129	2.8674	0.0	0.2618	
79.4827	50.7129	2.8674	0.0	0.2531	
79.4827	50.7129	2.8674	0.0	0.2443	
79.4827	50.7129	2.8674	0.0	0.2356	
79.4827	50.7129	2.8674	0.0	0.2269	
79.4827	50.7129	2.8674	0.0	0.2182	
79.4827	50.7129	2.8674	0.0	0.2094	
79.4827	50.7129	2.8674	0.0	0.2007	
79.4827	50.7129	2.8674	0.0	0.192	
79.4827	50.7129	2.8674	0.0	0.1833	
79.4827	50.7129	2.8674	0.0	0.1745	
79.4628	50.7149	2.8688	0.2	0.1745	
79.423	50.7188	2.8715	0.4	0.1745	
79.3632	50.7245	2.8757	0.6	0.1745	
79.2836	50.7318	2.8813	0.8	0.1745	
79.1839	50.7404	2.8882	1.0	0.1745	
79.0643	50.7499	2.8965	1.2	0.1745	
78.9247	50.7597	2.9063	1.4	0.1745	
78.765	50.7694	2.9174	1.6	0.1745	
78.5852	50.7784	2.9299	1.8	0.1745	
78.3853	50.7858	2.9438	2.0	0.1745	
78.1553	50.7892	2.9605	2.3	0.1833	
77.8954	50.7863	2.9804	2.6	0.192	
77.6178	50.7754	3.0025	2.7778	0.2007	
77.3407	50.7558	3.0256	2.7778	0.2094	
77.0644	50.7275	3.0497	2.7778	0.2182	
76.7891	50.6901	3.0747	2.7778	0.2269	
76.5153	50.6435	3.1006	2.7778	0.2356	
76.2432	50.5874	3.1275	2.7778	0.2443	
75.9734	50.5216	-3.1279	2.7778	0.2531	
75.7061	50.446	-3.0991	2.7778	0.2618	
75.4418	50.3605	-3.0694	2.7778	0.2705	
75.181	50.2649	-3.0388	2.7778	0.2793	
74.9241	50.1591	-3.0072	2.7778	0.288	
74.6718	50.043	-2.9748	2.7778	0.2967	
74.4244	49.9167	-2.9413	2.7778	0.3054	
74.1826	49.78	-2.907	2.7778	0.3142	
73.9468	49.633	-2.8718	2.7778	0.3229	
73.7178	49.4759	-2.8356	2.7778	0.3316	
73.4961	49.3085	-2.7985	2.7778	0.3403	
73.2822	49.1313	-2.7605	2.7778	0.3491	
73.0827	48.9527	-2.7238	2.6778	0.3491	
72.8971	48.7738	-2.6886	2.5778	0.3491	
72.7248	48.5957	-2.6547	2.4778	0.3491	
72.5654	48.4193	-2.6222	2.3778	0.3491	
72.4183	48.2454	-2.591	2.2778	0.3491	
72.2828	48.0749	-2.5612	2.1778	0.3491	
72.1585	47.9084	-2.5328	2.0778	0.3491	
72.0448	47.7466	-2.5057	1.9778	0.3491	
71.9409	47.5901	-2.48	1.8778	0.3491	
71.8465	47.4395	-2.4557	1.7778	0.3491	
71.7822	47.3291	-2.4378	1.2778	0.3578	
71.7449	47.2608	-2.4267	0.7778	0.3665	
71.732	47.2362	-2.4226	0.2778	0.3752	
71.732	47.2362	-2.4226	0.0	0.384	
71.732	47.2362	-2.4226	0.0	0.3927	
71.732	47.2362	-2.4226	0.0	0.4014	
71.732	47.2362	-2.4226	0.0	0.4102	
71.732	47.2362	-2.4226	0.0	0.4189	
71.732	47.2362	-2.4226	0.0	0.4276	
71.732	47.2362	-2.4226	0.0	0.4363	
71.7202	47.2087	-2.4174	0.3	0.4451	
71.6972	47.1532	-2.4069	0.6	0.4538	
71.6643	47.0694	-2.3908	0.9	0.4625	
71.6233	46.9567	-2.369	1.2	0.4712	
71.5764	46.8142	-2.3413	1.5	0.48	
71.5263	46.6413	-2.3075	1.8	0.4887	
71.4765	46.4373	-2.2675	2.1	0.4974	
71.4311	46.2016	-2.2209	2.4	0.5061	
71.3947	45.9341	-2.1677	2.7	0.5149	
71.3743	45.6571	-2.1122	2.7778	0.5236	
71.3723	45.4293	-2.0659	2.2778	0.5323	
71.3804	45.2517	-2.0293	1.7778	0.5411	
71.3921	45.1245	-2.0026	1.2778	0.5498	
71.4019	45.0473	-1.9861	0.7778	0.5585	
71.4061	45.0199	-1.9801	0.2778	0.5672	
71.4061	45.0199	-1.9801	0.0	0.576	
71.4061	45.0199	-1.9801	0.0	0.5847	
71.4061	45.0199	-1.9801	0.0	0.5934	
71.4061	45.0199	-1.9801	0.0	0.6021	
71.4061	45.0199	-1.9801	0.0	0.6109	
71.4061	45.0199	-1.9801	0.0	0.6109	
71.4061	45.0199	-1.9801	0.0	0.6109	
71.4061	45.0199	-1.9801	0.0	0.6109	
71.4061	45.0199	-1.9801	0.0	0.6109	
71.4061	45.0199	-1.9801	0.0	0.6109	
71.4061	45.0199	-1.9801	0.0	0.6109	
71.4061	45.0199	-1.9801	0.0	0.6109	
71.4061	45.0199	-1.9801	0.0	0.6109	
71.4061	45.0199	-1.9801	0.0	0.6109	
71.4061	45.0199	-1.9801	0.0	0.6109	
71.408	45.01	-1.9779	0.1	0.6021	
71.4117	44.9904	-1.9734	0.2	0.5934	
71.4172	44.9609	-1.9668	0.3	0.5847	
71.4243	44.9215	-1.9581	0.4	0.576	
71.4333	44.8723	-1.9473	0.5	0.5672	
71.4441	44.8133	-1.9346	0.6	0.5585	
71.4571	44.7445	-1.92	0.7	0.5498	
71.4723	44.666	-1.9035	0.8	0.5411	
71.4902	44.5778	-1.8852	0.9	0.5323	
71.511	44.48	-1.8652	1.0	0.5236	
71.5298	44.4022	-1.849	0.8	0.5323	
71.5454	44.3443	-1.8366	0.6	0.5411	
71.5566	44.3059	-1.8283	0.4	0.5498	
71.5625	44.2868	-1.824	0.2	0.5585	
71.5625	44.2868	-1.824	0.0	0.5672	
71.5625	44.2868	-1.824	0.0	0.576	
71.5625	44.2868	-1.824	0.0	0.5847	
71.5625	44.2868	-1.824	0.0	0.5934	
71.5625	44.2868	-1.824	0.0	0.6021	
71.5625	44.2868	-1.824	0.0	0.6109	
71.5625	44.2868	-1.824	0.0	0.6109	
71.5625	44.2868	-1.824	0.0	0.6109	
71.5625	44.2868	-1.824	0.0	0.6109	
71.5625	44.2868	-1.824	0.0	0.6109	
71.5625	44.2868	-1.824	0.0	0.6109	
71.5625	44.2868	-1.824	0.0	0.6109	
71.5625	44.2868	-1.824	0.0	0.6109	
71.5625	44.2868	-1.824	0.0	0.6109	
71.5625	44.2868	-1.824	0.0	0.6109	
71.5625	44.2868	-1.824	0.0	0.6109	
71.5625	44.2868	-1.824	0.0	0.6196	
71.5625	44.2868	-1.824	0.0	0.6283	
71.5625	44.2868	-1.824	0.0	0.637	
71.5625	44.2868	-1.824	0.0	0.6458	
71.5625	44.2868	-1.824	0.0	0.6545	
71.5625	44.2868	-1.824	0.0	0.6632	
71.5625	44.2868	-1.824	0.0	0.672	
71.5625	44.2868	-1.824	0.0	0.6807	
71.5625	44.2868	-1.824	0.0	0.6894	
71.5625	44.2868	-1.824	0.0	0.6981	
71.5797	44.2507	-1.8137	0.4	0.6981	
71.6149	44.1788	-1.7932	0.8	0.6981	
71.6699	44.0721	-1.7623	1.2	0.6981	
71.7475	43.9322	-1.7212	1.6	0.6981	
71.8517	43.7615	-1.6698	2.0	0.6981	
71.987	43.5633	-1.608	2.4	0.6981	
72.1575	43.344	-1.5366	2.7778	0.6981	
72.3432	43.1375	-1.4652	2.7778	0.6981	
72.5432	42.9447	-1.3938	2.7778	0.6981	
72.7565	42.7666	-1.3224	2.7778	0.6981	
72.9818	42.6043	-1.2509	2.7778	0.6981	
73.2183	42.4584	-1.1795	2.7778	0.6981	
73.4645	42.3298	-1.1081	2.7778	0.6981	
73.7192	42.2191	-1.0367	2.7778	0.6981	
73.9812	42.1268	-0.9653	2.7778	0.6981	
74.2492	42.0535	-0.8938	2.7778	0.6981	
74.5216	41.9995	-0.8224	2.7778	0.6981	
74.7973	41.9651	-0.751	2.7778	0.6981	
75.0747	41.9504	-0.6796	2.7778	0.6981	
75.3524	41.9556	-0.6082	2.7778	0.6981	
-1
