100
35	36	-1.5422326689561365	0.0	-0.05235987755982988	18	18	3.0828898488288363	0.0	0.0	
20	17	0.6381805342002389	0.0	0.017453292519943295	30	22	0.02731529600222382	2.2222222222222223	0.0	
25	20	-2.9147938055359073	0.0	-0.05235987755982988	12	17	-3.0020602681356237	2.7777777777777777	0.0	
4	14	0.7531512809621943	0.0	0.13962634015954636	35	13	0.316818967963612	0.8333333333333333	0.0	
16	13	-0.23448409179692575	0.0	0.12217304763960307	30	20	1.0745128471988217	0.0	0.0	
8	13	0.607067524473865	0.0	-0.06981317007977318	37	18	-0.352863564123016	1.6666666666666665	0.0	
27	37	-1.4869232887962087	0.0	0.06981317007977318	25	15	-1.6614562139956417	2.2222222222222223	0.0	
34	23	-2.7928216500058864	0.0	-0.12217304763960307	23	19	2.9667648815754006	0.0	0.0	
18	14	1.2763610684004778	0.0	-0.08726646259971647	30	30	1.7126933813990606	0.5555555555555556	0.0	
23	34	-1.4659193880646628	0.0	-0.10471975511965977	25	15	-1.116853537665797	2.5	0.0	
33	34	-3.0543261909900767	0.0	-0.05235987755982988	16	34	-2.617993877991495	2.7777777777777777	0.0	
28	28	1.959225083050173	0.0	0.05235987755982988	3	36	3.0936890968464867	0.5555555555555556	0.0	
34	35	-1.574720864222941	0.0	0.0	27	16	-1.574720864222941	2.7777777777777777	0.0	
31	26	2.786484893212764	0.0	0.017453292519943295	3	16	2.611951968013331	2.5	0.0	
33	18	2.164840840320627	0.0	-0.13962634015954636	30	30	1.2049097517237453	1.6666666666666665	0.0	
25	35	-1.7288289807883677	0.0	-0.017453292519943295	29	21	-0.8561643547912032	2.5	0.0	
17	32	0.0574241806325686	0.0	0.08726646259971647	34	30	-0.20437520716658053	1.6666666666666665	0.0	
26	16	1.6853780853968363	0.0	0.12217304763960307	33	37	0.8127134593996721	2.7777777777777777	0.0	
37	37	-1.4284258650140857	0.0	-0.06981317007977318	34	12	-1.3411594024143692	2.5	0.0	
25	13	2.5727088082945375	0.0	0.13962634015954636	10	15	-2.4887460224890186	2.7777777777777777	0.0	
4	14	0.9111072160183529	0.0	-0.17453292519943295	30	15	0.21297551522062097	2.7777777777777777	0.0	
8	34	-0.013478386865641845	0.0	-0.10471975511965977	37	23	0.4228539261329409	1.9444444444444444	0.0	
20	15	0.38818669696014174	0.0	-0.05235987755982988	30	34	1.1735848603575896	1.1111111111111112	0.0	
24	15	1.3918107402436881	0.0	-0.13962634015954636	30	37	1.3918107402436881	1.1111111111111112	0.0	
8	14	0.5690220550198757	0.0	0.05235987755982988	30	15	-0.2163761083775726	0.5555555555555556	0.0	
7	37	-1.0044860557936346	0.0	0.03490658503988659	30	25	-1.2662854435927842	1.9444444444444444	0.0	
36	27	-2.85128262590665	0.0	-0.03490658503988659	27	19	-1.7168186121103357	1.9444444444444444	0.0	
37	37	-2.503412119389554	0.0	-0.17453292519943295	29	13	-1.6307474933923896	1.1111111111111112	0.0	
27	12	3.0916342578678506	0.0	0.05235987755982988	7	13	2.917101332668418	2.7777777777777777	0.0	
16	33	-0.37192848504931364	0.0	-0.15707963267948966	30	12	-0.5464614102487468	0.2777777777777778	0.0	
33	21	-2.6686999325678973	0.0	0.10471975511965977	5	15	2.4800213608153747	2.7777777777777777	0.0	
7	15	0.19294289849810475	0.0	0.06981317007977318	36	13	-0.5051888022996271	0.0	0.0	
4	32	-0.1798534997924781	0.0	0.10471975511965977	37	26	0.1692123506063874	0.0	0.0	
24	14	1.582005642082457	0.0	0.05235987755982988	33	30	0.7093410160852929	0.8333333333333333	0.0	
37	28	-1.8628894745128215	0.0	0.08726646259971647	20	12	-2.38648825011112	2.5	0.0	
36	31	-1.7470904209158418	0.0	-0.13962634015954636	20	12	-1.6598239583161252	0.5555555555555556	0.0	
36	14	-2.883186690391672	0.0	-0.10471975511965977	25	15	2.876399841189615	1.3888888888888888	0.0	
10	15	0.9233706805735675	0.0	-0.13962634015954636	27	26	1.1851700683727167	2.2222222222222223	0.0	
21	18	0.14189705460416402	0.0	0.08726646259971647	30	30	1.538160456199627	1.6666666666666665	0.0	
14	12	0.02731529600222382	0.0	0.12217304763960307	30	20	0.5509140716005225	1.1111111111111112	0.0	
23	17	0.11532266952996428	0.0	0.15707963267948966	36	25	1.0752537581268458	1.1111111111111112	0.0	
19	34	2.438140378199016	0.0	0.05235987755982988	8	36	-2.536047989984823	1.3888888888888888	0.0	
27	20	-2.6810082866730425	0.0	0.06981317007977318	10	15	2.9040453197088123	2.2222222222222223	0.0	
35	13	2.5514257142156707	0.0	-0.03490658503988659	5	15	2.81322510201482	1.3888888888888888	0.0	
35	26	2.3247539634788463	0.0	0.10471975511965977	25	30	-2.9985002551038598	0.0	0.0	
30	15	-2.7476964151474066	0.0	-0.03490658503988659	7	18	2.8373571912344477	1.1111111111111112	0.0	
25	34	-2.0026529669654183	0.0	0.17453292519943295	20	15	-1.9153865043657017	1.9444444444444444	0.0	
29	17	3.1187300189393454	0.0	-0.10471975511965977	20	11	-1.9427248118442104	1.1111111111111112	0.0	
15	17	-0.02286263465044769	0.0	0.15707963267948966	25	15	-0.37192848504931364	1.1111111111111112	0.0	
5	16	0.12627167381364846	0.0	0.12217304763960307	27	13	-0.31006063918493343	1.3888888888888888	0.0	
31	36	-2.2460653929421808	0.0	0.0	11	32	-2.071532467742748	2.7777777777777777	0.0	
32	23	-2.673819813877712	0.0	0.13962634015954636	7	13	2.823967329904426	1.3888888888888888	0.0	
6	14	0.316818967963612	0.0	-0.05235987755982988	37	13	-0.3813127328341199	2.2222222222222223	0.0	
30	32	-2.429235055495464	0.0	0.017453292519943295	8	13	-3.040100293693479	1.1111111111111112	0.0	
37	34	-1.7599490540355434	0.0	-0.13962634015954636	24	16	-1.672682591435827	0.2777777777777778	0.0	
28	24	-2.5940720065902996	0.0	0.17453292519943295	5	15	3.078248062391271	0.0	0.0	
29	18	2.679005933512924	0.0	-0.13962634015954636	4	12	-2.556981822470064	2.7777777777777777	0.0	
25	35	-1.3794426769231785	0.0	0.06981317007977318	20	15	-2.252107302920343	1.1111111111111112	0.0	
33	16	2.6536929906708178	0.0	-0.17453292519943295	5	15	2.915492378469967	1.6666666666666665	0.0	
31	21	0.9659729985750438	0.0	-0.017453292519943295	36	35	1.6641046993727757	2.5	0.0	
15	14	0.6884268809260252	0.0	0.05235987755982988	37	24	0.9502262687251752	2.5	0.0	
29	17	1.4940244355251187	0.0	0.017453292519943295	30	30	1.581290898124835	2.2222222222222223	0.0	
30	19	-2.44465794884387	0.0	0.13962634015954636	15	15	2.965862732338552	2.5	0.0	
35	28	-1.350082419571569	0.0	0.08726646259971647	30	12	-2.397279970768167	0.2777777777777778	0.0	
22	37	-1.277556412282248	0.0	-0.06981317007977318	30	17	-1.277556412282248	2.5	0.0	
6	13	0.3449406196875908	0.0	0.08726646259971647	30	15	0.7812729326861731	2.5	0.0	
25	29	-0.2797304360165671	0.0	0.10471975511965977	36	21	-0.3669968986162835	2.2222222222222223	0.0	
10	14	0.014225897296597179	0.0	-0.06981317007977318	32	33	0.014225897296597179	1.9444444444444444	0.0	
34	34	-1.528360252238701	0.0	0.08726646259971647	37	11	-1.3538273270392682	2.7777777777777777	0.0	
11	16	0.01650027120596187	0.0	0.15707963267948966	25	20	0.8018984346034101	2.2222222222222223	0.0	
37	21	2.278135340175499	0.0	0.05235987755982988	20	35	2.1908688775757827	1.9444444444444444	0.0	
26	16	-2.8549456131868842	0.0	-0.03490658503988659	10	17	2.904640918394403	0.8333333333333333	0.0	
29	33	-2.6240357879696568	0.0	0.0	20	14	-1.8386376245722087	2.2222222222222223	0.0	
32	16	2.229244668269896	0.0	-0.12217304763960307	10	36	2.491044056069045	0.5555555555555556	0.0	
5	12	0.06527174119053791	0.0	-0.10471975511965977	36	29	0.7634034419882698	2.2222222222222223	0.0	
24	28	-0.4266274931268761	0.0	0.10471975511965977	35	23	-0.4266274931268761	0.5555555555555556	0.0	
18	33	0.38562625842217946	0.0	-0.03490658503988659	32	36	0.036560408023313506	1.6666666666666665	0.0	
16	34	-0.7146319720036938	0.0	-0.13962634015954636	37	28	-0.10376673380567825	2.5	0.0	
34	37	-2.5748068989974806	0.0	-0.17453292519943295	28	18	-2.0512081233991815	1.6666666666666665	0.0	
19	37	-1.7408765906425536	0.0	0.10471975511965977	25	15	-2.002675978441703	0.5555555555555556	0.0	
4	35	-0.463942455815765	0.0	-0.08726646259971647	30	32	-0.463942455815765	0.0	0.0	
28	27	-0.959931088596881	0.0	-0.03490658503988659	28	16	-2.181661564992912	1.3888888888888888	0.0	
10	14	-0.6947382761967029	0.0	0.05235987755982988	32	16	-0.5202053509972702	2.2222222222222223	0.0	
16	17	0.49096290500302997	0.0	0.10471975511965977	28	33	1.538160456199627	1.9444444444444444	0.0	
34	24	2.46632358744251	0.0	-0.05235987755982988	25	30	2.8153894378413753	2.7777777777777777	0.0	
4	15	0.8148832177905638	0.0	-0.05235987755982988	33	21	0.6403502925911311	0.8333333333333333	0.0	
4	13	-0.2321419811204315	0.0	-0.12217304763960307	24	19	0.8150555700761659	0.5555555555555556	0.0	
27	17	0.7951713993422693	0.0	-0.08726646259971647	33	34	1.929635413138584	1.1111111111111112	0.0	
7	17	-0.7034522753907773	0.0	-0.08726646259971647	29	13	-0.4416528875916277	1.1111111111111112	0.0	
15	14	0.4539427891290999	0.0	0.05235987755982988	34	16	0.017610476130517583	2.5	0.0	
29	31	-1.218337051795002	0.0	0.06981317007977318	30	20	-1.6546693647935844	1.6666666666666665	0.0	
4	33	-0.43012199443970944	0.0	0.13962634015954636	36	36	-0.6046549196391422	0.8333333333333333	0.0	
31	29	-2.848025308436644	0.0	0.03490658503988659	12	12	-2.6734923832372113	1.1111111111111112	0.0	
4	33	-0.22847839192090236	0.0	0.017453292519943295	34	34	0.03332099587824722	0.5555555555555556	0.0	
21	16	0.7688978921914864	0.0	0.12217304763960307	25	30	1.9033619059878006	1.1111111111111112	0.0	
37	29	-2.369883070297683	0.0	-0.12217304763960307	12	12	-2.8934818458959817	0.8333333333333333	0.0	
31	29	-1.9701085239195488	0.0	0.15707963267948966	18	15	-2.4937072995178475	2.5	0.0	
25	17	-2.9216364489687834	0.0	0.05235987755982988	3	16	-2.9216364489687834	0.8333333333333333	0.0	
30	19	2.0641013424744203	0.0	-0.06981317007977318	14	36	3.0240324310713014	1.9444444444444444	0.0	
33	36	-2.191045812777718	0.0	0.0	23	22	-1.5801805745797026	1.3888888888888888	0.0	
