100
14	36	-2.031976292397238	0.0	0.12217304763960307	15	20	-1.1593116664000733	0.0	0.0	
27	17	2.029991274443927	0.0	-0.017453292519943295	15	25	2.9026559004410917	0.8333333333333333	0.0	
14	32	-0.7853981633974483	0.0	-0.13962634015954636	33	13	-0.43633231299858233	1.9444444444444444	0.0	
32	13	-2.9704531529913885	0.0	-0.06981317007977318	10	15	-2.883186690391672	0.8333333333333333	0.0	
27	16	2.9071085617928674	0.0	0.017453292519943295	15	20	2.819842099193151	1.3888888888888888	0.0	
27	37	-1.2781344750054129	0.0	-0.10471975511965977	32	13	-0.8418021620068306	2.2222222222222223	0.0	
14	27	-1.1902899496825317	0.0	-0.017453292519943295	35	18	0.11870698931321533	1.1111111111111112	0.0	
26	31	-2.319494946405315	0.0	-0.15707963267948966	17	14	-1.2722973952087173	0.8333333333333333	0.0	
28	13	2.775706078518642	0.0	0.17453292519943295	13	22	1.8157749899217608	2.5	0.0	
22	15	1.2436140732001988	0.0	0.13962634015954636	24	28	1.8544793113982134	2.5	0.0	
34	36	-3.1089567829945244	0.0	0.10471975511965977	10	18	-2.6726244699959416	0.2777777777777778	0.0	
30	18	2.6074993066615555	0.0	0.03490658503988659	9	36	2.4329663814621227	2.5	0.0	
24	19	2.8153894378413753	0.0	0.10471975511965977	15	25	2.46632358744251	2.2222222222222223	0.0	
17	28	-1.6930633291398767	0.0	0.017453292519943295	20	15	-0.7331322405429956	2.7777777777777777	0.0	
28	13	-2.701135109879935	0.0	-0.05235987755982988	4	15	-2.7884015724796516	1.3888888888888888	0.0	
31	18	-3.0711469156623616	0.0	-0.10471975511965977	11	13	3.037505466317791	0.2777777777777778	0.0	
22	25	-3.0577196155911057	0.0	-0.03490658503988659	10	15	-1.9232556017947915	2.7777777777777777	0.0	
33	36	-2.91811605244916	0.0	0.017453292519943295	11	31	3.103269866931276	1.6666666666666665	0.0	
28	30	-2.4089918517925533	0.0	0.15707963267948966	14	15	-3.107123552590285	2.7777777777777777	0.0	
32	14	2.9300396125164303	0.0	-0.05235987755982988	5	15	2.7555066873169967	2.7777777777777777	0.0	
21	29	-2.5078647807413303	0.0	0.08726646259971647	11	27	2.989922363040808	1.9444444444444444	0.0	
23	18	1.5539756021226117	0.0	-0.05235987755982988	20	30	1.9903079151211935	0.8333333333333333	0.0	
22	28	0.91838989529806	0.0	-0.17453292519943295	34	33	-0.30334058109797013	2.2222222222222223	0.0	
27	35	3.020684741645506	0.0	-0.05235987755982988	12	27	-2.3898359395369155	2.7777777777777777	0.0	
9	34	-0.5182782010052538	0.0	0.0	13	12	-1.7400086774012844	1.1111111111111112	0.0	
17	19	1.3962634015954638	0.0	0.03490658503988659	31	33	0.5235987755982991	1.9444444444444444	0.0	
12	16	0.2376378906068508	0.0	0.0	26	35	0.76123666620515	1.9444444444444444	0.0	
21	21	-0.9872463845991049	0.0	-0.10471975511965977	35	14	0.14721762919720938	2.7777777777777777	0.0	
20	37	-1.7418189821771757	0.0	-0.17453292519943295	11	12	-2.352684220375191	2.5	0.0	
29	36	-1.8532940134179388	0.0	0.06981317007977318	15	20	-1.4169617004193564	2.2222222222222223	0.0	
22	19	2.7483907825164184	0.0	0.08726646259971647	15	30	1.5266603061203874	1.1111111111111112	0.0	
24	14	-3.1069092526010182	0.0	0.06981317007977318	5	15	-2.4087775518032863	0.2777777777777778	0.0	
14	37	0.020698298823892625	0.0	-0.06981317007977318	35	13	-0.3283675515749733	1.9444444444444444	0.0	
5	33	-0.37192848504931364	0.0	-0.06981317007977318	20	30	-0.19739555984988089	0.8333333333333333	0.0	
14	22	-1.0949362554319255	0.0	0.03490658503988659	28	13	-0.1350051668350445	0.2777777777777778	0.0	
9	12	0.3355874635332241	0.0	0.0	29	21	0.3355874635332241	0.0	0.0	
29	31	-2.7086537651922398	0.0	0.03490658503988659	5	11	-1.9232556017947915	0.5555555555555556	0.0	
22	29	-2.801674265730198	0.0	-0.12217304763960307	4	34	2.957912265851089	2.5	0.0	
14	29	-0.3697641492227586	0.0	0.08726646259971647	30	15	-0.020698298823892625	0.5555555555555556	0.0	
26	22	2.443460952792061	0.0	0.08726646259971647	11	37	-3.0543261909900767	0.5555555555555556	0.0	
6	15	0.559297888277623	0.0	0.03490658503988659	34	16	0.29749850047847337	1.1111111111111112	0.0	
10	33	-0.36667773927001424	0.0	0.08726646259971647	33	13	-0.36667773927001424	2.2222222222222223	0.0	
14	37	-1.0801608524323676	0.0	0.13962634015954636	33	33	0.22883608656337984	0.2777777777777778	0.0	
13	23	-0.833136867632776	0.0	0.12217304763960307	27	14	0.03952775836438871	2.7777777777777777	0.0	
21	35	-2.946304163719922	0.0	0.10471975511965977	10	15	-2.4227053881216234	0.2777777777777778	0.0	
20	34	-2.1850549895939406	0.0	-0.13962634015954636	18	12	-2.0105220643945074	1.6666666666666665	0.0	
7	37	-0.2295525053638956	0.0	-0.13962634015954636	23	22	-1.5385494443596426	1.9444444444444444	0.0	
7	34	-0.9554784272451053	0.0	0.13962634015954636	28	22	-0.6936790394459558	2.7777777777777777	0.0	
21	36	-2.2962433235948523	0.0	-0.06981317007977318	15	24	-1.9471774731959863	0.0	0.0	
22	15	1.4378045948942848	0.0	0.17453292519943295	15	32	2.659535071290316	2.2222222222222223	0.0	
35	14	1.9322643670852084	0.0	0.06981317007977318	13	32	1.9322643670852084	1.6666666666666665	0.0	
26	20	2.117785860967375	0.0	0.08726646259971647	11	32	2.6413846365656735	0.5555555555555556	0.0	
34	14	-2.2848870254070546	0.0	-0.06981317007977318	6	12	-2.89575226360507	1.6666666666666665	0.0	
21	14	1.3224753258613884	0.0	-0.08726646259971647	30	34	0.6243436250636569	2.5	0.0	
17	16	1.652020879416451	0.0	-0.12217304763960307	26	35	1.0411556412184355	1.9444444444444444	0.0	
34	15	1.9681234285795473	0.0	0.0	9	34	2.2299228163786964	1.6666666666666665	0.0	
28	35	-2.2838411337034064	0.0	0.08726646259971647	20	14	-1.6729758955053913	1.9444444444444444	0.0	
18	17	1.5500980279710035	0.0	-0.13962634015954636	25	25	0.24110108897525695	1.6666666666666665	0.0	
28	31	-3.085766717703576	0.0	0.0	13	37	2.23748750087913	0.2777777777777778	0.0	
18	29	-1.4086655914869093	0.0	0.17453292519943295	27	18	-0.36146804029031143	0.0	0.0	
28	37	-1.7419358273933008	0.0	0.03490658503988659	30	15	-0.8692712013961361	0.5555555555555556	0.0	
24	24	-2.6179938779914944	0.0	0.17453292519943295	14	14	-2.181661564992912	2.5	0.0	
8	33	-0.7266953586364919	0.0	-0.15707963267948966	25	15	-1.1630276716350743	2.2222222222222223	0.0	
19	36	-1.786342321369419	0.0	0.15707963267948966	26	14	-2.135408171768285	1.3888888888888888	0.0	
13	13	0.5693240448991945	0.0	0.12217304763960307	20	30	1.9655874464946583	1.6666666666666665	0.0	
19	16	2.0778948311872334	0.0	-0.17453292519943295	25	37	2.0778948311872334	0.8333333333333333	0.0	
35	17	-2.4508974296795403	0.0	-0.017453292519943295	10	15	-2.4508974296795403	1.3888888888888888	0.0	
21	22	-2.1861142263446878	0.0	-0.017453292519943295	18	11	-1.662515450746389	2.7777777777777777	0.0	
7	16	0.3059354084736583	0.0	-0.017453292519943295	25	20	0.3059354084736583	2.7777777777777777	0.0	
10	32	-0.0624188099959575	0.0	-0.17453292519943295	25	15	-1.1968828237922715	1.9444444444444444	0.0	
15	36	-1.465917975324032	0.0	0.05235987755982988	35	13	-0.06965457372856809	2.5	0.0	
15	27	0.9023220326758823	0.0	0.05235987755982988	25	30	-0.3194084437201483	0.5555555555555556	0.0	
14	34	-0.735151816671662	0.0	0.12217304763960307	27	20	-0.8224182792713783	2.7777777777777777	0.0	
5	13	0.7284254607165068	0.0	-0.06981317007977318	21	30	1.3392906989145228	1.3888888888888888	0.0	
22	14	1.161779309798538	0.0	0.12217304763960307	12	34	1.3363122349979708	1.9444444444444444	0.0	
21	17	2.8673910758991985	0.0	-0.05235987755982988	11	18	2.8673910758991985	0.2777777777777778	0.0	
22	14	1.459607992793985	0.0	-0.03490658503988659	15	30	2.245006156191433	1.3888888888888888	0.0	
26	24	3.1250923823838317	0.0	-0.017453292519943295	8	14	-2.1108953735991576	0.8333333333333333	0.0	
37	14	2.7052603405912112	0.0	0.15707963267948966	14	37	2.181661564992912	0.8333333333333333	0.0	
4	15	0.0	0.0	0.15707963267948966	27	15	-0.5235987755982987	2.2222222222222223	0.0	
31	16	2.7105809151842557	0.0	0.15707963267948966	20	14	-2.263607452999583	1.1111111111111112	0.0	
10	14	1.051650212548374	0.0	-0.10471975511965977	18	28	0.8771172873489412	0.8333333333333333	0.0	
13	14	-0.7435549802193089	0.0	0.13962634015954636	35	13	-0.5690220550198757	0.2777777777777778	0.0	
9	35	-0.6549447218037181	0.0	0.13962634015954636	28	29	-1.004010572202584	0.2777777777777778	0.0	
22	35	-1.4219063791853994	0.0	0.10471975511965977	25	15	-2.1200380799831313	2.2222222222222223	0.0	
37	37	-2.140018985894324	0.0	-0.10471975511965977	14	12	-2.750884224092339	0.8333333333333333	0.0	
19	18	0.9640563193081562	0.0	-0.05235987755982988	20	30	2.2730532583039036	0.0	0.0	
15	14	0.3140653106536022	0.0	0.17453292519943295	25	30	1.4485293244499164	0.0	0.0	
30	32	-3.066728380881522	0.0	0.03490658503988659	20	33	-2.804928993082372	0.0	0.0	
37	12	3.024922902786072	0.0	-0.03490658503988659	3	13	-2.6473971661955	0.8333333333333333	0.0	
32	33	3.109430190171171	0.0	0.08726646259971647	7	36	-2.650156341410116	2.7777777777777777	0.0	
16	15	-2.7925268031909276	0.0	-0.06981317007977318	5	15	2.7925268031909276	1.6666666666666665	0.0	
16	17	1.3803044037810377	0.0	0.017453292519943295	15	31	2.0784361045787696	0.5555555555555556	0.0	
3	37	0.6350267353903138	0.0	-0.08726646259971647	36	32	-0.412170815806284	1.1111111111111112	0.0	
11	14	0.839023176652594	0.0	-0.06981317007977318	18	37	1.7989542652494759	0.0	0.0	
33	15	2.323558619597076	0.0	0.10471975511965977	5	36	2.759890932595658	1.1111111111111112	0.0	
16	30	0.07788221481491053	0.0	-0.10471975511965977	28	32	0.07788221481491053	2.2222222222222223	0.0	
27	18	2.715754911921149	0.0	-0.17453292519943295	14	19	-2.8692986944607046	0.5555555555555556	0.0	
17	20	1.9427248118442106	0.0	0.03490658503988659	15	30	1.3318595736461951	1.3888888888888888	0.0	
25	36	-2.995570368274354	0.0	0.0	17	27	-1.6865734292786068	1.1111111111111112	0.0	
