388956 221207 0 0 11.0028 0
388956 221207 0.00390457 1.10028 9.7564 0.100613
388956 221207 0.0218964 2 9.41738 0.250539
388956 221207 0.0496272 2 6.69073 0.375706
388956 221207 0.0841548 2 4.3088 0.456519
388956 221207 0.121031 2 3.83154 0.483076
388957 221207 0.154636 2 3.39569 0.445893
388957 221207 0.182119 2 2.82449 0.372653
388957 221207 0.20451 2 1.47015 0.308332
388957 221207 0.2237 2 2.20995 0.266461
388957 221207 0.24024 2 2.82528 0.231074
388958 221208 0.256092 2 4.41982 0.221758
388958 221208 0.273332 2 5.34491 0.240486
388958 221208 0.289732 2 4.32439 0.229177
388958 221208 0.306129 2 3.2924 0.229129
388958 221208 0.316583 2 4.37508 0.147613
388959 221208 0.317244 2 3.99985 0.00940856
388959 221208 0.31611 2 4.03463 -0.016132
388959 221208 0.322344 2 3.55952 0.0884361
388959 221208 0.335464 2 1.02553 0.184501
388959 221208 0.347081 2 2.35362 0.163765
388960 221208 0.348919 2 2.64159 0.0261331
388960 221208 0.342208 2 3.39783 -0.0951712
388960 221208 0.331965 2 4.24494 -0.14468
388960 221208 0.329069 2 3.34453 -0.0411632
388960 221208 0.332572 2 3.39091 0.0497766
388960 221208 0.330532 2 2.58055 -0.0290095
388961 221209 0.309771 2 2.47197 -0.287138
388961 221209 0.279499 2 2.98932 -0.406593
388961 221209 0.258542 2 3.55303 -0.289701
388961 221209 0.260171 2 0.705606 0.0231632
388961 221209 0.259123 2 2.05671 -0.0149069
388962 221209 0.235514 2 6.52824 -0.323982
388962 221209 0.208772 2 7.8985 -0.36348
388962 221209 0.208169 2 3.30129 -0.00856893
388962 221209 0.23552 2 4.01251 0.371016
388962 221209 0.260843 2 2.53372 0.34573
388963 221209 0.255705 2 4.10855 -0.0729504
388963 221209 0.229646 2 5.32744 -0.354967
388963 221209 0.213605 2 5.45744 -0.224323
388963 221209 0.235362 2 2.50713 0.300114
388963 221209 0.269449 2 5.11107 0.451463
388964 221209 0.279322 2 1.58029 0.139514
388964 221209 0.24194 2 7.78202 -0.488692
388964 221209 0.204559 2 8.64648 -0.488692
388964 221209 0.186859 2 10.1106 -0.246649
388964 221209 0.208839 2 9.59518 0.303015
388965 221209 0.241758 2 8.96867 0.437923
388965 221210 0.251621 2 5.31309 0.13938
388965 221210 0.217126 2 10.161 -0.456143
388965 221210 0.179745 2 11.5746 -0.488692
388965 221210 0.169948 2 13.3505 -0.138462
388966 221210 0.197538 2 10.5868 0.373979
388966 221210 0.232331 2 9.80137 0.459553
388966 221210 0.240618 2 11.6643 0.117334
388966 221210 0.206284 2 12.4236 -0.454302
388966 221210 0.168903 2 12.1616 -0.488692
388966 221210 0.161629 2 14.4558 -0.103089
388967 221210 0.184518 2 10.8103 0.314746
388967 221210 0.207002 2 9.86692 0.30954
388967 221210 0.199999 2 13.7017 -0.0992863
388967 221210 0.172358 2 12.6912 -0.374599
388967 221210 0.153572 2 14.8849 -0.26112
388968 221210 0.165637 2 11.2809 0.169954
388968 221210 0.181892 2 12.0944 0.227225
388968 221210 0.169945 2 16.2086 -0.168328
388968 221210 0.132564 2 14.6239 -0.488692
388968 221210 0.0956758 2 5.8547 -0.483208
388969 221210 0.0752826 2 9.49102 -0.282324
388969 221210 0.062411 2 -2.2701 -0.18108
388969 221210 0.0468528 1.77299 0.691468 -0.244634
388969 221210 0.0124222 1.84214 -3.44499 -0.488692
388969 221210 -0.0155695 1.49764 -2.99137 -0.488692
388969 221210 -0.0379701 1.1985 1.5576 -0.488692
388970 221210 -0.0632821 1.35426 0.879704 -0.488692
388970 221210 -0.0902382 1.44223 -0.816799 -0.488692
388970 221210 -0.115668 1.36055 -1.54302 -0.488692
388970 221210 -0.138213 1.20625 -0.578974 -0.488692
388970 221210 -0.159677 1.14835 0.0224591 -0.488692
388970 221210 -0.138171 1.1506 8.41489 0.488692
388970 221210 -0.175404 1.99209 -3.32562 -0.488692
388971 221210 -0.144387 1.65953 5.76169 0.488692
388971 221210 -0.107006 2 -3.04212 0.488692
388971 221210 -0.0753106 1.69579 -1.96409 0.488692
388971 221210 -0.0472863 1.49938 -7.26714 0.488692
388971 221210 -0.0328448 0.772665 2.40738 0.488692
388971 221210 -0.0139037 1.0134 3.02065 0.488692
388971 221210 0.00654324 1.31547 -5.19924 0.416332
388972 221210 0.00550754 0.795544 -12.0302 -0.0370187
388971 221210 0.0131235 -0.407474 -11.2496 -0.488692
388971 221210 0.0417656 -1.53244 -5.37146 -0.488692
388971 221210 0.0791468 -2 -2.16039 -0.488692
388971 221210 0.116528 -2 -0.334102 -0.488692
388971 221210 0.153909 -2 0.207352 -0.488692
388971 221210 0.190903 -1.97926 -2.32624 -0.488692
388970 221210 0.228284 -2 -4.44913 -0.488692
388970 221210 0.265665 -2 -6.70023 -0.488692
388970 221210 0.303046 -2 -6.47797 -0.488692
388970 221210 0.340427 -2 -6.89034 -0.488692
388970 221210 0.373059 -2 -6.46624 -0.434564
388969 221210 0.397017 -2 -7.56398 -0.328436
388969 221209 0.421371 -2 -9.58847 -0.333468
388969 221209 0.455182 -2 -10.4051 -0.448272
388969 221209 0.492563 -2 -11.2063 -0.488692
388969 221209 0.529944 -2 -12.1571 -0.488692
388969 221209 0.567325 -2 -14.9473 -0.488692
388968 221209 0.604706 -2 -15.6086 -0.488692
388968 221209 0.642087 -2 -17.385 -0.488692
388968 221209 0.679468 -2 -18.3083 -0.488692
388968 221209 0.71685 -2 -16.3741 -0.488692
388968 221208 0.754231 -2 -15.5831 -0.488692
388968 221208 0.791612 -2 -12.2472 -0.488692
388967 221208 0.828993 -2 -14.0598 -0.488692
388967 221208 0.866374 -2 -13.8861 -0.488692
388967 221208 0.903755 -2 -15.3775 -0.488692
388967 221208 0.941136 -2 -13.251 -0.488692
388967 221208 0.978518 -2 -10.218 -0.488692
388967 221207 1.0159 -2 -11.0489 -0.488692
388967 221207 1.04071 -2 -12.6089 -0.33923
388967 221207 1.05259 -2 -14.1874 -0.167374
388967 221207 1.05621 -2 -13.9621 -0.0515488
388966 221207 1.05053 -2 -13.8253 0.0806326
388966 221207 1.03887 -2 -13.9474 0.164349
388966 221206 1.02677 -2 -13.2464 0.170409
388966 221206 1.02174 -2 -10.8579 0.0714585
388966 221206 1.03061 -2 -10.6107 -0.12545
388966 221206 1.06186 -2 -13.2142 -0.418335
388966 221206 1.09924 -2 -11.537 -0.488692
388966 221205 1.12797 -2 -8.59383 -0.387848
388966 221205 1.1346 -2 -2.22513 -0.0940916
388966 221205 1.1245 -2 1.01049 0.142657
388966 221205 1.10437 -1.89895 -1.49871 0.292957
388965 221205 1.08666 -2 -3.81814 0.246736
388965 221205 1.08701 -2 -4.66168 -0.00490273
388965 221204 1.12439 -2 -8.48458 -0.488692
388965 221204 1.16177 -2 -9.32893 -0.488692
388965 221204 1.19915 -2 -16.2431 -0.488692
388965 221204 1.23653 -2 -14.9271 -0.488692
388965 221204 1.25727 -2 -9.44787 -0.286911
388965 221203 1.23784 -2 -7.24136 0.269633
388965 221203 1.22472 -2 -2.29045 0.184555
388965 221203 1.26072 -2 -3.93943 -0.473204
388965 221203 1.2981 -2 -4.44332 -0.488692
388965 221203 1.33548 -2 -1.01818 -0.488692
388965 221203 1.37286 -2 -5.30464 -0.488692
388965 221202 1.41024 -2 -8.40306 -0.488692
388965 221202 1.44762 -2 -6.93685 -0.488692
388965 221202 1.485 -2 -3.48725 -0.488692
388965 221202 1.52238 -2 -2.95496 -0.488692
388965 221202 1.55107 -2 -6.92456 -0.387436
388965 221201 1.55474 -2 -5.00194 -0.0521463
388965 221201 1.55038 -2 4.65621 0.0619102
388965 221201 1.56293 -1.53438 -8.35324 -0.228606
388965 221201 1.58573 -2 -4.92697 -0.31359
388965 221201 1.59322 -2 -4.9488 -0.106174
388965 221200 1.58944 -2 -2.57169 0.0537625
